# This file was generated by Animated Java via MC-Build. It is not recommended to edit this file directly.
execute unless entity @s[type=item_display,tag=aj.dragonmounts.root] run return run function animated_java:global/errors/function_not_executed_as_root_entity {'export_namespace': 'dragonmounts', 'function_path': 'animated_java:dragonmounts/apply_default_pose'}
execute on passengers if entity @s[tag=aj.dragonmounts.bone.leftwing20] run data merge entity @s {transformation: [-0.4349216424595453f,-2.0918575610102037f,-2.046145454379001f,1.2430726221223733f,-0.4349216424595455f,2.091857561010203f,-2.046145454379001f,0.30557262212237335f,2.8936866521708424f,-2.5617866663633353e-16f,-0.6150720853358711f,2.457925784970679f,0f,0f,0f,1f], start_interpolation: 0}
execute on passengers if entity @s[tag=aj.dragonmounts.bone.leftwing21] run data merge entity @s {transformation: [-0.254919627233443f,-2.09174530780869f,-2.0761537554793086f,1.2430726221223733f,-0.25491962723344325f,2.0917453078086896f,-2.0761537554793086f,0.30557262212237335f,2.936124798570672f,-2.5616491958394076e-16f,-0.36051079414862885f,2.457925784970679f,0f,0f,0f,1f], start_interpolation: 0}
execute on passengers if entity @s[tag=aj.dragonmounts.bone.leftwing22] run data merge entity @s {transformation: [-0.07314181938429966f,-2.0957843606683926f,-2.094507665462072f,1.2430726221223733f,-0.07314181938429991f,2.095784360668392f,-2.094507665462072f,0.30557262212237335f,2.9620811469908714f,-2.5665956089956293e-16f,-0.10343815294991993f,2.457925784970679f,0f,0f,0f,1f], start_interpolation: 0}
execute on passengers if entity @s[tag=aj.dragonmounts.bone.leftwing23] run data merge entity @s {transformation: [0.10793740288119813f,-2.062394778460764f,-2.059568338094535f,1.2430726221223733f,0.1079374028811979f,2.0623947784607632f,-2.0595683380945347f,0.30557262212237335f,2.9126694763675074f,-2.5257051640201896e-16f,0.15264653904191922f,2.457925784970679f,0f,0f,0f,1f], start_interpolation: 0}
execute on passengers if entity @s[tag=aj.dragonmounts.bone.leftwing1] run data merge entity @s {transformation: [-0.2698446690842952f,-1.4142135623730954f,1.3882304760257889f,0.8383056184959305f,-0.26984466908429505f,1.414213562373095f,1.3882304760257889f,-0.09919438150406923f,-1.9632543668953284f,-1.731912112470987e-16f,-0.38161799075309016f,-0.4869557653723138f,0f,0f,0f,1f], start_interpolation: 0}
execute on passengers if entity @s[tag=aj.dragonmounts.bone.leftwing] run data merge entity @s {transformation: [-0.10053707899728713f,-0.8249579113843056f,-0.8188088002105555f,0.6874999999999999f,-0.10053707899728717f,0.8249579113843054f,-0.8188088002105552f,-0.25f,1.1579705102482094f,-1.0102820656080759e-16f,-0.14218090063933864f,1.25f,0f,0f,0f,1f], start_interpolation: 0}
execute on passengers if entity @s[tag=aj.dragonmounts.bone.rightwing20] run data merge entity @s {transformation: [-0.4349216424595446f,2.0918575610102037f,2.0461454543790016f,-1.2430726221223738f,0.4349216424595455f,2.091857561010203f,-2.046145454379001f,0.30557262212237335f,-2.893686652170843f,2.5617866663633353e-16f,-0.6150720853358707f,2.457925784970679f,0f,0f,0f,1f], start_interpolation: 0}
execute on passengers if entity @s[tag=aj.dragonmounts.bone.rightwing21] run data merge entity @s {transformation: [-0.25493330745740594f,2.0918575610102037f,2.0762651719624805f,-1.2430726221223738f,0.25493330745740683f,2.091857561010203f,-2.07626517196248f,0.30557262212237335f,-2.936282365272246f,2.5617866663633353e-16f,-0.360530140906894f,2.457925784970679f,0f,0f,0f,1f], start_interpolation: 0}
execute on passengers if entity @s[tag=aj.dragonmounts.bone.rightwing22] run data merge entity @s {transformation: [-0.07300477605257658f,2.0918575610102037f,2.0905832579041363f,-1.2430726221223738f,0.07300477605257756f,2.091857561010203f,-2.090583257904136f,0.30557262212237335f,-2.956531196598159f,2.5617866663633353e-16f,-0.10324434441156498f,2.457925784970679f,0f,0f,0f,1f], start_interpolation: 0}
execute on passengers if entity @s[tag=aj.dragonmounts.bone.rightwing23] run data merge entity @s {transformation: [0.10793740288119887f,2.062394778460764f,2.059568338094535f,-1.2430726221223738f,-0.1079374028811979f,2.0623947784607632f,-2.0595683380945347f,0.30557262212237335f,-2.9126694763675074f,2.5257051640201896e-16f,0.15264653904191963f,2.457925784970679f,0f,0f,0f,1f], start_interpolation: 0}
execute on passengers if entity @s[tag=aj.dragonmounts.bone.rightwing1] run data merge entity @s {transformation: [-0.2698446690842957f,1.4142135623730954f,-1.3882304760257889f,-0.8383056184959303f,0.26984466908429505f,1.414213562373095f,1.3882304760257889f,-0.09919438150406923f,1.9632543668953284f,1.731912112470987e-16f,-0.38161799075309044f,-0.4869557653723138f,0f,0f,0f,1f], start_interpolation: 0}
execute on passengers if entity @s[tag=aj.dragonmounts.bone.rightwing] run data merge entity @s {transformation: [-0.10053707899728684f,0.8249579113843056f,0.8188088002105555f,-0.6875000000000001f,0.10053707899728717f,0.8249579113843054f,-0.8188088002105552f,-0.25f,-1.1579705102482094f,1.0102820656080759e-16f,-0.14218090063933844f,1.25f,0f,0f,0f,1f], start_interpolation: 0}
execute on passengers if entity @s[tag=aj.dragonmounts.bone.head] run data merge entity @s {transformation: [-1.375f,0f,1.6838893488276108e-16f,-6.276314845630185e-16f,0f,1.375f,0f,-1f,-1.6838893488276108e-16f,0f,-1.375f,5.125f,0f,0f,0f,1f], start_interpolation: 0}
execute on passengers if entity @s[tag=aj.dragonmounts.bone.neck4] run data merge entity @s {transformation: [-1f,0f,1.2246467991473532e-16f,-5.893612720896637e-16f,0f,1f,0f,-0.96875f,-1.2246467991473532e-16f,0f,-1f,4.8125f,0f,0f,0f,1f], start_interpolation: 0}
execute on passengers if entity @s[tag=aj.dragonmounts.bone.neck3] run data merge entity @s {transformation: [-1f,0f,1.2246467991473532e-16f,-5.128208471429541e-16f,0f,1f,0f,-0.96875f,-1.2246467991473532e-16f,0f,-1f,4.1875f,0f,0f,0f,1f], start_interpolation: 0}
execute on passengers if entity @s[tag=aj.dragonmounts.bone.neck2] run data merge entity @s {transformation: [-1f,0f,1.2246467991473532e-16f,-4.3628042219624456e-16f,0f,1f,0f,-0.96875f,-1.2246467991473532e-16f,0f,-1f,3.5625f,0f,0f,0f,1f], start_interpolation: 0}
execute on passengers if entity @s[tag=aj.dragonmounts.bone.neck1] run data merge entity @s {transformation: [-1f,0f,1.2246467991473532e-16f,-3.59739997249535e-16f,0f,1f,0f,-0.96875f,-1.2246467991473532e-16f,0f,-1f,2.9375f,0f,0f,0f,1f], start_interpolation: 0}
execute on passengers if entity @s[tag=aj.dragonmounts.bone.neck0] run data merge entity @s {transformation: [-1f,0f,1.2246467991473532e-16f,-2.831995723028254e-16f,0f,1f,0f,-1.03125f,-1.2246467991473532e-16f,0f,-1f,2.3125f,0f,0f,0f,1f], start_interpolation: 0}
execute on passengers if entity @s[tag=aj.dragonmounts.bone.frontlegl] run data merge entity @s {transformation: [-0.9659258262890683f,-0.18301270189221935f,0.1830127018922194f,0.43749991855461307f,0f,0.7071067811865476f,0.7071067811865474f,-0.812499872708197f,-0.25881904510252085f,0.6830127018922192f,-0.6830127018922194f,1.4374998636284433f,0f,0f,0f,1f], start_interpolation: 0}
execute on passengers if entity @s[tag=aj.dragonmounts.bone.frontlegtipleft] run data merge entity @s {transformation: [-0.9659258262890683f,0.16636567534280197f,0.1982668912741462f,0.9258546018259133f,0f,0.7660444431189779f,-0.6427876096865393f,-1.4608684444880895f,-0.25881904510252085f,-0.6208851530148456f,-0.739942111693848f,0.5808611998348124f,0f,0f,0f,1f], start_interpolation: 0}
execute on passengers if entity @s[tag=aj.dragonmounts.bone.frontfootleftd] run data merge entity @s {transformation: [-0.9659258262890683f,4.163336342344337e-17f,0.25881904510252063f,0.6105501468856939f,1.1099069304367538e-16f,0.9999999999999999f,1.1102230246251565e-16f,-2.936557888436618f,-0.2588190451025207f,2.7755575615628914e-16f,-0.9659258262890682f,1.71671546455597f,0f,0f,0f,1f], start_interpolation: 0}
execute on passengers if entity @s[tag=aj.dragonmounts.bone.frontfootleft] run data merge entity @s {transformation: [0.9659258262890683f,0.1484525055496845f,0.21201214989665457f,0.705225149104139f,-1.0673500138322961e-17f,-0.8191520442889916f,0.573576436351046f,-2.6272838780894365f,0.25881904510252074f,-0.5540322932223235f,-0.7912401152362237f,1.4042615270385896f,0f,0f,0f,1f], start_interpolation: 0}
execute on passengers if entity @s[tag=aj.dragonmounts.bone.frontlegr] run data merge entity @s {transformation: [-0.9659258262890683f,0.1830127018922192f,-0.18301270189221924f,-0.8749998859325938f,0f,0.7071067811865476f,0.7071067811865474f,-0.875000202488806f,0.25881904510252063f,0.6830127018922192f,-0.6830127018922194f,1.5625000266383806f,0f,0f,0f,1f], start_interpolation: 0}
execute on passengers if entity @s[tag=aj.dragonmounts.bone.frontlegtipright] run data merge entity @s {transformation: [-0.9659258262890683f,-0.16636567534280183f,-0.19826689127414604f,-0.8803916200329691f,0f,0.7660444431189779f,-0.6427876096865393f,-1.5233685886738115f,0.25881904510252063f,-0.6208851530148456f,-0.739942111693848f,0.5764519747458099f,0f,0f,0f,1f], start_interpolation: 0}
execute on passengers if entity @s[tag=aj.dragonmounts.bone.frontfootrightd] run data merge entity @s {transformation: [-0.9659258262890683f,1.8041124150158794e-16f,-0.25881904510252074f,-0.5829134641570145f,1.1099069304367538e-16f,0.9999999999999999f,1.1102230246251565e-16f,-2.939783821738286f,0.2588190451025208f,2.7755575615628914e-16f,-0.9659258262890682f,1.7275335475853204f,0f,0f,0f,1f], start_interpolation: 0}
execute on passengers if entity @s[tag=aj.dragonmounts.bone.frontfootright] run data merge entity @s {transformation: [0.9659258262890683f,-0.14845250554968453f,-0.21201214989665457f,-0.6611720151932667f,-1.0673500138322961e-17f,-0.8191520442889916f,0.573576436351046f,-2.6275218536444247f,-0.25881904510252074f,-0.5540322932223235f,-0.7912401152362237f,1.3945906780227515f,0f,0f,0f,1f], start_interpolation: 0}
execute on passengers if entity @s[tag=aj.dragonmounts.bone.rearlegl] run data merge entity @s {transformation: [-1.0464196451464907f,-0.05350041881202264f,-0.2752357944554847f,-0.023270129976720844f,0f,1.0634294487349691f,-0.20670974499125683f,-0.5505744503028496f,0.28038729886106406f,-0.19966628123268237f,-1.0271939689694536f,-1.4881059341813077f,0f,0f,0f,1f], start_interpolation: 0}
execute on passengers if entity @s[tag=aj.dragonmounts.bone.rearfootleftd] run data merge entity @s {transformation: [-0.9659258262890683f,-0.004517015168838803f,-0.2587796257083333f,0.5927418201770558f,0f,0.9998476951563912f,-0.01745240643728352f,-2.8902550834601533f,0.2588190451025207f,-0.01685773010866576f,-0.9657787111071576f,-1.8454140604327642f,0f,0f,0f,1f], start_interpolation: 0}
execute on passengers if entity @s[tag=aj.dragonmounts.bone.rearfootleft] run data merge entity @s {transformation: [-0.9659258262890683f,0.2416283945124097f,-0.09275245049666295f,0.5591780597746513f,0f,0.35836794954530043f,0.9335804264972016f,-2.203622546550165f,0.2588190451025207f,0.9017694448716103f,-0.34615685778006344f,-1.9706757195476066f,0f,0f,0f,1f], start_interpolation: 0}
execute on passengers if entity @s[tag=aj.dragonmounts.bone.rearlegtipleft] run data merge entity @s {transformation: [-0.9659258262890683f,0.25406381026660124f,-0.04938500198032865f,0.7559580685219564f,0f,0.190808995376545f,0.981627183447664f,-2.074165250139099f,0.2588190451025207f,0.9481790482794956f,-0.18430733652247627f,-0.9948012724165487f,0f,0f,0f,1f], start_interpolation: 0}
execute on passengers if entity @s[tag=aj.dragonmounts.bone.rearlegr] run data merge entity @s {transformation: [-1.0464196451464907f,0.053500418812022686f,0.2752357944554849f,-1.300618671452325f,0f,1.0634294487349691f,-0.20670974499125683f,-0.5505744789223219f,-0.2803872988610643f,-0.19966628123268237f,-1.0271939689694536f,-1.876334669531919f,0f,0f,0f,1f], start_interpolation: 0}
execute on passengers if entity @s[tag=aj.dragonmounts.bone.rearfootrightd] run data merge entity @s {transformation: [-0.9659258262890683f,0.004517015168838803f,0.25877962570833357f,-0.5884826104586325f,0f,0.9998476951563912f,-0.01745240643728352f,-2.8902551120796263f,-0.2588190451025209f,-0.01685773010866576f,-0.9657787111071576f,-1.8777666087674092f,0f,0f,0f,1f], start_interpolation: 0}
execute on passengers if entity @s[tag=aj.dragonmounts.bone.rearfootright] run data merge entity @s {transformation: [-0.9659258262890683f,-0.24162839451240992f,0.09275245049666303f,-0.5549188500562279f,0f,0.35836794954530043f,0.9335804264972016f,-2.2036225751696374f,-0.2588190451025209f,0.9017694448716103f,-0.34615685778006344f,-2.0030282678822515f,0f,0f,0f,1f], start_interpolation: 0}
execute on passengers if entity @s[tag=aj.dragonmounts.bone.rearlegtipright] run data merge entity @s {transformation: [-0.9659258262890683f,-0.25406381026660146f,0.04938500198032869f,-0.8724395870896666f,0f,0.190808995376545f,0.981627183447664f,-2.0741652787585716f,-0.2588190451025209f,0.9481790482794956f,-0.18430733652247627f,-1.0595062013890089f,0f,0f,0f,1f], start_interpolation: 0}
execute on passengers if entity @s[tag=aj.dragonmounts.bone.tail11] run data merge entity @s {transformation: [-1f,0f,1.2246467991473532e-16f,1.0868740342432762e-15f,0f,1f,0f,-0.78125f,-1.2246467991473532e-16f,0f,-1f,-8.875f,0f,0f,0f,1f], start_interpolation: 0}
execute on passengers if entity @s[tag=aj.dragonmounts.bone.tail10] run data merge entity @s {transformation: [-1f,0f,1.2246467991473532e-16f,1.0103336092965665e-15f,0f,1f,0f,-0.78125f,-1.2246467991473532e-16f,0f,-1f,-8.25f,0f,0f,0f,1f], start_interpolation: 0}
execute on passengers if entity @s[tag=aj.dragonmounts.bone.tail9] run data merge entity @s {transformation: [-1f,0f,1.2246467991473532e-16f,9.337931843498569e-16f,0f,1f,0f,-0.78125f,-1.2246467991473532e-16f,0f,-1f,-7.625f,0f,0f,0f,1f], start_interpolation: 0}
execute on passengers if entity @s[tag=aj.dragonmounts.bone.tail8] run data merge entity @s {transformation: [-1f,0f,1.2246467991473532e-16f,8.572527594031472e-16f,0f,1f,0f,-0.78125f,-1.2246467991473532e-16f,0f,-1f,-7f,0f,0f,0f,1f], start_interpolation: 0}
execute on passengers if entity @s[tag=aj.dragonmounts.bone.tail7] run data merge entity @s {transformation: [-1f,0f,1.2246467991473532e-16f,7.807123344564377e-16f,0f,1f,0f,-0.78125f,-1.2246467991473532e-16f,0f,-1f,-6.375f,0f,0f,0f,1f], start_interpolation: 0}
execute on passengers if entity @s[tag=aj.dragonmounts.bone.tail6] run data merge entity @s {transformation: [-1f,0f,1.2246467991473532e-16f,7.041719095097281e-16f,0f,1f,0f,-0.78125f,-1.2246467991473532e-16f,0f,-1f,-5.75f,0f,0f,0f,1f], start_interpolation: 0}
execute on passengers if entity @s[tag=aj.dragonmounts.bone.tail5] run data merge entity @s {transformation: [-1f,0f,1.2246467991473532e-16f,6.276314845630185e-16f,0f,1f,0f,-0.78125f,-1.2246467991473532e-16f,0f,-1f,-5.125f,0f,0f,0f,1f], start_interpolation: 0}
execute on passengers if entity @s[tag=aj.dragonmounts.bone.tail4] run data merge entity @s {transformation: [-1f,0f,1.2246467991473532e-16f,5.51091059616309e-16f,0f,1f,0f,-0.78125f,-1.2246467991473532e-16f,0f,-1f,-4.5f,0f,0f,0f,1f], start_interpolation: 0}
execute on passengers if entity @s[tag=aj.dragonmounts.bone.tail3] run data merge entity @s {transformation: [-1f,0f,1.2246467991473532e-16f,4.745506346695994e-16f,0f,1f,0f,-0.78125f,-1.2246467991473532e-16f,0f,-1f,-3.875f,0f,0f,0f,1f], start_interpolation: 0}
execute on passengers if entity @s[tag=aj.dragonmounts.bone.tail2] run data merge entity @s {transformation: [-1f,0f,1.2246467991473532e-16f,3.9801020972288977e-16f,0f,1f,0f,-0.78125f,-1.2246467991473532e-16f,0f,-1f,-3.25f,0f,0f,0f,1f], start_interpolation: 0}
execute on passengers if entity @s[tag=aj.dragonmounts.bone.tail1] run data merge entity @s {transformation: [-1f,0f,1.2246467991473532e-16f,3.214697847761802e-16f,0f,1f,0f,-0.78125f,-1.2246467991473532e-16f,0f,-1f,-2.625f,0f,0f,0f,1f], start_interpolation: 0}
execute on passengers if entity @s[tag=aj.dragonmounts.bone.tail0] run data merge entity @s {transformation: [-1f,0f,1.2246467991473532e-16f,2.4492935982947064e-16f,0f,1f,0f,-0.53125f,-1.2246467991473532e-16f,0f,-1f,-2f,0f,0f,0f,1f], start_interpolation: 0}
execute on passengers if entity @s[tag=aj.dragonmounts.bone.body] run data merge entity @s {transformation: [-2.6666666666666665f,0f,3.265724797726275e-16f,-2.4492935982947064e-16f,0f,2.6666666666666665f,0f,-0.25f,-3.265724797726275e-16f,0f,-2.6666666666666665f,2f,0f,0f,0f,1f], start_interpolation: 0}