# This file was generated by Animated Java via MC-Build. It is not recommended to edit this file directly.
execute unless entity @s[type=minecraft:item_display,tag=aj.dragonmounts.root] run return run function animated_java:global/errors/function_not_executed_as_root_entity {'export_namespace': 'dragonmounts', 'function_path': 'animated_java:dragonmounts/apply_default_pose'}
execute on passengers if entity @s[tag=aj.dragonmounts.bone.leftwing20] run data merge entity @s {transformation: [-0.4349f,-2.0919f,-2.0461f,1.2431f,-0.4349f,2.0919f,-2.0461f,0.4306f,2.8937f,0f,-0.6151f,3.5204f,0f,0f,0f,1f], start_interpolation: 0}
execute on passengers if entity @s[tag=aj.dragonmounts.bone.leftwing21] run data merge entity @s {transformation: [-0.2549f,-2.0917f,-2.0762f,1.2431f,-0.2549f,2.0917f,-2.0762f,0.4306f,2.9361f,0f,-0.3605f,3.5204f,0f,0f,0f,1f], start_interpolation: 0}
execute on passengers if entity @s[tag=aj.dragonmounts.bone.leftwing22] run data merge entity @s {transformation: [-0.0731f,-2.0958f,-2.0945f,1.2431f,-0.0731f,2.0958f,-2.0945f,0.4306f,2.9621f,0f,-0.1034f,3.5204f,0f,0f,0f,1f], start_interpolation: 0}
execute on passengers if entity @s[tag=aj.dragonmounts.bone.leftwing23] run data merge entity @s {transformation: [0.1079f,-2.0624f,-2.0596f,1.2431f,0.1079f,2.0624f,-2.0596f,0.4306f,2.9127f,0f,0.1526f,3.5204f,0f,0f,0f,1f], start_interpolation: 0}
execute on passengers if entity @s[tag=aj.dragonmounts.bone.leftwing1] run data merge entity @s {transformation: [-0.2698f,-1.4142f,1.3882f,0.8383f,-0.2698f,1.4142f,1.3882f,0.0258f,-1.9633f,0f,-0.3816f,0.5755f,0f,0f,0f,1f], start_interpolation: 0}
execute on passengers if entity @s[tag=aj.dragonmounts.bone.leftwing] run data merge entity @s {transformation: [-0.1005f,-0.825f,-0.8188f,0.6875f,-0.1005f,0.825f,-0.8188f,-0.125f,1.158f,0f,-0.1422f,2.3125f,0f,0f,0f,1f], start_interpolation: 0}
execute on passengers if entity @s[tag=aj.dragonmounts.bone.rightwing20] run data merge entity @s {transformation: [-0.4349f,2.0919f,2.0461f,-1.2431f,0.4349f,2.0919f,-2.0461f,0.4306f,-2.8937f,0f,-0.6151f,3.5204f,0f,0f,0f,1f], start_interpolation: 0}
execute on passengers if entity @s[tag=aj.dragonmounts.bone.rightwing21] run data merge entity @s {transformation: [-0.2549f,2.0919f,2.0763f,-1.2431f,0.2549f,2.0919f,-2.0763f,0.4306f,-2.9363f,0f,-0.3605f,3.5204f,0f,0f,0f,1f], start_interpolation: 0}
execute on passengers if entity @s[tag=aj.dragonmounts.bone.rightwing22] run data merge entity @s {transformation: [-0.073f,2.0919f,2.0906f,-1.2431f,0.073f,2.0919f,-2.0906f,0.4306f,-2.9565f,0f,-0.1032f,3.5204f,0f,0f,0f,1f], start_interpolation: 0}
execute on passengers if entity @s[tag=aj.dragonmounts.bone.rightwing23] run data merge entity @s {transformation: [0.1079f,2.0624f,2.0596f,-1.2431f,-0.1079f,2.0624f,-2.0596f,0.4306f,-2.9127f,0f,0.1526f,3.5204f,0f,0f,0f,1f], start_interpolation: 0}
execute on passengers if entity @s[tag=aj.dragonmounts.bone.rightwing1] run data merge entity @s {transformation: [-0.2698f,1.4142f,-1.3882f,-0.8383f,0.2698f,1.4142f,1.3882f,0.0258f,1.9633f,0f,-0.3816f,0.5755f,0f,0f,0f,1f], start_interpolation: 0}
execute on passengers if entity @s[tag=aj.dragonmounts.bone.rightwing] run data merge entity @s {transformation: [-0.1005f,0.825f,0.8188f,-0.6875f,0.1005f,0.825f,-0.8188f,-0.125f,-1.158f,0f,-0.1422f,2.3125f,0f,0f,0f,1f], start_interpolation: 0}
execute on passengers if entity @s[tag=aj.dragonmounts.bone.eyebrow] run data merge entity @s {transformation: [-1f,0f,0f,0f,0f,1f,0f,-0.3938f,0f,0f,-1f,7.9955f,0f,0f,0f,1f], start_interpolation: 0}
execute on passengers if entity @s[tag=aj.dragonmounts.bone.head] run data merge entity @s {transformation: [-1.375f,0f,0f,0f,0f,1.375f,0f,-0.875f,0f,0f,-1.375f,6.1875f,0f,0f,0f,1f], start_interpolation: 0}
execute on passengers if entity @s[tag=aj.dragonmounts.bone.neck4] run data merge entity @s {transformation: [-1f,0f,0f,0f,0f,1f,0f,-0.8437f,0f,0f,-1f,5.875f,0f,0f,0f,1f], start_interpolation: 0}
execute on passengers if entity @s[tag=aj.dragonmounts.bone.neck3] run data merge entity @s {transformation: [-1f,0f,0f,0f,0f,1f,0f,-0.8437f,0f,0f,-1f,5.25f,0f,0f,0f,1f], start_interpolation: 0}
execute on passengers if entity @s[tag=aj.dragonmounts.bone.neck2] run data merge entity @s {transformation: [-1f,0f,0f,0f,0f,1f,0f,-0.8437f,0f,0f,-1f,4.625f,0f,0f,0f,1f], start_interpolation: 0}
execute on passengers if entity @s[tag=aj.dragonmounts.bone.neck1] run data merge entity @s {transformation: [-1f,0f,0f,0f,0f,1f,0f,-0.8437f,0f,0f,-1f,4f,0f,0f,0f,1f], start_interpolation: 0}
execute on passengers if entity @s[tag=aj.dragonmounts.bone.neck0] run data merge entity @s {transformation: [-1f,0f,0f,0f,0f,1f,0f,-0.9062f,0f,0f,-1f,3.375f,0f,0f,0f,1f], start_interpolation: 0}
execute on passengers if entity @s[tag=aj.dragonmounts.bone.frontlegl] run data merge entity @s {transformation: [-0.9659f,-0.183f,0.183f,0.4375f,0f,0.7071f,0.7071f,-0.6875f,-0.2588f,0.683f,-0.683f,2.5f,0f,0f,0f,1f], start_interpolation: 0}
execute on passengers if entity @s[tag=aj.dragonmounts.bone.frontlegtipleft] run data merge entity @s {transformation: [-0.9659f,0.1664f,0.1983f,0.9259f,0f,0.766f,-0.6428f,-1.3359f,-0.2588f,-0.6209f,-0.7399f,1.6434f,0f,0f,0f,1f], start_interpolation: 0}
execute on passengers if entity @s[tag=aj.dragonmounts.bone.frontfootleftd] run data merge entity @s {transformation: [-0.9659f,0f,0.2588f,0.6106f,0f,1f,0f,-2.8116f,-0.2588f,0f,-0.9659f,2.7792f,0f,0f,0f,1f], start_interpolation: 0}
execute on passengers if entity @s[tag=aj.dragonmounts.bone.frontfootleft] run data merge entity @s {transformation: [0.9659f,0.1485f,0.212f,0.7052f,0f,-0.8192f,0.5736f,-2.5023f,0.2588f,-0.554f,-0.7912f,2.4668f,0f,0f,0f,1f], start_interpolation: 0}
execute on passengers if entity @s[tag=aj.dragonmounts.bone.frontlegr] run data merge entity @s {transformation: [-0.9659f,0.183f,-0.183f,-0.875f,0f,0.7071f,0.7071f,-0.75f,0.2588f,0.683f,-0.683f,2.625f,0f,0f,0f,1f], start_interpolation: 0}
execute on passengers if entity @s[tag=aj.dragonmounts.bone.frontlegtipright] run data merge entity @s {transformation: [-0.9659f,-0.1664f,-0.1983f,-0.8804f,0f,0.766f,-0.6428f,-1.3984f,0.2588f,-0.6209f,-0.7399f,1.639f,0f,0f,0f,1f], start_interpolation: 0}
execute on passengers if entity @s[tag=aj.dragonmounts.bone.frontfootrightd] run data merge entity @s {transformation: [-0.9659f,0f,-0.2588f,-0.5829f,0f,1f,0f,-2.8148f,0.2588f,0f,-0.9659f,2.79f,0f,0f,0f,1f], start_interpolation: 0}
execute on passengers if entity @s[tag=aj.dragonmounts.bone.frontfootright] run data merge entity @s {transformation: [0.9659f,-0.1485f,-0.212f,-0.6612f,0f,-0.8192f,0.5736f,-2.5025f,-0.2588f,-0.554f,-0.7912f,2.4571f,0f,0f,0f,1f], start_interpolation: 0}
execute on passengers if entity @s[tag=aj.dragonmounts.bone.rearlegl] run data merge entity @s {transformation: [-1.0464f,-0.0535f,-0.2752f,-0.0233f,0f,1.0634f,-0.2067f,-0.4256f,0.2804f,-0.1997f,-1.0272f,-0.4256f,0f,0f,0f,1f], start_interpolation: 0}
execute on passengers if entity @s[tag=aj.dragonmounts.bone.rearfootleftd] run data merge entity @s {transformation: [-0.9659f,-0.0045f,-0.2588f,0.5927f,0f,0.9998f,-0.0175f,-2.7653f,0.2588f,-0.0169f,-0.9658f,-0.7829f,0f,0f,0f,1f], start_interpolation: 0}
execute on passengers if entity @s[tag=aj.dragonmounts.bone.rearfootleft] run data merge entity @s {transformation: [-0.9659f,0.2416f,-0.0928f,0.5592f,0f,0.3584f,0.9336f,-2.0786f,0.2588f,0.9018f,-0.3462f,-0.9082f,0f,0f,0f,1f], start_interpolation: 0}
execute on passengers if entity @s[tag=aj.dragonmounts.bone.rearlegtipleft] run data merge entity @s {transformation: [-0.9659f,0.2541f,-0.0494f,0.756f,0f,0.1908f,0.9816f,-1.9492f,0.2588f,0.9482f,-0.1843f,0.0677f,0f,0f,0f,1f], start_interpolation: 0}
execute on passengers if entity @s[tag=aj.dragonmounts.bone.rearlegr] run data merge entity @s {transformation: [-1.0464f,0.0535f,0.2752f,-1.3006f,0f,1.0634f,-0.2067f,-0.4256f,-0.2804f,-0.1997f,-1.0272f,-0.8138f,0f,0f,0f,1f], start_interpolation: 0}
execute on passengers if entity @s[tag=aj.dragonmounts.bone.rearfootrightd] run data merge entity @s {transformation: [-0.9659f,0.0045f,0.2588f,-0.5885f,0f,0.9998f,-0.0175f,-2.7653f,-0.2588f,-0.0169f,-0.9658f,-0.8153f,0f,0f,0f,1f], start_interpolation: 0}
execute on passengers if entity @s[tag=aj.dragonmounts.bone.rearfootright] run data merge entity @s {transformation: [-0.9659f,-0.2416f,0.0928f,-0.5549f,0f,0.3584f,0.9336f,-2.0786f,-0.2588f,0.9018f,-0.3462f,-0.9405f,0f,0f,0f,1f], start_interpolation: 0}
execute on passengers if entity @s[tag=aj.dragonmounts.bone.rearlegtipright] run data merge entity @s {transformation: [-0.9659f,-0.2541f,0.0494f,-0.8724f,0f,0.1908f,0.9816f,-1.9492f,-0.2588f,0.9482f,-0.1843f,0.003f,0f,0f,0f,1f], start_interpolation: 0}
execute on passengers if entity @s[tag=aj.dragonmounts.bone.tail11] run data merge entity @s {transformation: [-1f,0f,0f,0f,0f,1f,0f,-0.6562f,0f,0f,-1f,-7.8125f,0f,0f,0f,1f], start_interpolation: 0}
execute on passengers if entity @s[tag=aj.dragonmounts.bone.tail10] run data merge entity @s {transformation: [-1f,0f,0f,0f,0f,1f,0f,-0.6562f,0f,0f,-1f,-7.1875f,0f,0f,0f,1f], start_interpolation: 0}
execute on passengers if entity @s[tag=aj.dragonmounts.bone.tail9] run data merge entity @s {transformation: [-1f,0f,0f,0f,0f,1f,0f,-0.6562f,0f,0f,-1f,-6.5625f,0f,0f,0f,1f], start_interpolation: 0}
execute on passengers if entity @s[tag=aj.dragonmounts.bone.tail8] run data merge entity @s {transformation: [-1f,0f,0f,0f,0f,1f,0f,-0.6562f,0f,0f,-1f,-5.9375f,0f,0f,0f,1f], start_interpolation: 0}
execute on passengers if entity @s[tag=aj.dragonmounts.bone.tail7] run data merge entity @s {transformation: [-1f,0f,0f,0f,0f,1f,0f,-0.6562f,0f,0f,-1f,-5.3125f,0f,0f,0f,1f], start_interpolation: 0}
execute on passengers if entity @s[tag=aj.dragonmounts.bone.tail6] run data merge entity @s {transformation: [-1f,0f,0f,0f,0f,1f,0f,-0.6562f,0f,0f,-1f,-4.6875f,0f,0f,0f,1f], start_interpolation: 0}
execute on passengers if entity @s[tag=aj.dragonmounts.bone.tail5] run data merge entity @s {transformation: [-1f,0f,0f,0f,0f,1f,0f,-0.6562f,0f,0f,-1f,-4.0625f,0f,0f,0f,1f], start_interpolation: 0}
execute on passengers if entity @s[tag=aj.dragonmounts.bone.tail4] run data merge entity @s {transformation: [-1f,0f,0f,0f,0f,1f,0f,-0.6562f,0f,0f,-1f,-3.4375f,0f,0f,0f,1f], start_interpolation: 0}
execute on passengers if entity @s[tag=aj.dragonmounts.bone.tail3] run data merge entity @s {transformation: [-1f,0f,0f,0f,0f,1f,0f,-0.6562f,0f,0f,-1f,-2.8125f,0f,0f,0f,1f], start_interpolation: 0}
execute on passengers if entity @s[tag=aj.dragonmounts.bone.tail2] run data merge entity @s {transformation: [-1f,0f,0f,0f,0f,1f,0f,-0.6562f,0f,0f,-1f,-2.1875f,0f,0f,0f,1f], start_interpolation: 0}
execute on passengers if entity @s[tag=aj.dragonmounts.bone.tail1] run data merge entity @s {transformation: [-1f,0f,0f,0f,0f,1f,0f,-0.6562f,0f,0f,-1f,-1.5625f,0f,0f,0f,1f], start_interpolation: 0}
execute on passengers if entity @s[tag=aj.dragonmounts.bone.tail0] run data merge entity @s {transformation: [-1f,0f,0f,0f,0f,1f,0f,-0.4062f,0f,0f,-1f,-0.9375f,0f,0f,0f,1f], start_interpolation: 0}
execute on passengers if entity @s[tag=aj.dragonmounts.bone.saddle] run data merge entity @s {transformation: [-3.005f,0f,0f,0f,0f,3.005f,0f,2.875f,0f,0f,-3.005f,2.6875f,0f,0f,0f,1f], start_interpolation: 0}
execute on passengers if entity @s[tag=aj.dragonmounts.bone.body] run data merge entity @s {transformation: [-2.6667f,0f,0f,0f,0f,2.6667f,0f,-0.125f,0f,0f,-2.6667f,3.0625f,0f,0f,0f,1f], start_interpolation: 0}