# This file was generated by Animated Java via MC-Build. It is not recommended to edit this file directly.
$data merge entity $(bone_leftwing20) {transformation: [-0.907f,-2.4374f,1.4101f,1.6038f,-2.1929f,-0.3179f,-1.9601f,3.2346f,1.7665f,-1.6462f,-1.7092f,-0.9047f,0f,0f,0f,1f],start_interpolation: 0,interpolation_duration: 1}
$data merge entity $(bone_leftwing21) {transformation: [-1.6443f,-2.4372f,0.327f,1.6038f,-0.1133f,-0.3179f,-2.9389f,3.2346f,2.4565f,-1.6461f,0.0834f,-0.9047f,0f,0f,0f,1f],start_interpolation: 0,interpolation_duration: 1}
$data merge entity $(bone_leftwing22) {transformation: [-1.3801f,-2.4419f,-0.9575f,1.6038f,2.0393f,-0.3185f,-2.1271f,3.2346f,1.6496f,-1.6493f,1.8285f,-0.9047f,0f,0f,0f,1f],start_interpolation: 0,interpolation_duration: 1}
$data merge entity $(bone_leftwing23) {transformation: [-0.2657f,-2.403f,-1.6315f,1.6038f,2.8998f,-0.3135f,-0.0105f,3.2346f,-0.1667f,-1.623f,2.4177f,-0.9047f,0f,0f,0f,1f],start_interpolation: 0,interpolation_duration: 1}
$data merge entity $(bone_leftwing1) {transformation: [-0.5102f,-1.6478f,1.0122f,0.8385f,-1.6129f,-0.2149f,-1.1629f,0.8152f,1.0669f,-1.1129f,-1.274f,0.6956f,0f,0f,0f,1f],start_interpolation: 0,interpolation_duration: 1}
$data merge entity $(bone_leftwing) {transformation: [-0.1007f,-1.0946f,0.391f,0.6875f,-0.4348f,-0.3285f,-1.0316f,0.163f,1.0779f,-0.2348f,-0.3796f,2.3125f,0f,0f,0f,1f],start_interpolation: 0,interpolation_duration: 1}
$data merge entity $(bone_rightwing20) {transformation: [-0.907f,2.4374f,-1.4101f,-1.6038f,2.1929f,-0.3179f,-1.9601f,3.2346f,-1.7665f,-1.6462f,-1.7092f,-0.9047f,0f,0f,0f,1f],start_interpolation: 0,interpolation_duration: 1}
$data merge entity $(bone_rightwing21) {transformation: [-1.6444f,2.4374f,-0.3271f,-1.6038f,0.1133f,-0.3179f,-2.939f,3.2346f,-2.4566f,-1.6462f,0.0834f,-0.9047f,0f,0f,0f,1f],start_interpolation: 0,interpolation_duration: 1}
$data merge entity $(bone_rightwing22) {transformation: [-1.3776f,2.4374f,0.9557f,-1.6038f,-2.0355f,-0.3179f,-2.1231f,3.2346f,-1.6465f,-1.6462f,1.8251f,-0.9047f,0f,0f,0f,1f],start_interpolation: 0,interpolation_duration: 1}
$data merge entity $(bone_rightwing23) {transformation: [-0.2657f,2.403f,1.6315f,-1.6038f,-2.8998f,-0.3135f,-0.0105f,3.2346f,0.1667f,-1.623f,2.4177f,-0.9047f,0f,0f,0f,1f],start_interpolation: 0,interpolation_duration: 1}
$data merge entity $(bone_rightwing1) {transformation: [-0.5102f,1.6478f,-1.0122f,-0.8385f,1.6129f,-0.2149f,-1.1629f,0.8152f,-1.0669f,-1.1129f,-1.274f,0.6956f,0f,0f,0f,1f],start_interpolation: 0,interpolation_duration: 1}
$data merge entity $(bone_rightwing) {transformation: [-0.1007f,1.0946f,-0.391f,-0.6875f,0.4348f,-0.3285f,-1.0316f,0.163f,-1.0779f,-0.2348f,-0.3796f,2.3125f,0f,0f,0f,1f],start_interpolation: 0,interpolation_duration: 1}
$data merge entity $(bone_eyebrow) {transformation: [-0.8923f,0f,0f,0f,0f,0.8919f,0.0265f,1.7339f,0f,0.0265f,-0.8919f,6.1741f,0f,0f,0f,1f],start_interpolation: 0,interpolation_duration: 1}
$data merge entity $(bone_head) {transformation: [-1.2269f,0f,0f,0f,0f,1.2264f,0.0365f,1.3528f,0f,0.0365f,-1.2264f,4.5488f,0f,0f,0f,1f],start_interpolation: 0,interpolation_duration: 1}
$data merge entity $(bone_neck4) {transformation: [-1.0498f,0f,0f,0f,0f,1.0397f,-0.1452f,1.3762f,0f,-0.1452f,-1.0397f,4.4793f,0f,0f,0f,1f],start_interpolation: 0,interpolation_duration: 1}
$data merge entity $(bone_neck3) {transformation: [-1.1664f,0f,0f,0f,0f,1.0902f,-0.4147f,1.1948f,0f,-0.4147f,-1.0902f,4.0023f,0f,0f,0f,1f],start_interpolation: 0,interpolation_duration: 1}
$data merge entity $(bone_neck2) {transformation: [-1.296f,0f,0f,0f,0f,1.065f,-0.7385f,1.0101f,0f,-0.7385f,-1.065f,3.736f,0f,0f,0f,1f],start_interpolation: 0,interpolation_duration: 1}
$data merge entity $(bone_neck1) {transformation: [-1.44f,0f,0f,0f,0f,0.996f,-1.04f,0.7501f,0f,-1.04f,-0.996f,3.487f,0f,0f,0f,1f],start_interpolation: 0,interpolation_duration: 1}
$data merge entity $(bone_neck0) {transformation: [-1.6f,0f,0f,0f,0f,0.9405f,-1.2944f,0.3677f,0f,-1.2944f,-0.9405f,3.3328f,0f,0f,0f,1f],start_interpolation: 0,interpolation_duration: 1}
$data merge entity $(bone_frontlegl) {transformation: [-0.9925f,-0.1165f,0.0356f,0.4286f,-0.1055f,0.9682f,0.2268f,0.097f,-0.0609f,0.2214f,-0.9733f,2.9435f,0f,0f,0f,1f],start_interpolation: 0,interpolation_duration: 1}
$data merge entity $(bone_frontlegtipleft) {transformation: [-0.9925f,-0.0906f,0.0815f,0.8014f,-0.1055f,0.9734f,-0.2036f,-0.8959f,-0.0609f,-0.2107f,-0.9757f,2.6926f,0f,0f,0f,1f],start_interpolation: 0,interpolation_duration: 1}
$data merge entity $(bone_frontfootleftd) {transformation: [-0.9925f,-0.0646f,-0.1034f,0.9656f,-0.1055f,0.0315f,0.9939f,-2.7441f,-0.0609f,0.9974f,-0.0381f,3.0453f,0f,0f,0f,1f],start_interpolation: 0,interpolation_duration: 1}
$data merge entity $(bone_frontfootleft) {transformation: [0.9925f,0.1022f,-0.0664f,0.9399f,0.1055f,-0.4486f,0.8875f,-2.3186f,0.0609f,-0.8879f,-0.456f,2.9019f,0f,0f,0f,1f],start_interpolation: 0,interpolation_duration: 1}
$data merge entity $(bone_frontlegr) {transformation: [-0.9925f,0.1165f,-0.0356f,-0.8733f,0.1055f,0.9682f,0.2268f,0.1169f,0.0609f,0.2214f,-0.9733f,2.99f,0f,0f,0f,1f],start_interpolation: 0,interpolation_duration: 1}
$data merge entity $(bone_frontlegtipright) {transformation: [-0.9925f,0.0906f,-0.0815f,-0.7521f,0.1055f,0.9734f,-0.2036f,-0.9013f,0.0609f,-0.2107f,-0.9757f,2.6247f,0f,0f,0f,1f],start_interpolation: 0,interpolation_duration: 1}
$data merge entity $(bone_frontfootrightd) {transformation: [-0.9925f,0.0646f,0.1034f,-0.9301f,0.1055f,0.0315f,0.9939f,-2.7001f,0.0609f,0.9974f,-0.0381f,3.0152f,0f,0f,0f,1f],start_interpolation: 0,interpolation_duration: 1}
$data merge entity $(bone_frontfootright) {transformation: [0.9925f,-0.1022f,0.0664f,-0.883f,-0.1055f,-0.4486f,0.8875f,-2.2669f,-0.0609f,-0.8879f,-0.456f,2.8582f,0f,0f,0f,1f],start_interpolation: 0,interpolation_duration: 1}
$data merge entity $(bone_rearlegl) {transformation: [-1.0807f,0.0455f,-0.0604f,0.0001f,0.0654f,0.9958f,-0.4215f,-2.2973f,0.0378f,-0.4241f,-0.9962f,1.1296f,0f,0f,0f,1f],start_interpolation: 0,interpolation_duration: 1}
$data merge entity $(bone_rearfootleftd) {transformation: [-0.9976f,0.038f,0.0585f,0.5361f,0.0604f,0.0512f,0.9969f,-5.1972f,0.0349f,0.998f,-0.0534f,1.772f,0f,0f,0f,1f],start_interpolation: 0,interpolation_duration: 1}
$data merge entity $(bone_rearfootleft) {transformation: [-0.9976f,0.0557f,0.042f,0.572f,0.0604f,0.389f,0.9192f,-4.5166f,0.0349f,0.9195f,-0.3915f,1.6178f,0f,0f,0f,1f],start_interpolation: 0,interpolation_duration: 1}
$data merge entity $(bone_rearlegtipleft) {transformation: [-0.9976f,0.068f,-0.0157f,0.5786f,0.0604f,0.9542f,0.2928f,-3.5769f,0.0349f,0.2912f,-0.956f,1.9709f,0f,0f,0f,1f],start_interpolation: 0,interpolation_duration: 1}
$data merge entity $(bone_rearlegr) {transformation: [-1.0807f,-0.0455f,0.0604f,-1.3745f,-0.0654f,0.9958f,-0.4215f,-2.3873f,-0.0378f,-0.4241f,-0.9962f,1.0499f,0f,0f,0f,1f],start_interpolation: 0,interpolation_duration: 1}
$data merge entity $(bone_rearfootrightd) {transformation: [-0.9976f,-0.0585f,0.038f,-0.5389f,-0.0604f,0.9969f,-0.0512f,-5.2042f,-0.0349f,-0.0534f,-0.998f,1.7402f,0f,0f,0f,1f],start_interpolation: 0,interpolation_duration: 1}
$data merge entity $(bone_rearfootright) {transformation: [-0.9976f,-0.0557f,-0.042f,-0.5747f,-0.0604f,0.389f,0.9192f,-4.5236f,-0.0349f,0.9195f,-0.3915f,1.586f,0f,0f,0f,1f],start_interpolation: 0,interpolation_duration: 1}
$data merge entity $(bone_rearlegtipright) {transformation: [-0.9976f,-0.068f,0.0157f,-0.706f,-0.0604f,0.9542f,0.2928f,-3.5914f,-0.0349f,0.2912f,-0.956f,1.9348f,0f,0f,0f,1f],start_interpolation: 0,interpolation_duration: 1}
$data merge entity $(bone_tail11) {transformation: [-0.2937f,0f,0f,0f,0f,0.2323f,0.2218f,-4.9659f,0f,0.2359f,-0.1958f,-3.8662f,0f,0f,0f,1f],start_interpolation: 0,interpolation_duration: 1}
$data merge entity $(bone_tail10) {transformation: [-0.3916f,0f,0f,0f,0f,0.3663f,0.2219f,-5.0907f,0f,0.2507f,-0.3227f,-3.6847f,0f,0f,0f,1f],start_interpolation: 0,interpolation_duration: 1}
$data merge entity $(bone_tail9) {transformation: [-0.4896f,0f,0f,0f,0f,0.5013f,0.1876f,-5.1962f,0f,0.2331f,-0.4546f,-3.429f,0f,0f,0f,1f],start_interpolation: 0,interpolation_duration: 1}
$data merge entity $(bone_tail8) {transformation: [-0.5759f,0f,0f,0f,0f,0.6165f,0.1282f,-5.2683f,0f,0.1896f,-0.5703f,-3.1082f,0f,0f,0f,1f],start_interpolation: 0,interpolation_duration: 1}
$data merge entity $(bone_tail7) {transformation: [-0.6776f,0f,0f,0f,0f,0.7385f,0.0597f,-5.3019f,0f,0.1381f,-0.6935f,-2.7181f,0f,0f,0f,1f],start_interpolation: 0,interpolation_duration: 1}
$data merge entity $(bone_tail6) {transformation: [-0.7972f,0f,0f,0f,0f,0.8713f,-0.0233f,-5.2888f,0f,0.0741f,-0.8286f,-2.2521f,0f,0f,0f,1f],start_interpolation: 0,interpolation_duration: 1}
$data merge entity $(bone_tail5) {transformation: [-0.8857f,0f,0f,0f,0f,0.9599f,-0.1284f,-5.2166f,0f,-0.0158f,-0.9242f,-1.7322f,0f,0f,0f,1f],start_interpolation: 0,interpolation_duration: 1}
$data merge entity $(bone_tail4) {transformation: [-0.9842f,0f,0f,0f,0f,1.0415f,-0.2704f,-5.0645f,0f,-0.1414f,-1.0172f,-1.16f,0f,0f,0f,1f],start_interpolation: 0,interpolation_duration: 1}
$data merge entity $(bone_tail3) {transformation: [-1.0935f,0f,0f,0f,0f,1.1001f,-0.4682f,-4.8012f,0f,-0.3225f,-1.0946f,-0.5443f,0f,0f,0f,1f],start_interpolation: 0,interpolation_duration: 1}
$data merge entity $(bone_tail2) {transformation: [-1.215f,0f,0f,0f,0f,1.1081f,-0.7327f,-4.389f,0f,-0.5724f,-1.1313f,0.092f,0f,0f,0f,1f],start_interpolation: 0,interpolation_duration: 1}
$data merge entity $(bone_tail1) {transformation: [-1.35f,0f,0f,0f,0f,1.0307f,-1.0566f,-3.7947f,0f,-0.8879f,-1.0937f,0.7072f,0f,0f,0f,1f],start_interpolation: 0,interpolation_duration: 1}
$data merge entity $(bone_tail0) {transformation: [-1.5f,0f,0f,0f,0f,0.8388f,-1.4094f,-2.7922f,0f,-1.2436f,-0.9506f,0.9311f,0f,0f,0f,1f],start_interpolation: 0,interpolation_duration: 1}
$data merge entity $(bone_saddle) {transformation: [-3.005f,0f,0f,0f,0f,1.5025f,-2.6024f,1.9877f,0f,-2.6024f,-1.5025f,-0.0981f,0f,0f,0f,1f],start_interpolation: 0,interpolation_duration: 1}
$data merge entity $(bone_body) {transformation: [-2.6667f,0f,0f,0f,0f,1.3333f,-2.3094f,0.8125f,0f,-2.3094f,-1.3333f,2.6875f,0f,0f,0f,1f],start_interpolation: 0,interpolation_duration: 1}