# This file was generated by Animated Java via MC-Build. It is not recommended to edit this file directly.
$data merge entity $(bone_leftwing20) { transformation: [-0.907025224943342f,-2.437363464574136f,1.4100711662844374f,1.6038311532303875f,-2.1928517267303005f,-0.3179380294783454f,-1.9601155132028512f,2.234573955817684f,1.7664774714112617f,-1.646180689378204f,-1.7092052515791902f,-1.71722801385972f,0f,0f,0f,1f], start_interpolation: 0, interpolation_duration: 1 }
$data merge entity $(bone_leftwing21) { transformation: [-1.6443047345731292f,-2.437232670844558f,0.3270408437911545f,1.6038311532303875f,-0.11328762567701824f,-0.3179209682967635f,-2.938858458188324f,2.234573955817684f,2.456465900273845f,-1.6460923520764217f,0.08337934220571606f,-1.71722801385972f,0f,0f,0f,1f], start_interpolation: 0, interpolation_duration: 1 }
$data merge entity $(bone_leftwing22) { transformation: [-1.3801433927727673f,-2.4419388420749586f,-0.9574774565470066f,1.6038311532303875f,2.0392717993989375f,-0.3185348573736816f,-2.1270943198783145f,2.234573955817684f,1.6496056851279153f,-1.6492708719455322f,1.8284777404688644f,-1.71722801385972f,0f,0f,0f,1f], start_interpolation: 0, interpolation_duration: 1 }
$data merge entity $(bone_leftwing23) { transformation: [-0.2656753104333154f,-2.40303440169281f,-1.6314983108025212f,1.6038311532303875f,2.899754629505822f,-0.31346002906315734f,-0.010504441142556695f,2.234573955817684f,-0.1666858198232666f,-1.6229950458658349f,2.417653276011521f,-1.71722801385972f,0f,0f,0f,1f], start_interpolation: 0, interpolation_duration: 1 }
$data merge entity $(bone_leftwing1) { transformation: [-0.510195294928054f,-1.6477950183036412f,1.0121622096714427f,0.8385382108383064f,-1.612885803685583f,-0.2149440199290222f,-1.1629266754900165f,-0.1847547497106905f,1.0669114983459427f,-1.1129108885937153f,-1.27402088238253f,-0.11686076634080589f,0f,0f,0f,1f], start_interpolation: 0, interpolation_duration: 1 }
$data merge entity $(bone_leftwing) { transformation: [-0.10069214055887107f,-1.0945873612363684f,0.3909612673429268f,0.6874999999999998f,-0.43484286875175904f,-0.3284522234405006f,-1.0315725507805271f,-0.837019052838329f,1.0779071775605373f,-0.23475254343607516f,-0.37962938640848237f,1.5f,0f,0f,0f,1f], start_interpolation: 0, interpolation_duration: 1 }
$data merge entity $(bone_rightwing20) { transformation: [-0.9070252249433414f,2.4373634645741364f,-1.4100711662844367f,-1.603831153230387f,2.1928517267303005f,-0.3179380294783454f,-1.9601155132028512f,2.234573955817684f,-1.7664774714112617f,-1.6461806893782034f,-1.7092052515791905f,-1.7172280138597202f,0f,0f,0f,1f], start_interpolation: 0, interpolation_duration: 1 }
$data merge entity $(bone_rightwing21) { transformation: [-1.6443929759426825f,2.4373634645741364f,-0.32705839438950124f,-1.603831153230387f,0.11329370524063749f,-0.3179380294783454f,-2.9390161715913345f,2.234573955817684f,-2.456597726151826f,-1.6461806893782034f,0.08338381674574127f,-1.7172280138597202f,0f,0f,0f,1f], start_interpolation: 0, interpolation_duration: 1 }
$data merge entity $(bone_rightwing22) { transformation: [-1.377557465181789f,2.4373634645741364f,0.9556834637013426f,-1.603831153230387f,-2.0354508853988538f,-0.3179380294783454f,-2.123108855817704f,2.234573955817684f,-1.6465148752325498f,-1.6461806893782034f,1.825051784105687f,-1.7172280138597202f,0f,0f,0f,1f], start_interpolation: 0, interpolation_duration: 1 }
$data merge entity $(bone_rightwing23) { transformation: [-0.2656753104333153f,2.40303440169281f,1.6314983108025205f,-1.603831153230387f,-2.899754629505822f,-0.31346002906315734f,-0.010504441142556695f,2.234573955817684f,0.16668581982326644f,-1.6229950458658342f,2.4176532760115212f,-1.7172280138597202f,0f,0f,0f,1f], start_interpolation: 0, interpolation_duration: 1 }
$data merge entity $(bone_rightwing1) { transformation: [-0.5101952949280537f,1.6477950183036414f,-1.0121622096714422f,-0.8385382108383064f,1.612885803685583f,-0.2149440199290222f,-1.1629266754900165f,-0.1847547497106905f,-1.0669114983459427f,-1.112910888593715f,-1.2740208823825303f,-0.11686076634080611f,0f,0f,0f,1f], start_interpolation: 0, interpolation_duration: 1 }
$data merge entity $(bone_rightwing) { transformation: [-0.10069214055887078f,1.0945873612363684f,-0.3909612673429267f,-0.6875000000000002f,0.43484286875175904f,-0.3284522234405006f,-1.0315725507805271f,-0.837019052838329f,-1.0779071775605373f,-0.23475254343607488f,-0.3796293864084824f,1.4999999999999998f,0f,0f,0f,1f], start_interpolation: 0, interpolation_duration: 1 }
$data merge entity $(bone_head) { transformation: [-1.2269070000000002f,-4.468727800685678e-18f,1.5018630522819863e-16f,-4.575619286847994e-16f,0f,1.2263642491268851f,0.0364899316586381f,0.35276035522597f,-1.5025277304014817e-16f,0.0364899316586381f,-1.2263642491268851f,3.7362766881305842f,0f,0f,0f,1f], start_interpolation: 0, interpolation_duration: 1 }
$data merge entity $(bone_neck4) { transformation: [-1.0497600000000002f,1.777721951977744e-17f,1.2732346266320924e-16f,-4.490486741583557e-16f,0f,1.0396749720152525f,-0.14516201350589117f,0.37617757225732845f,-1.2855852238729257e-16f,-0.14516201350589117f,-1.0396749720152525f,3.666760689457572f,0f,0f,0f,1f], start_interpolation: 0, interpolation_duration: 1 }
$data merge entity $(bone_neck3) { transformation: [-1.1664000000000003f,5.078449265831771e-17f,1.3351030512687715e-16f,-3.9063791566534703e-16f,0f,1.090194374572589f,-0.41468685251678994f,0.19475207428123287f,-1.428428026525473e-16f,-0.41468685251678994f,-1.090194374572589f,3.189800650582064f,0f,0f,0f,1f], start_interpolation: 0, interpolation_duration: 1 }
$data merge entity $(bone_neck2) { transformation: [-1.2960000000000003f,9.044006604093836e-17f,1.3042545658599202e-16f,-3.58031551518849e-16f,0f,1.0650046746278137f,-0.7384991828166805f,0.010127278577062748f,-1.58714225169497e-16f,-0.7384991828166805f,-1.0650046746278137f,2.923549481925111f,0f,0f,0f,1f], start_interpolation: 0, interpolation_duration: 1 }
$data merge entity $(bone_neck1) { transformation: [-1.4400000000000002f,1.2736010425736306e-16f,1.2197714005841375e-16f,-3.2753726650424557e-16f,0f,0.9960189349560951f,-1.0399741733374563f,-0.24986626475730134f,-1.7634913907721887e-16f,-1.0399741733374563f,-0.9960189349560951f,2.6745447481860873f,0f,0f,0f,1f], start_interpolation: 0, interpolation_duration: 1 }
$data merge entity $(bone_neck0) { transformation: [-1.6f,1.5852161161873463e-16f,1.1517269244895948e-16f,-3.086516941181766e-16f,0f,0.9404564036679571f,-1.2944271909999157f,-0.6322515877365276f,-1.9594348786357652e-16f,-1.2944271909999157f,-0.9404564036679571f,2.5203323467065926f,0f,0f,0f,1f], start_interpolation: 0, interpolation_duration: 1 }
$data merge entity $(bone_frontlegl) { transformation: [-0.9925461516413221f,-0.11654423270443491f,0.03563114768480371f,0.42855949985206837f,-0.10554194733138723f,0.9681969052527766f,0.22683837861447642f,-0.9030123100879304f,-0.06093467170257386f,0.22138697902604942f,-0.9732804176095494f,2.1309839383941087f,0f,0f,0f,1f], start_interpolation: 0, interpolation_duration: 1 }
$data merge entity $(bone_frontlegtipleft) { transformation: [-0.9925461516413221f,-0.09056657193586287f,0.08154650764924237f,0.8014140393663968f,-0.10554194733138723f,0.9733504358815057f,-0.20359230418358526f,-1.8958937719082385f,-0.06093467170257386f,-0.21068133523658183f,-0.9756538016978309f,1.8801465261274126f,0f,0f,0f,1f], start_interpolation: 0, interpolation_duration: 1 }
$data merge entity $(bone_frontfootleftd) { transformation: [-0.9925461516413221f,-0.06458091278983943f,-0.10335106465456897f,0.9656311827383464f,-0.10554194733138722f,0.031478750191478666f,0.9939164882624099f,-3.7441055543103285f,-0.06093467170257364f,0.9974158581001273f,-0.03806010765730883f,2.2328320548698812f,0f,0f,0f,1f], start_interpolation: 0, interpolation_duration: 1 }
$data merge entity $(bone_frontfootleft) { transformation: [0.9925461516413221f,0.10220823144873095f,-0.06637480159009448f,0.9398521199025184f,0.10554194733138728f,-0.4485766950095984f,0.8874907582886508f,-3.318644135928026f,0.06093467170257375f,-0.8878808625701919f,-0.45602032812815607f,2.0894470696767575f,0f,0f,0f,1f], start_interpolation: 0, interpolation_duration: 1 }
$data merge entity $(bone_frontlegr) { transformation: [-0.9925461516413221f,0.11654423270443487f,-0.03563114768480348f,-0.8733219017710525f,0.10554194733138723f,0.9681969052527766f,0.22683837861447642f,-0.8831028089916633f,0.06093467170257361f,0.22138697902604954f,-0.9732804176095494f,2.1775434085285386f,0f,0f,0f,1f], start_interpolation: 0, interpolation_duration: 1 }
$data merge entity $(bone_frontlegtipright) { transformation: [-0.9925461516413221f,0.09056657193586293f,-0.08154650764924214f,-0.7521429316343139f,0.10554194733138723f,0.9733504358815057f,-0.20359230418358526f,-1.9013230182290788f,0.06093467170257361f,-0.21068133523658172f,-0.9756538016978309f,1.81224504531619f,0f,0f,0f,1f], start_interpolation: 0, interpolation_duration: 1 }
$data merge entity $(bone_frontfootrightd) { transformation: [-0.9925461516413221f,0.06458091278983963f,0.10335106465456897f,-0.930100108489723f,0.10554194733138725f,0.031478750191478666f,0.9939164882624099f,-3.700089338385574f,0.060934671702573835f,0.9974158581001275f,-0.03806010765730866f,2.20273847891968f,0f,0f,0f,1f], start_interpolation: 0, interpolation_duration: 1 }
$data merge entity $(bone_frontfootright) { transformation: [0.9925461516413221f,-0.1022082314487309f,0.06637480159009441f,-0.8830209529329458f,-0.10554194733138719f,-0.4485766950095984f,0.8874907582886508f,-3.2669422730198643f,-0.060934671702573724f,-0.887880862570192f,-0.45602032812815596f,2.0457350878803853f,0f,0f,0f,1f], start_interpolation: 0, interpolation_duration: 1 }
$data merge entity $(bone_rearlegl) { transformation: [-1.080694387781476f,0.045478868349769885f,-0.0603524967367183f,0.00011968620974667221f,0.06544511820257091f,0.9958382068650597f,-0.42146685915068693f,-3.2972679015600135f,0.03778475661140108f,-0.42408613440257364f,-0.9961598134267465f,0.3170803445686502f,0f,0f,0f,1f], start_interpolation: 0, interpolation_duration: 1 }
$data merge entity $(bone_rearfootleftd) { transformation: [-0.9975640502598242f,0.03799209854605137f,0.058502701452855604f,0.536141712880022f,0.060410878340834695f,0.05118698880789252f,0.9968602800567739f,-6.197241150076288f,0.03487823687206253f,0.9979661780966567f,-0.053357435918984064f,0.9594934098752459f,0f,0f,0f,1f], start_interpolation: 0, interpolation_duration: 1 }
$data merge entity $(bone_rearfootleft) { transformation: [-0.9975640502598242f,0.05570999698774f,0.04198049386132603f,0.5719670520331511f,0.060410878340834695f,0.3890463315237115f,0.9192352678754396f,-5.51663611197146f,0.03487823687206253f,0.9195321354708428f,-0.3914641240639146f,0.8053033415151599f,0f,0f,0f,1f], start_interpolation: 0, interpolation_duration: 1 }
$data merge entity $(bone_rearlegtipleft) { transformation: [-0.9975640502598242f,0.06796861984125288f,-0.015691792316051018f,0.5785686557529182f,0.060410878340834695f,0.9542492303724092f,0.2928462601976568f,-4.576914092965102f,0.03487823687206253f,0.2911849464696623f,-0.9560307712318449f,1.1584201009913164f,0f,0f,0f,1f], start_interpolation: 0, interpolation_duration: 1 }
$data merge entity $(bone_rearlegr) { transformation: [-1.080694387781476f,-0.04547886834976978f,0.060352496736718546f,-1.3745091604816617f,-0.06544511820257091f,0.9958382068650597f,-0.42146685915068693f,-3.387270999677912f,-0.037784756611401335f,-0.42408613440257364f,-0.9961598134267465f,0.23735503590872475f,0f,0f,0f,1f], start_interpolation: 0, interpolation_duration: 1 }
$data merge entity $(bone_rearfootrightd) { transformation: [-0.9975640502598242f,-0.03799209854605161f,-0.05850270145285558f,-0.5388806180446788f,-0.060410878340834695f,0.05118698880789252f,0.9968602800567739f,-6.2041792904755395f,-0.034878236872062776f,0.9979661780966567f,-0.053357435918984064f,0.9277256769144064f,0f,0f,0f,1f], start_interpolation: 0, interpolation_duration: 1 }
$data merge entity $(bone_rearfootright) { transformation: [-0.9975640502598242f,-0.055709996987740214f,-0.04198049386132593f,-0.5747059571978079f,-0.060410878340834695f,0.3890463315237115f,0.9192352678754396f,-5.523574252370711f,-0.034878236872062776f,0.9195321354708428f,-0.3914641240639146f,0.7735356085543205f,0f,0f,0f,1f], start_interpolation: 0, interpolation_duration: 1 }
$data merge entity $(bone_rearlegtipright) { transformation: [-0.9975640502598242f,-0.06796861984125294f,0.015691792316051254f,-0.7060030672000531f,-0.060410878340834695f,0.9542492303724092f,0.2928462601976568f,-4.591403593156958f,-0.034878236872062776f,0.2911849464696623f,-0.9560307712318449f,1.1222925884214692f,0f,0f,0f,1f], start_interpolation: 0, interpolation_duration: 1 }
$data merge entity $(bone_tail11) { transformation: [-0.2937340837125001f,-2.888407260051376e-17f,2.3974827700199602e-17f,5.729815174491683e-16f,0f,0.23231054573266013f,0.22176377482915494f,-5.965860000563346f,-3.5972050541899386e-17f,0.23585635156703116f,-0.19576932481178902f,-4.678749153209728f,0f,0f,0f,1f], start_interpolation: 0, interpolation_duration: 1 }
$data merge entity $(bone_tail10) { transformation: [-0.39164544495000014f,-3.0706177493482753e-17f,3.9524237550569627e-17f,5.507491338269729e-16f,0f,0.3662585257704233f,0.22187334086155389f,-6.09066375479797f,-4.796273405586585e-17f,0.25073496713388366f,-0.3227398918454523f,-4.497207964046662f,0f,0f,0f,1f], start_interpolation: 0, interpolation_duration: 1 }
$data merge entity $(bone_tail9) { transformation: [-0.48955680618750014f,-2.854769338888024e-17f,5.566997310611544e-17f,5.194347739547829e-16f,0f,0.501338283983716f,0.18756431852017186f,-6.196168683965567f,-5.99534175698323e-17f,0.2331096068577181f,-0.45457982779096f,-4.241506810914246f,0f,0f,0f,1f], start_interpolation: 0, interpolation_duration: 1 }
$data merge entity $(bone_tail8) { transformation: [-0.5759491837500001f,-2.3214471558026057e-17f,6.98466239386395e-17f,4.801460479892982e-16f,0f,0.6165445882482047f,0.1282219388715298f,-6.268293524580803f,-7.053343243509683e-17f,0.18956054573603484f,-0.5703409667772734f,-3.9206900171020296f,0f,0f,0f,1f], start_interpolation: 0, interpolation_duration: 1 }
$data merge entity $(bone_tail7) { transformation: [-0.6775872750000002f,-1.6911520018529915e-17f,8.492478186126913e-17f,4.3237585819233435e-16f,0f,0.738453440025562f,0.059746910004349556f,-6.301901161458249f,-8.298050874717275e-17f,0.1380930406244835f,-0.6934634697971452f,-3.5306168153411353f,0f,0f,0f,1f], start_interpolation: 0, interpolation_duration: 1 }
$data merge entity $(bone_tail6) { transformation: [-0.7971615000000002f,-9.068934565623624e-18f,1.0146876831236749e-16f,3.7529967601662764e-16f,0f,0.8712971783306535f,-0.023262095399808502f,-6.288816232795857f,-9.76241279378503e-17f,0.07405347053483312f,-0.8285553710915994f,-3.0645544191021106f,0f,0f,0f,1f], start_interpolation: 0, interpolation_duration: 1 }
$data merge entity $(bone_tail5) { transformation: [-0.8857350000000002f,1.936128854369875e-18f,1.131759263930128e-16f,3.1163821742055796e-16f,0f,0.9599081417060377f,-0.12836459087053764f,-6.21661115043118f,-1.0847125326427811e-16f,-0.015809691869671183f,-0.9241515714719564f,-2.544719160149135f,0f,0f,0f,1f], start_interpolation: 0, interpolation_duration: 1 }
$data merge entity $(bone_tail4) { transformation: [-0.9841500000000002f,1.7320891771309318e-17f,1.2457100778140733e-16f,2.4156702554351633e-16f,0f,1.0415362016216674f,-0.27037925964914855f,-6.064522816878534f,-1.205236147380868e-16f,-0.14143581466402227f,-1.0171994722734627f,-1.9725444569953123f,0f,0f,0f,1f], start_interpolation: 0, interpolation_duration: 1 }
$data merge entity $(bone_tail3) { transformation: [-1.0935000000000001f,3.949635273538266e-17f,1.3404615083792976e-16f,1.661660656971808e-16f,0f,1.1001329483982922f,-0.4682060258947709f,-5.801156927312725f,-1.339151274867631e-16f,-0.3225121950498834f,-1.0945698868543803f,-1.3568488956397236f,0f,0f,0f,1f], start_interpolation: 0, interpolation_duration: 1 }
$data merge entity $(bone_tail2) { transformation: [-1.215f,7.009423010167183e-17f,1.385490934432225e-16f,8.823220063536816e-17f,0f,1.108145339704236f,-0.7326938716767329f,-5.3890166244945625f,-1.4879458609640342e-16f,-0.5723628245341772f,-1.131339203594749f,-0.7204705936176773f,0f,0f,0f,1f], start_interpolation: 0, interpolation_duration: 1 }
$data merge entity $(bone_tail1) { transformation: [-1.35f,1.0874161950886575e-16f,1.3393850228131031e-16f,1.2891793102131116e-17f,0f,1.0307470984510376f,-1.056578652088036f,-4.794691132695043f,-1.6532731788489269e-16f,-0.8879427079266927f,-1.0936908696822916f,-0.10526947942138831f,0f,0f,0f,1f], start_interpolation: 0, interpolation_duration: 1 }
$data merge entity $(bone_tail0) { transformation: [-1.5f,1.5229173144036347e-16f,1.1641834588803206e-16f,-1.4520593599796056e-17f,0f,0.8387893552061203f,-1.4093638733435707f,-3.7922266151377544f,-1.8369701987210297e-16f,-1.2435563588325622f,-0.9506279359002698f,0.11856964481437293f,0f,0f,0f,1f], start_interpolation: 0, interpolation_duration: 1 }
$data merge entity $(bone_body) { transformation: [-2.6666666666666665f,2.828200636599751e-16f,1.6328623988631378e-16f,-2.2962127484012875e-16f,0f,1.3333333333333335f,-2.309401076758503f,-0.1875f,-3.265724797726275e-16f,-2.309401076758503f,-1.3333333333333335f,1.875f,0f,0f,0f,1f], start_interpolation: 0, interpolation_duration: 1 }