# This file was generated by Animated Java via MC-Build. It is not recommended to edit this file directly.
$data merge entity $(bone_leftwing20) {transformation: [-0.7119f,-2.6991f,0.9796f,1.5961f,-2.0466f,-0.2309f,-2.1236f,3.0951f,2.014f,-1.1887f,-1.8117f,-1.1274f,0f,0f,0f,1f],start_interpolation: 0,interpolation_duration: 1}
$data merge entity $(bone_leftwing21) {transformation: [-1.1991f,-2.699f,0.1684f,1.5961f,0.1059f,-0.2309f,-2.9472f,3.0951f,2.7022f,-1.1887f,0.1902f,-1.1274f,0f,0f,0f,1f],start_interpolation: 0,interpolation_duration: 1}
$data merge entity $(bone_leftwing22) {transformation: [-0.956f,-2.7042f,-0.7471f,1.5961f,2.1979f,-0.2314f,-1.975f,3.0951f,1.7436f,-1.191f,2.0799f,-1.1274f,0f,0f,0f,1f],start_interpolation: 0,interpolation_duration: 1}
$data merge entity $(bone_leftwing23) {transformation: [-0.1247f,-2.6611f,-1.1874f,1.5961f,2.9005f,-0.2277f,0.2058f,3.0951f,-0.2804f,-1.172f,2.6561f,-1.1274f,0f,0f,0f,1f],start_interpolation: 0,interpolation_duration: 1}
$data merge entity $(bone_leftwing1) {transformation: [-0.4094f,-1.8248f,0.7089f,0.9819f,-1.5261f,-0.1561f,-1.2832f,0.8059f,1.2261f,-0.8037f,-1.3604f,0.7117f,0f,0f,0f,1f],start_interpolation: 0,interpolation_duration: 1}
$data merge entity $(bone_leftwing) {transformation: [-0.1963f,-1.1202f,0.2601f,0.6875f,-0.4286f,-0.1735f,-1.0711f,0.163f,1.0672f,-0.2758f,-0.3824f,2.3125f,0f,0f,0f,1f],start_interpolation: 0,interpolation_duration: 1}
$data merge entity $(bone_rightwing20) {transformation: [-0.7119f,2.6991f,-0.9796f,-1.5961f,2.0466f,-0.2309f,-2.1236f,3.0951f,-2.014f,-1.1887f,-1.8117f,-1.1274f,0f,0f,0f,1f],start_interpolation: 0,interpolation_duration: 1}
$data merge entity $(bone_rightwing21) {transformation: [-1.1992f,2.6991f,-0.1684f,-1.5961f,-0.1059f,-0.2309f,-2.9474f,3.0951f,-2.7023f,-1.1887f,0.1902f,-1.1274f,0f,0f,0f,1f],start_interpolation: 0,interpolation_duration: 1}
$data merge entity $(bone_rightwing22) {transformation: [-0.9542f,2.6991f,0.7457f,-1.5961f,-2.1938f,-0.2309f,-1.9713f,3.0951f,-1.7403f,-1.1887f,2.076f,-1.1274f,0f,0f,0f,1f],start_interpolation: 0,interpolation_duration: 1}
$data merge entity $(bone_rightwing23) {transformation: [-0.1247f,2.6611f,1.1874f,-1.5961f,-2.9005f,-0.2277f,0.2058f,3.0951f,0.2804f,-1.172f,2.6561f,-1.1274f,0f,0f,0f,1f],start_interpolation: 0,interpolation_duration: 1}
$data merge entity $(bone_rightwing1) {transformation: [-0.4094f,1.8248f,-0.7089f,-0.9819f,1.5261f,-0.1561f,-1.2832f,0.8059f,-1.2261f,-0.8037f,-1.3604f,0.7117f,0f,0f,0f,1f],start_interpolation: 0,interpolation_duration: 1}
$data merge entity $(bone_rightwing) {transformation: [-0.1963f,1.1202f,-0.2601f,-0.6875f,0.4286f,-0.1735f,-1.0711f,0.163f,-1.0672f,-0.2758f,-0.3824f,2.3125f,0f,0f,0f,1f],start_interpolation: 0,interpolation_duration: 1}
$data merge entity $(bone_eyebrow) {transformation: [-0.8923f,0f,0f,0f,0f,0.8913f,0.0421f,1.6582f,0f,0.0421f,-0.8913f,6.206f,0f,0f,0f,1f],start_interpolation: 0,interpolation_duration: 1}
$data merge entity $(bone_head) {transformation: [-1.2269f,0f,0f,0f,0f,1.2255f,0.0579f,1.3054f,0f,0.0579f,-1.2255f,4.5743f,0f,0f,0f,1f],start_interpolation: 0,interpolation_duration: 1}
$data merge entity $(bone_neck4) {transformation: [-1.0498f,0f,0f,0f,0f,1.0435f,-0.1146f,1.3309f,0f,-0.1146f,-1.0435f,4.5055f,0f,0f,0f,1f],start_interpolation: 0,interpolation_duration: 1}
$data merge entity $(bone_neck3) {transformation: [-1.1664f,0f,0f,0f,0f,1.1096f,-0.3596f,1.1736f,0f,-0.3596f,-1.1096f,4.02f,0f,0f,0f,1f],start_interpolation: 0,interpolation_duration: 1}
$data merge entity $(bone_neck2) {transformation: [-1.296f,0f,0f,0f,0f,1.1002f,-0.685f,1.0023f,0f,-0.685f,-1.1002f,3.745f,0f,0f,0f,1f],start_interpolation: 0,interpolation_duration: 1}
$data merge entity $(bone_neck1) {transformation: [-1.44f,0f,0f,0f,0f,1.0247f,-1.0117f,0.7494f,0f,-1.0117f,-1.0247f,3.4888f,0f,0f,0f,1f],start_interpolation: 0,interpolation_duration: 1}
$data merge entity $(bone_neck0) {transformation: [-1.6f,0f,0f,0f,0f,0.9464f,-1.2901f,0.3677f,0f,-1.2901f,-0.9464f,3.3328f,0f,0f,0f,1f],start_interpolation: 0,interpolation_duration: 1}
$data merge entity $(bone_frontlegl) {transformation: [-0.9925f,-0.1166f,0.0354f,0.4285f,-0.1055f,0.9677f,0.2291f,0.097f,-0.0609f,0.2236f,-0.9728f,2.9436f,0f,0f,0f,1f],start_interpolation: 0,interpolation_duration: 1}
$data merge entity $(bone_frontlegtipleft) {transformation: [-0.9925f,-0.0908f,0.0813f,0.8015f,-0.1055f,0.9738f,-0.2013f,-0.8952f,-0.0609f,-0.2084f,-0.9761f,2.6904f,0f,0f,0f,1f],start_interpolation: 0,interpolation_duration: 1}
$data merge entity $(bone_frontfootleftd) {transformation: [-0.9925f,-0.0643f,-0.1035f,0.966f,-0.1055f,0.0292f,0.994f,-2.7442f,-0.0609f,0.9975f,-0.0357f,3.0388f,0f,0f,0f,1f],start_interpolation: 0,interpolation_duration: 1}
$data merge entity $(bone_frontfootleft) {transformation: [0.9925f,0.1021f,-0.0666f,0.9402f,0.1055f,-0.4465f,0.8885f,-2.3184f,0.0609f,-0.8889f,-0.454f,2.8964f,0f,0f,0f,1f],start_interpolation: 0,interpolation_duration: 1}
$data merge entity $(bone_frontlegr) {transformation: [-0.9925f,0.1166f,-0.0354f,-0.8733f,0.1055f,0.9677f,0.2291f,0.117f,0.0609f,0.2236f,-0.9728f,2.99f,0f,0f,0f,1f],start_interpolation: 0,interpolation_duration: 1}
$data merge entity $(bone_frontlegtipright) {transformation: [-0.9925f,0.0908f,-0.0813f,-0.7522f,0.1055f,0.9738f,-0.2013f,-0.9004f,0.0609f,-0.2084f,-0.9761f,2.6224f,0f,0f,0f,1f],start_interpolation: 0,interpolation_duration: 1}
$data merge entity $(bone_frontfootrightd) {transformation: [-0.9925f,0.0643f,0.1035f,-0.9305f,0.1055f,0.0292f,0.994f,-2.7001f,0.0609f,0.9975f,-0.0357f,3.0087f,0f,0f,0f,1f],start_interpolation: 0,interpolation_duration: 1}
$data merge entity $(bone_frontfootright) {transformation: [0.9925f,-0.1021f,0.0666f,-0.8833f,-0.1055f,-0.4465f,0.8885f,-2.2666f,-0.0609f,-0.8889f,-0.454f,2.8527f,0f,0f,0f,1f],start_interpolation: 0,interpolation_duration: 1}
$data merge entity $(bone_rearlegl) {transformation: [-1.0807f,0.0456f,-0.0602f,0.0002f,0.0654f,0.9968f,-0.4192f,-2.2968f,0.0378f,-0.4218f,-0.9971f,1.1298f,0f,0f,0f,1f],start_interpolation: 0,interpolation_duration: 1}
$data merge entity $(bone_rearfootleftd) {transformation: [-0.9976f,0.0379f,0.0586f,0.5359f,0.0604f,0.0489f,0.997f,-5.1983f,0.0349f,0.9981f,-0.051f,1.7656f,0f,0f,0f,1f],start_interpolation: 0,interpolation_duration: 1}
$data merge entity $(bone_rearfootleft) {transformation: [-0.9976f,0.0556f,0.0421f,0.5718f,0.0604f,0.3869f,0.9201f,-4.5173f,0.0349f,0.9204f,-0.3893f,1.613f,0f,0f,0f,1f],start_interpolation: 0,interpolation_duration: 1}
$data merge entity $(bone_rearlegtipleft) {transformation: [-0.9976f,0.068f,-0.0155f,0.5784f,0.0604f,0.9536f,0.2951f,-3.5784f,0.0349f,0.2934f,-0.9554f,1.9683f,0f,0f,0f,1f],start_interpolation: 0,interpolation_duration: 1}
$data merge entity $(bone_rearlegr) {transformation: [-1.0807f,-0.0456f,0.0602f,-1.3746f,-0.0654f,0.9968f,-0.4192f,-2.3867f,-0.0378f,-0.4218f,-0.9971f,1.0501f,0f,0f,0f,1f],start_interpolation: 0,interpolation_duration: 1}
$data merge entity $(bone_rearfootrightd) {transformation: [-0.9976f,-0.0586f,0.0379f,-0.5386f,-0.0604f,0.997f,-0.0489f,-5.2051f,-0.0349f,-0.051f,-0.9981f,1.7338f,0f,0f,0f,1f],start_interpolation: 0,interpolation_duration: 1}
$data merge entity $(bone_rearfootright) {transformation: [-0.9976f,-0.0556f,-0.0421f,-0.5745f,-0.0604f,0.3869f,0.9201f,-4.5242f,-0.0349f,0.9204f,-0.3893f,1.5812f,0f,0f,0f,1f],start_interpolation: 0,interpolation_duration: 1}
$data merge entity $(bone_rearlegtipright) {transformation: [-0.9976f,-0.068f,0.0155f,-0.7058f,-0.0604f,0.9536f,0.2951f,-3.5928f,-0.0349f,0.2934f,-0.9554f,1.9321f,0f,0f,0f,1f],start_interpolation: 0,interpolation_duration: 1}
$data merge entity $(bone_tail11) {transformation: [-0.2937f,0f,0f,0f,0f,0.2337f,0.2206f,-5.2872f,0f,0.2345f,-0.1971f,-3.8297f,0f,0f,0f,1f],start_interpolation: 0,interpolation_duration: 1}
$data merge entity $(bone_tail10) {transformation: [-0.3916f,0f,0f,0f,0f,0.3713f,0.2137f,-5.4074f,0f,0.2431f,-0.3282f,-3.6451f,0f,0f,0f,1f],start_interpolation: 0,interpolation_duration: 1}
$data merge entity $(bone_tail9) {transformation: [-0.4896f,0f,0f,0f,0f,0.5097f,0.1642f,-5.4998f,0f,0.2115f,-0.4647f,-3.3837f,0f,0f,0f,1f],start_interpolation: 0,interpolation_duration: 1}
$data merge entity $(bone_tail8) {transformation: [-0.5759f,0f,0f,0f,0f,0.6244f,0.0839f,-5.5469f,0f,0.148f,-0.5822f,-3.0562f,0f,0f,0f,1f],start_interpolation: 0,interpolation_duration: 1}
$data merge entity $(bone_tail7) {transformation: [-0.6776f,0f,0f,0f,0f,0.7412f,-0.0085f,-5.5422f,0f,0.0733f,-0.7029f,-2.6608f,0f,0f,0f,1f],start_interpolation: 0,interpolation_duration: 1}
$data merge entity $(bone_tail6) {transformation: [-0.7972f,0f,0f,0f,0f,0.8647f,-0.1133f,-5.4784f,0f,-0.0124f,-0.8313f,-2.1932f,0f,0f,0f,1f],start_interpolation: 0,interpolation_duration: 1}
$data merge entity $(bone_tail5) {transformation: [-0.8857f,0f,0f,0f,0f,0.9421f,-0.2264f,-5.3511f,0f,-0.111f,-0.9171f,-1.6774f,0f,0f,0f,1f],start_interpolation: 0,interpolation_duration: 1}
$data merge entity $(bone_tail4) {transformation: [-0.9842f,0f,0f,0f,0f,1.0134f,-0.3635f,-5.1466f,0f,-0.233f,-0.9996f,-1.1151f,0f,0f,0f,1f],start_interpolation: 0,interpolation_duration: 1}
$data merge entity $(bone_tail3) {transformation: [-1.0935f,0f,0f,0f,0f,1.0658f,-0.5431f,-4.8411f,0f,-0.3974f,-1.069f,-0.5138f,0f,0f,0f,1f],start_interpolation: 0,interpolation_duration: 1}
$data merge entity $(bone_tail2) {transformation: [-1.215f,0f,0f,0f,0f,1.0757f,-0.7807f,-4.402f,0f,-0.6212f,-1.1044f,0.1075f,0f,0f,0f,1f],start_interpolation: 0,interpolation_duration: 1}
$data merge entity $(bone_tail1) {transformation: [-1.35f,0f,0f,0f,0f,1.0097f,-1.0778f,-3.7957f,0f,-0.9098f,-1.0745f,0.7119f,0f,0f,0f,1f],start_interpolation: 0,interpolation_duration: 1}
$data merge entity $(bone_tail0) {transformation: [-1.5f,0f,0f,0f,0f,0.833f,-1.4138f,-2.7922f,0f,-1.2474f,-0.9441f,0.9311f,0f,0f,0f,1f],start_interpolation: 0,interpolation_duration: 1}