# This file was generated by Animated Java via MC-Build. It is not recommended to edit this file directly.
$data merge entity $(bone_leftwing20) { transformation: [-0.7118973896096803f,-2.6991329811952216f,0.9796016371986259f,1.5960684288258706f,-2.04661838665752f,-0.23093294672484094f,-2.1236193784723905f,2.0951240372142745f,2.014023683369538f,-1.1887334583716767f,-1.8117277606984505f,-1.9399086206139826f,0f,0f,0f,1f], start_interpolation: 0, interpolation_duration: 1 }
$data merge entity $(bone_leftwing21) { transformation: [-1.1991275757107585f,-2.6989881403972165f,0.16838331462633876f,1.5960684288258706f,0.1058976632963001f,-0.23092055440755893f,-2.947245875039921f,2.0951240372142745f,2.7021612845198124f,-1.188669668590319f,0.19022533189603902f,-1.9399086206139826f,0f,0f,0f,1f], start_interpolation: 0, interpolation_duration: 1 }
$data merge entity $(bone_leftwing22) { transformation: [-0.9559511628291872f,-2.7041997480083717f,-0.7470510491267803f,1.5960684288258706f,2.197869752135235f,-0.2313664501493407f,-1.974958807478965f,2.0951240372142745f,1.743602620948641f,-1.190964928728462f,2.0799222609521446f,-1.9399086206139826f,0f,0f,0f,1f], start_interpolation: 0, interpolation_duration: 1 }
$data merge entity $(bone_leftwing23) { transformation: [-0.12465775111363944f,-2.6611170237135986f,-1.187375709551703f,1.5960684288258706f,2.9004771976265586f,-0.22768037001040653f,0.20576228907346375f,2.0951240372142745f,-0.2804227444058647f,-1.1719907336058784f,2.656077041278411f,-1.9399086206139826f,0f,0f,0f,1f], start_interpolation: 0, interpolation_duration: 1 }
$data merge entity $(bone_leftwing1) { transformation: [-0.4094205887131237f,-1.8247659591178962f,0.708945679147805f,0.9819375457561851f,-1.5261197524673733f,-0.1561236822928502f,-1.2831928525970848f,-0.1940555914867853f,1.2261049231883547f,-0.8036507887583166f,-1.3604455619617473f,-0.1007512358314504f,0f,0f,0f,1f], start_interpolation: 0, interpolation_duration: 1 }
$data merge entity $(bone_leftwing) { transformation: [-0.19629169717079023f,-1.1202473033024307f,0.2600512645163517f,0.6874999999999998f,-0.4286423075676958f,-0.1735356460930811f,-1.0711032923155492f,-0.837019052838329f,1.0671674905543005f,-0.2757579918874512f,-0.38239009940811597f,1.5f,0f,0f,0f,1f], start_interpolation: 0, interpolation_duration: 1 }
$data merge entity $(bone_rightwing20) { transformation: [-0.71189738960968f,2.699132981195222f,-0.9796016371986256f,-1.5960684288258704f,2.04661838665752f,-0.23093294672484094f,-2.1236193784723905f,2.0951240372142745f,-2.0140236833695386f,-1.188733458371676f,-1.8117277606984505f,-1.939908620613983f,0f,0f,0f,1f], start_interpolation: 0, interpolation_duration: 1 }
$data merge entity $(bone_rightwing21) { transformation: [-1.1991919267141493f,2.699132981195222f,-0.16839235089192897f,-1.5960684288258704f,-0.10590334627868492f,-0.23093294672484094f,-2.9474040385524125f,2.0951240372142745f,-2.702306295604126f,-1.188733458371676f,0.1902355403102446f,-1.939908620613983f,0f,0f,0f,1f], start_interpolation: 0, interpolation_duration: 1 }
$data merge entity $(bone_rightwing22) { transformation: [-0.9541600297479927f,2.699132981195222f,0.7456513250619313f,-1.5960684288258704f,-2.193751678561732f,-0.23093294672484094f,-1.9712583945377824f,2.0951240372142745f,-1.7403356922013653f,-1.188733458371676f,2.0760251815690536f,-1.939908620613983f,0f,0f,0f,1f], start_interpolation: 0, interpolation_duration: 1 }
$data merge entity $(bone_rightwing23) { transformation: [-0.1246577511136396f,2.6611170237135986f,1.1873757095517024f,-1.5960684288258704f,-2.9004771976265586f,-0.22768037001040653f,0.20576228907346375f,2.0951240372142745f,0.28042274440586495f,-1.1719907336058777f,2.6560770412784116f,-1.939908620613983f,0f,0f,0f,1f], start_interpolation: 0, interpolation_duration: 1 }
$data merge entity $(bone_rightwing1) { transformation: [-0.4094205887131235f,1.8247659591178964f,-0.7089456791478048f,-0.9819375457561852f,1.5261197524673733f,-0.1561236822928502f,-1.2831928525970848f,-0.1940555914867853f,-1.226104923188355f,-0.8036507887583162f,-1.3604455619617473f,-0.10075123583145063f,0f,0f,0f,1f], start_interpolation: 0, interpolation_duration: 1 }
$data merge entity $(bone_rightwing) { transformation: [-0.19629169717078998f,1.1202473033024307f,-0.26005126451635163f,-0.6875000000000002f,0.4286423075676958f,-0.1735356460930811f,-1.0711032923155492f,-0.837019052838329f,-1.0671674905543005f,-0.2757579918874509f,-0.382390099408116f,1.4999999999999998f,0f,0f,0f,1f], start_interpolation: 0, interpolation_duration: 1 }
$data merge entity $(bone_head) { transformation: [-1.2269070000000002f,-7.091018857255775e-18f,1.5008535324214795e-16f,-4.606862004305004e-16f,0f,1.2255399136031968f,0.05790256310793305f,0.30544973517004825f,-1.5025277304014817e-16f,0.05790256310793305f,-1.2255399136031968f,3.7617883029723194f,0f,0f,0f,1f], start_interpolation: 0, interpolation_duration: 1 }
$data merge entity $(bone_neck4) { transformation: [-1.0497600000000002f,1.4029011097040548e-17f,1.2779076854782243e-16f,-4.52260870799479e-16f,0f,1.043490814141639f,-0.11455556905720146f,0.3308991000458994f,-1.2855852238729257e-16f,-0.11455556905720146f,-1.043490814141639f,3.692990265555429f,0f,0f,0f,1f], start_interpolation: 0, interpolation_duration: 1 }
$data merge entity $(bone_neck3) { transformation: [-1.1664000000000003f,4.4035041505689444e-17f,1.3588591313755368e-16f,-3.928107838017993e-16f,0f,1.109592686088452f,-0.3595734013786533f,0.17358573694273854f,-1.428428026525473e-16f,-0.3595734013786533f,-1.109592686088452f,3.2075434653917316f,0f,0f,0f,1f], start_interpolation: 0, interpolation_duration: 1 }
$data merge entity $(bone_neck2) { transformation: [-1.2960000000000003f,8.388510227515217e-17f,1.3473490597258402e-16f,-3.5912705730865327e-16f,0f,1.1001939993342709f,-0.6849738417113915f,0.002342276514890662f,-1.58714225169497e-16f,-0.6849738417113915f,-1.1001939993342709f,2.932494965558164f,0f,0f,0f,1f], start_interpolation: 0, interpolation_duration: 1 }
$data merge entity $(bone_neck1) { transformation: [-1.4400000000000002f,1.2389885227056354e-16f,1.2549140711344885e-16f,-3.2775420553029107e-16f,0f,1.0247151031695085f,-1.011710906008383f,-0.2505854499872051f,-1.7634913907721887e-16f,-1.011710906008383f,-1.0247151031695085f,2.6763161897657866f,0f,0f,0f,1f], start_interpolation: 0, interpolation_duration: 1 }
$data merge entity $(bone_neck0) { transformation: [-1.6f,1.579858580357099e-16f,1.1590651015738537e-16f,-3.086516941181766e-16f,0f,0.9464484799869155f,-1.290052431000561f,-0.6322515877365276f,-1.9594348786357652e-16f,-1.290052431000561f,-0.9464484799869155f,2.5203323467065926f,0f,0f,0f,1f], start_interpolation: 0, interpolation_duration: 1 }
$data merge entity $(bone_frontlegl) { transformation: [-0.992546151641322f,-0.11662652951821242f,0.035360846632105696f,0.4285466436926881f,-0.10554194733138723f,0.9676683831702482f,0.22908251257172918f,-0.9029767019842482f,-0.06093467170257387f,0.2236429136485556f,-0.9727645208164637f,2.131131673380823f,0f,0f,0f,1f], start_interpolation: 0, interpolation_duration: 1 }
$data merge entity $(bone_frontlegtipleft) { transformation: [-0.992546151641322f,-0.09075539234007565f,0.08133631183672341f,0.801479738956277f,-0.10554194733138723f,0.9738198441946168f,-0.20133506501916404f,-1.8952255227954418f,-0.06093467170257387f,-0.20841873671522732f,-0.9761396395857144f,1.8779189242716183f,0f,0f,0f,1f], start_interpolation: 0, interpolation_duration: 1 }
$data merge entity $(bone_frontfootleftd) { transformation: [-0.992546151641322f,-0.06434112200492217f,-0.10350051633276747f,0.9660438211888305f,-0.10554194733138722f,0.029174291663800367f,0.9939867997410298f,-3.7442207397310523f,-0.06093467170257365f,0.997501418908797f,-0.03574751822765243f,2.226310220890377f,0f,0f,0f,1f], start_interpolation: 0, interpolation_duration: 1 }
$data merge entity $(bone_frontfootleft) { transformation: [0.992546151641322f,0.10205406820155528f,-0.06661159077453466f,0.9401696626572226f,0.10554194733138728f,-0.44651786121593534f,0.888528388386463f,-3.3184341467321863f,0.06093467170257376f,-0.8889357495222356f,-0.4539605698800729f,2.0839110013205158f,0f,0f,0f,1f], start_interpolation: 0, interpolation_duration: 1 }
$data merge entity $(bone_frontlegr) { transformation: [-0.992546151641322f,0.1166265295182124f,-0.035360846632105467f,-0.8733176009334168f,0.10554194733138723f,0.9676683831702482f,0.22908251257172918f,-0.8830393804364775f,0.06093467170257363f,0.2236429136485556f,-0.9727645208164637f,2.177503602071578f,0f,0f,0f,1f], start_interpolation: 0, interpolation_duration: 1 }
$data merge entity $(bone_frontlegtipright) { transformation: [-0.992546151641322f,0.09075539234007572f,-0.08133631183672317f,-0.7521927520565005f,0.10554194733138723f,0.9738198441946168f,-0.20133506501916404f,-1.9004334201567963f,0.06093467170257363f,-0.20841873671522732f,-0.9761396395857144f,1.8098927067017294f,0f,0f,0f,1f], start_interpolation: 0, interpolation_duration: 1 }
$data merge entity $(bone_frontfootrightd) { transformation: [-0.992546151641322f,0.06434112200492237f,0.10350051633276747f,-0.9304991533182926f,0.10554194733138725f,0.029174291663800367f,0.9939867997410298f,-3.700068364035404f,0.06093467170257385f,0.997501418908797f,-0.03574751822765243f,2.196202231631209f,0f,0f,0f,1f], start_interpolation: 0, interpolation_duration: 1 }
$data merge entity $(bone_frontfootright) { transformation: [0.992546151641322f,-0.10205406820155523f,0.06661159077453457f,-0.883320484691517f,-0.10554194733138719f,-0.44651786121593534f,0.888528388386463f,-3.2665678212655784f,-0.06093467170257374f,-0.8889357495222356f,-0.4539605698800729f,2.040207537601012f,0f,0f,0f,1f], start_interpolation: 0, interpolation_duration: 1 }
$data merge entity $(bone_rearlegl) { transformation: [-1.080694387781476f,0.04561867207826237f,-0.06024689275429284f,0.0001571818243544243f,0.06544511820257093f,0.9968126921909396f,-0.41915689699874203f,-3.2967754674786467f,0.03778475661140108f,-0.42177541957299797f,-0.9971403706213835f,0.3172998482615327f,0f,0f,0f,1f], start_interpolation: 0, interpolation_duration: 1 }
$data merge entity $(bone_rearfootleftd) { transformation: [-0.9975640502598242f,0.03785635918518928f,0.05859062807699513f,0.53585512918611f,0.0604108783408347f,0.04887565219315082f,0.9969762767492432f,-6.1982701712269614f,0.03487823687206253f,0.9980872039516068f,-0.05104352947005342f,0.9530790512677727f,0f,0f,0f,1f], start_interpolation: 0, interpolation_duration: 1 }
$data merge entity $(bone_rearfootleft) { transformation: [-0.9975640502598242f,0.05561251638857803f,0.04210954345685755f,0.5717570048612718f,0.0604108783408347f,0.38691405876807017f,0.9201347927916365f,-5.5173132438367025f,0.03487823687206253f,0.9204372651889692f,-0.3893311565289217f,0.8004685393027602f,0f,0f,0f,1f], start_interpolation: 0, interpolation_duration: 1 }
$data merge entity $(bone_rearlegtipleft) { transformation: [-0.9975640502598242f,0.06800481824547042f,-0.015534166363708366f,0.578384955363235f,0.0604108783408347f,0.9535677079281103f,0.29505787936406547f,-4.578410973472544f,0.03487823687206253f,0.2934007005651675f,-0.9553530957193604f,1.1557586981548915f,0f,0f,0f,1f], start_interpolation: 0, interpolation_duration: 1 }
$data merge entity $(bone_rearlegr) { transformation: [-1.080694387781476f,-0.045618672078262264f,0.06024689275429308f,-1.374550548536607f,-0.06544511820257093f,0.9968126921909396f,-0.41915689699874203f,-3.3867052957320896f,-0.037784756611401335f,-0.42177541957299797f,-0.9971403706213835f,0.23755896145409228f,0f,0f,0f,1f], start_interpolation: 0, interpolation_duration: 1 }
$data merge entity $(bone_rearfootrightd) { transformation: [-0.9975640502598242f,-0.037856359185189516f,-0.0585906280769951f,-0.5385979267911046f,-0.0604108783408347f,0.04887565219315082f,0.9969762767492432f,-6.205135041761757f,-0.034878236872062776f,0.9980872039516068f,-0.05104352947005342f,0.9212957401594182f,0f,0f,0f,1f], start_interpolation: 0, interpolation_duration: 1 }
$data merge entity $(bone_rearfootright) { transformation: [-0.9975640502598242f,-0.05561251638857825f,-0.04210954345685744f,-0.5744998024662664f,-0.0604108783408347f,0.38691405876807017f,0.9201347927916365f,-5.524178114371498f,-0.034878236872062776f,0.9204372651889692f,-0.3893311565289217f,0.7686852281944057f,0f,0f,0f,1f], start_interpolation: 0, interpolation_duration: 1 }
$data merge entity $(bone_rearlegtipright) { transformation: [-0.9975640502598242f,-0.06800481824547047f,0.015534166363708602f,-0.7058232592507077f,-0.0604108783408347f,0.9535677079281103f,0.29505787936406547f,-4.592827203799944f,-0.034878236872062776f,0.2934007005651675f,-0.9553530957193604f,1.1196156074375292f,0f,0f,0f,1f], start_interpolation: 0, interpolation_duration: 1 }
$data merge entity $(bone_tail11) { transformation: [-0.2937340837125001f,-2.8722732939390806e-17f,2.413518538169339e-17f,5.685031144836627e-16f,0f,0.2336680883366651f,0.22057175627355924f,-6.287172727639095f,-3.5972050541899386e-17f,0.23453891325555004f,-0.19707874465108832f,-4.642180217834862f,0f,0f,0f,1f], start_interpolation: 0, interpolation_duration: 1 }
$data merge entity $(bone_tail10) { transformation: [-0.39164544495000014f,-2.977656248117725e-17f,4.019431678442624e-17f,5.45893811292423e-16f,0f,0.37133860551766024f,0.213700611767964f,-6.407379321758574f,-4.796273405586585e-17f,0.24314408449774136f,-0.3282115040223114f,-4.457561246822312f,0f,0f,0f,1f], start_interpolation: 0, interpolation_duration: 1 }
$data merge entity $(bone_tail9) { transformation: [-0.48955680618750014f,-2.5901522127714885e-17f,5.691081169115434e-17f,5.138814797161486e-16f,0f,0.5097412427734188f,0.16424631504580844f,-6.499767873971841f,-5.99534175698323e-17f,0.211501978739899f,-0.4647120437564354f,-4.196160722209317f,0f,0f,0f,1f], start_interpolation: 0, interpolation_duration: 1 }
$data merge entity $(bone_tail8) { transformation: [-0.5759491837500001f,-1.812264168041714e-17f,7.129488020036329e-17f,4.737781096034443e-16f,0f,0.6244496970848117f,0.08387829058340568f,-6.546949412425007f,-7.053343243509683e-17f,0.14798259949754355f,-0.5821668766047611f,-3.868691854119139f,0f,0f,0f,1f], start_interpolation: 0, interpolation_duration: 1 }
$data merge entity $(bone_tail7) { transformation: [-0.6775872750000002f,-8.975056045581692e-18f,8.607706799369819e-17f,4.253597588569891e-16f,0f,0.7411955695499648f,-0.008527307565879536f,-6.542152801919199f,-8.298050874717275e-17f,0.07328689424436892f,-0.7028726001131786f,-3.4733260165554762f,0f,0f,0f,1f], start_interpolation: 0, interpolation_duration: 1 }
$data merge entity $(bone_tail6) { transformation: [-0.7971615000000002f,1.5155159241418835e-18f,1.018048464574669e-16f,3.6809453272466394e-16f,0f,0.8646621156867175f,-0.11329156652373217f,-6.4784262957496f,-9.76241279378503e-17f,-0.012375126650370008f,-0.8312996574060978f,-3.005719959264546f,0f,0f,0f,1f], start_interpolation: 0, interpolation_duration: 1 }
$data merge entity $(bone_tail5) { transformation: [-0.8857350000000002f,1.3595112006914892e-17f,1.1230917216621754e-16f,3.0492062338116657e-16f,0f,0.9421204138568776f,-0.22642401293304365f,-6.351062788474763f,-1.0847125326427811e-16f,-0.11101251410921358f,-0.9170739861028628f,-2.4898658420816857f,0f,0f,0f,1f], start_interpolation: 0, interpolation_duration: 1 }
$data merge entity $(bone_tail4) { transformation: [-0.9841500000000002f,2.8532647914787196e-17f,1.2241775523580242e-16f,2.360606360610277e-16f,0f,1.01339329664542f,-0.36348156872965964f,-6.146604406064329f,-1.205236147380868e-16f,-0.2329867512384201f,-0.9996168309183875f,-1.9275813746900927f,0f,0f,0f,1f], start_interpolation: 0, interpolation_duration: 1 }
$data merge entity $(bone_tail3) { transformation: [-1.0935000000000001f,4.866531040880926e-17f,1.3091268280182908e-16f,1.6242225198499884e-16f,0f,1.065813870334636f,-0.5431479659616583f,-5.841083675210896f,-1.339151274867631e-16f,-0.39738241624190684f,-1.0689831786028068f,-1.326278336726014f,0f,0f,0f,1f], start_interpolation: 0, interpolation_duration: 1 }
$data merge entity $(bone_tail2) { transformation: [-1.215f,7.607831184508227e-17f,1.352557533230937e-16f,8.634089074075863e-17f,0f,1.0757307027740777f,-0.7806610982535584f,-5.40196180744327f,-1.4879458609640342e-16f,-0.6212265601645383f,-1.1044470407080964f,-0.7050268763277097f,0f,0f,0f,1f], start_interpolation: 0, interpolation_duration: 1 }
$data merge entity $(bone_tail1) { transformation: [-1.35f,1.1142400341643319e-16f,1.3158871778416569e-16f,1.2322236987165433e-17f,0f,1.0096744382384513f,-1.0777662619769868f,-4.795718285081215f,-1.6532731788489269e-16f,-0.9098460347425142f,-1.074503423156643f,-0.10061870080209806f,0f,0f,0f,1f], start_interpolation: 0, interpolation_duration: 1 }
$data merge entity $(bone_tail0) { transformation: [-1.5f,1.5276641072319767e-16f,1.1561677025379717e-16f,-1.4520593599796056e-17f,0f,0.8330140359962471f,-1.4137567305678194f,-3.7922266151377544f,-1.8369701987210297e-16f,-1.2474324093245464f,-0.9440825741290801f,0.11856964481437293f,0f,0f,0f,1f], start_interpolation: 0, interpolation_duration: 1 }