# This file was generated by Animated Java via MC-Build. It is not recommended to edit this file directly.
$data merge entity $(bone_leftwing20) {transformation: [-0.7119f,-2.6991f,0.9796f,1.5961f,-2.0466f,-0.2309f,-2.1236f,2.2201f,2.014f,-1.1887f,-1.8117f,-1.3774f,0f,0f,0f,1f],start_interpolation: 0,interpolation_duration: 1}
$data merge entity $(bone_leftwing21) {transformation: [-1.1991f,-2.699f,0.1684f,1.5961f,0.1059f,-0.2309f,-2.9472f,2.2201f,2.7022f,-1.1887f,0.1902f,-1.3774f,0f,0f,0f,1f],start_interpolation: 0,interpolation_duration: 1}
$data merge entity $(bone_leftwing22) {transformation: [-0.956f,-2.7042f,-0.7471f,1.5961f,2.1979f,-0.2314f,-1.975f,2.2201f,1.7436f,-1.191f,2.0799f,-1.3774f,0f,0f,0f,1f],start_interpolation: 0,interpolation_duration: 1}
$data merge entity $(bone_leftwing23) {transformation: [-0.1247f,-2.6611f,-1.1874f,1.5961f,2.9005f,-0.2277f,0.2058f,2.2201f,-0.2804f,-1.172f,2.6561f,-1.3774f,0f,0f,0f,1f],start_interpolation: 0,interpolation_duration: 1}
$data merge entity $(bone_leftwing1) {transformation: [-0.4094f,-1.8248f,0.7089f,0.9819f,-1.5261f,-0.1561f,-1.2832f,-0.0691f,1.2261f,-0.8037f,-1.3604f,0.4617f,0f,0f,0f,1f],start_interpolation: 0,interpolation_duration: 1}
$data merge entity $(bone_leftwing) {transformation: [-0.1963f,-1.1202f,0.2601f,0.6875f,-0.4286f,-0.1735f,-1.0711f,-0.712f,1.0672f,-0.2758f,-0.3824f,2.0625f,0f,0f,0f,1f],start_interpolation: 0,interpolation_duration: 1}
$data merge entity $(bone_rightwing20) {transformation: [-0.7119f,2.6991f,-0.9796f,-1.5961f,2.0466f,-0.2309f,-2.1236f,2.2201f,-2.014f,-1.1887f,-1.8117f,-1.3774f,0f,0f,0f,1f],start_interpolation: 0,interpolation_duration: 1}
$data merge entity $(bone_rightwing21) {transformation: [-1.1992f,2.6991f,-0.1684f,-1.5961f,-0.1059f,-0.2309f,-2.9474f,2.2201f,-2.7023f,-1.1887f,0.1902f,-1.3774f,0f,0f,0f,1f],start_interpolation: 0,interpolation_duration: 1}
$data merge entity $(bone_rightwing22) {transformation: [-0.9542f,2.6991f,0.7457f,-1.5961f,-2.1938f,-0.2309f,-1.9713f,2.2201f,-1.7403f,-1.1887f,2.076f,-1.3774f,0f,0f,0f,1f],start_interpolation: 0,interpolation_duration: 1}
$data merge entity $(bone_rightwing23) {transformation: [-0.1247f,2.6611f,1.1874f,-1.5961f,-2.9005f,-0.2277f,0.2058f,2.2201f,0.2804f,-1.172f,2.6561f,-1.3774f,0f,0f,0f,1f],start_interpolation: 0,interpolation_duration: 1}
$data merge entity $(bone_rightwing1) {transformation: [-0.4094f,1.8248f,-0.7089f,-0.9819f,1.5261f,-0.1561f,-1.2832f,-0.0691f,-1.2261f,-0.8037f,-1.3604f,0.4617f,0f,0f,0f,1f],start_interpolation: 0,interpolation_duration: 1}
$data merge entity $(bone_rightwing) {transformation: [-0.1963f,1.1202f,-0.2601f,-0.6875f,0.4286f,-0.1735f,-1.0711f,-0.712f,-1.0672f,-0.2758f,-0.3824f,2.0625f,0f,0f,0f,1f],start_interpolation: 0,interpolation_duration: 1}
$data merge entity $(bone_eyebrow) {transformation: [-0.8923f,0f,0f,0f,0f,0.8913f,0.0421f,0.7832f,0f,0.0421f,-0.8913f,5.956f,0f,0f,0f,1f],start_interpolation: 0,interpolation_duration: 1}
$data merge entity $(bone_head) {transformation: [-1.2269f,0f,0f,0f,0f,1.2255f,0.0579f,0.4304f,0f,0.0579f,-1.2255f,4.3243f,0f,0f,0f,1f],start_interpolation: 0,interpolation_duration: 1}
$data merge entity $(bone_neck4) {transformation: [-1.0498f,0f,0f,0f,0f,1.0435f,-0.1146f,0.4559f,0f,-0.1146f,-1.0435f,4.2555f,0f,0f,0f,1f],start_interpolation: 0,interpolation_duration: 1}
$data merge entity $(bone_neck3) {transformation: [-1.1664f,0f,0f,0f,0f,1.1096f,-0.3596f,0.2986f,0f,-0.3596f,-1.1096f,3.77f,0f,0f,0f,1f],start_interpolation: 0,interpolation_duration: 1}
$data merge entity $(bone_neck2) {transformation: [-1.296f,0f,0f,0f,0f,1.1002f,-0.685f,0.1273f,0f,-0.685f,-1.1002f,3.495f,0f,0f,0f,1f],start_interpolation: 0,interpolation_duration: 1}
$data merge entity $(bone_neck1) {transformation: [-1.44f,0f,0f,0f,0f,1.0247f,-1.0117f,-0.1256f,0f,-1.0117f,-1.0247f,3.2388f,0f,0f,0f,1f],start_interpolation: 0,interpolation_duration: 1}
$data merge entity $(bone_neck0) {transformation: [-1.6f,0f,0f,0f,0f,0.9464f,-1.2901f,-0.5073f,0f,-1.2901f,-0.9464f,3.0828f,0f,0f,0f,1f],start_interpolation: 0,interpolation_duration: 1}
$data merge entity $(bone_frontlegl) {transformation: [-0.9925f,-0.1166f,0.0354f,0.4285f,-0.1055f,0.9677f,0.2291f,-0.778f,-0.0609f,0.2236f,-0.9728f,2.6936f,0f,0f,0f,1f],start_interpolation: 0,interpolation_duration: 1}
$data merge entity $(bone_frontlegtipleft) {transformation: [-0.9925f,-0.0908f,0.0813f,0.8015f,-0.1055f,0.9738f,-0.2013f,-1.7702f,-0.0609f,-0.2084f,-0.9761f,2.4404f,0f,0f,0f,1f],start_interpolation: 0,interpolation_duration: 1}
$data merge entity $(bone_frontfootleftd) {transformation: [-0.9925f,-0.0643f,-0.1035f,0.966f,-0.1055f,0.0292f,0.994f,-3.6192f,-0.0609f,0.9975f,-0.0357f,2.7888f,0f,0f,0f,1f],start_interpolation: 0,interpolation_duration: 1}
$data merge entity $(bone_frontfootleft) {transformation: [0.9925f,0.1021f,-0.0666f,0.9402f,0.1055f,-0.4465f,0.8885f,-3.1934f,0.0609f,-0.8889f,-0.454f,2.6464f,0f,0f,0f,1f],start_interpolation: 0,interpolation_duration: 1}
$data merge entity $(bone_frontlegr) {transformation: [-0.9925f,0.1166f,-0.0354f,-0.8733f,0.1055f,0.9677f,0.2291f,-0.758f,0.0609f,0.2236f,-0.9728f,2.74f,0f,0f,0f,1f],start_interpolation: 0,interpolation_duration: 1}
$data merge entity $(bone_frontlegtipright) {transformation: [-0.9925f,0.0908f,-0.0813f,-0.7522f,0.1055f,0.9738f,-0.2013f,-1.7754f,0.0609f,-0.2084f,-0.9761f,2.3724f,0f,0f,0f,1f],start_interpolation: 0,interpolation_duration: 1}
$data merge entity $(bone_frontfootrightd) {transformation: [-0.9925f,0.0643f,0.1035f,-0.9305f,0.1055f,0.0292f,0.994f,-3.5751f,0.0609f,0.9975f,-0.0357f,2.7587f,0f,0f,0f,1f],start_interpolation: 0,interpolation_duration: 1}
$data merge entity $(bone_frontfootright) {transformation: [0.9925f,-0.1021f,0.0666f,-0.8833f,-0.1055f,-0.4465f,0.8885f,-3.1416f,-0.0609f,-0.8889f,-0.454f,2.6027f,0f,0f,0f,1f],start_interpolation: 0,interpolation_duration: 1}
$data merge entity $(bone_rearlegl) {transformation: [-1.0807f,0.0456f,-0.0602f,0.0002f,0.0654f,0.9968f,-0.4192f,-3.1718f,0.0378f,-0.4218f,-0.9971f,0.8798f,0f,0f,0f,1f],start_interpolation: 0,interpolation_duration: 1}
$data merge entity $(bone_rearfootleftd) {transformation: [-0.9976f,0.0379f,0.0586f,0.5359f,0.0604f,0.0489f,0.997f,-6.0733f,0.0349f,0.9981f,-0.051f,1.5156f,0f,0f,0f,1f],start_interpolation: 0,interpolation_duration: 1}
$data merge entity $(bone_rearfootleft) {transformation: [-0.9976f,0.0556f,0.0421f,0.5718f,0.0604f,0.3869f,0.9201f,-5.3923f,0.0349f,0.9204f,-0.3893f,1.363f,0f,0f,0f,1f],start_interpolation: 0,interpolation_duration: 1}
$data merge entity $(bone_rearlegtipleft) {transformation: [-0.9976f,0.068f,-0.0155f,0.5784f,0.0604f,0.9536f,0.2951f,-4.4534f,0.0349f,0.2934f,-0.9554f,1.7183f,0f,0f,0f,1f],start_interpolation: 0,interpolation_duration: 1}
$data merge entity $(bone_rearlegr) {transformation: [-1.0807f,-0.0456f,0.0602f,-1.3746f,-0.0654f,0.9968f,-0.4192f,-3.2617f,-0.0378f,-0.4218f,-0.9971f,0.8001f,0f,0f,0f,1f],start_interpolation: 0,interpolation_duration: 1}
$data merge entity $(bone_rearfootrightd) {transformation: [-0.9976f,-0.0586f,0.0379f,-0.5386f,-0.0604f,0.997f,-0.0489f,-6.0801f,-0.0349f,-0.051f,-0.9981f,1.4838f,0f,0f,0f,1f],start_interpolation: 0,interpolation_duration: 1}
$data merge entity $(bone_rearfootright) {transformation: [-0.9976f,-0.0556f,-0.0421f,-0.5745f,-0.0604f,0.3869f,0.9201f,-5.3992f,-0.0349f,0.9204f,-0.3893f,1.3312f,0f,0f,0f,1f],start_interpolation: 0,interpolation_duration: 1}
$data merge entity $(bone_rearlegtipright) {transformation: [-0.9976f,-0.068f,0.0155f,-0.7058f,-0.0604f,0.9536f,0.2951f,-4.4678f,-0.0349f,0.2934f,-0.9554f,1.6821f,0f,0f,0f,1f],start_interpolation: 0,interpolation_duration: 1}
$data merge entity $(bone_tail11) {transformation: [-0.2937f,0f,0f,0f,0f,0.2337f,0.2206f,-6.1622f,0f,0.2345f,-0.1971f,-4.0797f,0f,0f,0f,1f],start_interpolation: 0,interpolation_duration: 1}
$data merge entity $(bone_tail10) {transformation: [-0.3916f,0f,0f,0f,0f,0.3713f,0.2137f,-6.2824f,0f,0.2431f,-0.3282f,-3.8951f,0f,0f,0f,1f],start_interpolation: 0,interpolation_duration: 1}
$data merge entity $(bone_tail9) {transformation: [-0.4896f,0f,0f,0f,0f,0.5097f,0.1642f,-6.3748f,0f,0.2115f,-0.4647f,-3.6337f,0f,0f,0f,1f],start_interpolation: 0,interpolation_duration: 1}
$data merge entity $(bone_tail8) {transformation: [-0.5759f,0f,0f,0f,0f,0.6244f,0.0839f,-6.4219f,0f,0.148f,-0.5822f,-3.3062f,0f,0f,0f,1f],start_interpolation: 0,interpolation_duration: 1}
$data merge entity $(bone_tail7) {transformation: [-0.6776f,0f,0f,0f,0f,0.7412f,-0.0085f,-6.4172f,0f,0.0733f,-0.7029f,-2.9108f,0f,0f,0f,1f],start_interpolation: 0,interpolation_duration: 1}
$data merge entity $(bone_tail6) {transformation: [-0.7972f,0f,0f,0f,0f,0.8647f,-0.1133f,-6.3534f,0f,-0.0124f,-0.8313f,-2.4432f,0f,0f,0f,1f],start_interpolation: 0,interpolation_duration: 1}
$data merge entity $(bone_tail5) {transformation: [-0.8857f,0f,0f,0f,0f,0.9421f,-0.2264f,-6.2261f,0f,-0.111f,-0.9171f,-1.9274f,0f,0f,0f,1f],start_interpolation: 0,interpolation_duration: 1}
$data merge entity $(bone_tail4) {transformation: [-0.9842f,0f,0f,0f,0f,1.0134f,-0.3635f,-6.0216f,0f,-0.233f,-0.9996f,-1.3651f,0f,0f,0f,1f],start_interpolation: 0,interpolation_duration: 1}
$data merge entity $(bone_tail3) {transformation: [-1.0935f,0f,0f,0f,0f,1.0658f,-0.5431f,-5.7161f,0f,-0.3974f,-1.069f,-0.7638f,0f,0f,0f,1f],start_interpolation: 0,interpolation_duration: 1}
$data merge entity $(bone_tail2) {transformation: [-1.215f,0f,0f,0f,0f,1.0757f,-0.7807f,-5.277f,0f,-0.6212f,-1.1044f,-0.1425f,0f,0f,0f,1f],start_interpolation: 0,interpolation_duration: 1}
$data merge entity $(bone_tail1) {transformation: [-1.35f,0f,0f,0f,0f,1.0097f,-1.0778f,-4.6707f,0f,-0.9098f,-1.0745f,0.4619f,0f,0f,0f,1f],start_interpolation: 0,interpolation_duration: 1}
$data merge entity $(bone_tail0) {transformation: [-1.5f,0f,0f,0f,0f,0.833f,-1.4138f,-3.6672f,0f,-1.2474f,-0.9441f,0.6811f,0f,0f,0f,1f],start_interpolation: 0,interpolation_duration: 1}