# This file was generated by Animated Java via MC-Build. It is not recommended to edit this file directly.
$data merge entity $(bone_leftwing20) {transformation: [-0.2067f,2.939f,0.2674f,1.9965f,1.1065f,0.3257f,-2.7242f,-2.4076f,-2.7358f,-0.0903f,-1.122f,5.9575f,0f,0f,0f,1f],start_interpolation: 0,interpolation_duration: 1}
$data merge entity $(bone_leftwing21) {transformation: [-0.3359f,2.9388f,0.0371f,1.9965f,2.7281f,0.3257f,-1.0964f,-2.4076f,-1.0933f,-0.0903f,-2.7473f,5.9575f,0f,0f,0f,1f],start_interpolation: 0,interpolation_duration: 1}
$data merge entity $(bone_leftwing22) {transformation: [-0.2605f,2.9445f,-0.2163f,1.9965f,2.689f,0.3263f,1.2032f,-2.4076f,1.2191f,-0.0905f,-2.7f,5.9575f,0f,0f,0f,1f],start_interpolation: 0,interpolation_duration: 1}
$data merge entity $(bone_leftwing23) {transformation: [-0.025f,2.8976f,-0.3323f,1.9965f,0.9864f,0.3211f,2.7259f,-2.4076f,2.7447f,-0.0891f,-0.9827f,5.9575f,0f,0f,0f,1f],start_interpolation: 0,interpolation_duration: 1}
$data merge entity $(bone_leftwing1) {transformation: [-0.1201f,1.9869f,0.1944f,1.8163f,0.5515f,0.2202f,-1.9098f,-1.5804f,-1.9187f,-0.0611f,-0.5611f,3.0794f,0f,0f,0f,1f],start_interpolation: 0,interpolation_duration: 1}
$data merge entity $(bone_leftwing) {transformation: [-0.7526f,0.8888f,0.0692f,0.6875f,0.5789f,0.5561f,-0.8466f,-0.712f,-0.678f,-0.5117f,-0.7997f,2.0625f,0f,0f,0f,1f],start_interpolation: 0,interpolation_duration: 1}
$data merge entity $(bone_rightwing20) {transformation: [-0.2067f,-2.939f,-0.2674f,-1.9965f,-1.1065f,0.3257f,-2.7242f,-2.4076f,2.7358f,-0.0903f,-1.122f,5.9575f,0f,0f,0f,1f],start_interpolation: 0,interpolation_duration: 1}
$data merge entity $(bone_rightwing21) {transformation: [-0.3359f,-2.939f,-0.0371f,-1.9965f,-2.7283f,0.3257f,-1.0964f,-2.4076f,1.0933f,-0.0903f,-2.7474f,5.9575f,0f,0f,0f,1f],start_interpolation: 0,interpolation_duration: 1}
$data merge entity $(bone_rightwing22) {transformation: [-0.26f,-2.939f,0.2159f,-1.9965f,-2.6839f,0.3257f,1.2009f,-2.4076f,-1.2168f,-0.0903f,-2.695f,5.9575f,0f,0f,0f,1f],start_interpolation: 0,interpolation_duration: 1}
$data merge entity $(bone_rightwing23) {transformation: [-0.025f,-2.8976f,0.3323f,-1.9965f,-0.9864f,0.3211f,2.7259f,-2.4076f,-2.7447f,-0.0891f,-0.9827f,5.9575f,0f,0f,0f,1f],start_interpolation: 0,interpolation_duration: 1}
$data merge entity $(bone_rightwing1) {transformation: [-0.1201f,-1.9869f,-0.1944f,-1.8163f,-0.5515f,0.2202f,-1.9098f,-1.5804f,1.9187f,-0.0611f,-0.5611f,3.0794f,0f,0f,0f,1f],start_interpolation: 0,interpolation_duration: 1}
$data merge entity $(bone_rightwing) {transformation: [-0.7526f,-0.8888f,-0.0692f,-0.6875f,-0.5789f,0.5561f,-0.8466f,-0.712f,0.678f,-0.5117f,-0.7997f,2.0625f,0f,0f,0f,1f],start_interpolation: 0,interpolation_duration: 1}
$data merge entity $(bone_eyebrow) {transformation: [-0.8923f,0f,0f,0f,0f,0.891f,-0.0472f,0.9235f,0f,-0.0472f,-0.891f,5.987f,0f,0f,0f,1f],start_interpolation: 0,interpolation_duration: 1}
$data merge entity $(bone_head) {transformation: [-1.2269f,0f,0f,0f,0f,1.2252f,-0.0649f,0.4094f,0f,-0.0649f,-1.2252f,4.3986f,0f,0f,0f,1f],start_interpolation: 0,interpolation_duration: 1}
$data merge entity $(bone_neck4) {transformation: [-1.0498f,0f,0f,0f,0f,1.0172f,-0.2596f,0.425f,0f,-0.2596f,-1.0172f,4.3269f,0f,0f,0f,1f],start_interpolation: 0,interpolation_duration: 1}
$data merge entity $(bone_neck3) {transformation: [-1.1664f,0f,0f,0f,0f,1.072f,-0.4597f,0.2239f,0f,-0.4597f,-1.072f,3.858f,0f,0f,0f,1f],start_interpolation: 0,interpolation_duration: 1}
$data merge entity $(bone_neck2) {transformation: [-1.296f,0f,0f,0f,0f,1.129f,-0.6364f,0.0648f,0f,-0.6364f,-1.129f,3.5757f,0f,0f,0f,1f],start_interpolation: 0,interpolation_duration: 1}
$data merge entity $(bone_neck1) {transformation: [-1.44f,0f,0f,0f,0f,1.1612f,-0.8516f,-0.1481f,0f,-0.8516f,-1.1612f,3.2854f,0f,0f,0f,1f],start_interpolation: 0,interpolation_duration: 1}
$data merge entity $(bone_neck0) {transformation: [-1.6f,0f,0f,0f,0f,1.1006f,-1.1613f,-0.5073f,0f,-1.1613f,-1.1006f,3.0828f,0f,0f,0f,1f],start_interpolation: 0,interpolation_duration: 1}
$data merge entity $(bone_frontlegl) {transformation: [-0.9925f,-0.1186f,0.028f,0.4282f,-0.1055f,0.9514f,0.2894f,-0.7771f,-0.0609f,0.2843f,-0.9568f,2.6977f,0f,0f,0f,1f],start_interpolation: 0,interpolation_duration: 1}
$data merge entity $(bone_frontlegtipleft) {transformation: [-0.9925f,-0.0957f,0.0755f,0.803f,-0.1055f,0.9845f,-0.1398f,-1.7502f,-0.0609f,-0.1467f,-0.9873f,2.3807f,0f,0f,0f,1f],start_interpolation: 0,interpolation_duration: 1}
$data merge entity $(bone_frontfootleftd) {transformation: [-0.9925f,-0.0577f,-0.1073f,0.9766f,-0.1055f,-0.0333f,0.9939f,-3.6166f,-0.0609f,0.9978f,0.0269f,2.6121f,0f,0f,0f,1f],start_interpolation: 0,interpolation_duration: 1}
$data merge entity $(bone_frontfootleft) {transformation: [0.9925f,0.0977f,-0.0729f,0.9482f,0.1055f,-0.3899f,0.9148f,-3.1829f,0.0609f,-0.9157f,-0.3973f,2.4967f,0f,0f,0f,1f],start_interpolation: 0,interpolation_duration: 1}
$data merge entity $(bone_frontlegr) {transformation: [-0.9925f,0.1186f,-0.028f,-0.8732f,0.1055f,0.9514f,0.2894f,-0.7563f,0.0609f,0.2843f,-0.9568f,2.739f,0f,0f,0f,1f],start_interpolation: 0,interpolation_duration: 1}
$data merge entity $(bone_frontlegtipright) {transformation: [-0.9925f,0.0957f,-0.0755f,-0.7533f,0.1055f,0.9845f,-0.1398f,-1.7493f,0.0609f,-0.1467f,-0.9873f,2.3095f,0f,0f,0f,1f],start_interpolation: 0,interpolation_duration: 1}
$data merge entity $(bone_frontfootrightd) {transformation: [-0.9925f,0.0577f,0.1073f,-0.9407f,0.1055f,-0.0333f,0.9939f,-3.5688f,0.0609f,0.9978f,0.0269f,2.5817f,0f,0f,0f,1f],start_interpolation: 0,interpolation_duration: 1}
$data merge entity $(bone_frontfootright) {transformation: [0.9925f,-0.0977f,0.0729f,-0.8909f,-0.1055f,-0.3899f,0.9148f,-3.1266f,-0.0609f,-0.9157f,-0.3973f,2.4533f,0f,0f,0f,1f],start_interpolation: 0,interpolation_duration: 1}
$data merge entity $(bone_rearlegl) {transformation: [-1.0807f,0.0493f,-0.0573f,0.0012f,0.0654f,1.0212f,-0.3558f,-3.1586f,0.0378f,-0.3583f,-1.0217f,0.8862f,0f,0f,0f,1f],start_interpolation: 0,interpolation_duration: 1}
$data merge entity $(bone_rearfootleftd) {transformation: [-0.9976f,0.0341f,0.0609f,0.5284f,0.0604f,-0.0138f,0.9981f,-6.0955f,0.0349f,0.9993f,0.0117f,1.341f,0f,0f,0f,1f],start_interpolation: 0,interpolation_duration: 1}
$data merge entity $(bone_rearfootleft) {transformation: [-0.9976f,0.0529f,0.0455f,0.5663f,0.0604f,0.3284f,0.9426f,-5.4064f,0.0349f,0.9431f,-0.3308f,1.2315f,0f,0f,0f,1f],start_interpolation: 0,interpolation_duration: 1}
$data merge entity $(bone_rearlegtipleft) {transformation: [-0.9976f,0.0688f,-0.0112f,0.5735f,0.0604f,0.9332f,0.3543f,-4.4916f,0.0349f,0.3528f,-0.935f,1.6449f,0f,0f,0f,1f],start_interpolation: 0,interpolation_duration: 1}
$data merge entity $(bone_rearlegr) {transformation: [-1.0807f,-0.0493f,0.0573f,-1.3757f,-0.0654f,1.0212f,-0.3558f,-3.2466f,-0.0378f,-0.3583f,-1.0217f,0.8061f,0f,0f,0f,1f],start_interpolation: 0,interpolation_duration: 1}
$data merge entity $(bone_rearfootrightd) {transformation: [-0.9976f,-0.0609f,0.0341f,-0.5313f,-0.0604f,0.9981f,0.0138f,-6.1003f,-0.0349f,0.0117f,-0.9993f,1.3088f,0f,0f,0f,1f],start_interpolation: 0,interpolation_duration: 1}
$data merge entity $(bone_rearfootright) {transformation: [-0.9976f,-0.0529f,-0.0455f,-0.5692f,-0.0604f,0.3284f,0.9426f,-5.4113f,-0.0349f,0.9431f,-0.3308f,1.1993f,0f,0f,0f,1f],start_interpolation: 0,interpolation_duration: 1}
$data merge entity $(bone_rearlegtipright) {transformation: [-0.9976f,-0.0688f,0.0112f,-0.7011f,-0.0604f,0.9332f,0.3543f,-4.504f,-0.0349f,0.3528f,-0.935f,1.6084f,0f,0f,0f,1f],start_interpolation: 0,interpolation_duration: 1}
$data merge entity $(bone_tail11) {transformation: [-0.2937f,0f,0f,0f,0f,0.2063f,0.2518f,-6.0511f,0f,0.2515f,-0.1671f,-3.4393f,0f,0f,0f,1f],start_interpolation: 0,interpolation_duration: 1}
$data merge entity $(bone_tail10) {transformation: [-0.3916f,0f,0f,0f,0f,0.3101f,0.3035f,-6.2218f,0f,0.3089f,-0.2582f,-3.294f,0f,0f,0f,1f],start_interpolation: 0,interpolation_duration: 1}
$data merge entity $(bone_tail9) {transformation: [-0.4896f,0f,0f,0f,0f,0.4335f,0.3261f,-6.4052f,0f,0.3412f,-0.37f,-3.0859f,0f,0f,0f,1f],start_interpolation: 0,interpolation_duration: 1}
$data merge entity $(bone_tail8) {transformation: [-0.5759f,0f,0f,0f,0f,0.5646f,0.2975f,-6.5725f,0f,0.3269f,-0.4937f,-2.8083f,0f,0f,0f,1f],start_interpolation: 0,interpolation_duration: 1}
$data merge entity $(bone_tail7) {transformation: [-0.6776f,0f,0f,0f,0f,0.7192f,0.2155f,-6.6938f,0f,0.2655f,-0.644f,-2.446f,0f,0f,0f,1f],start_interpolation: 0,interpolation_duration: 1}
$data merge entity $(bone_tail6) {transformation: [-0.7972f,0f,0f,0f,0f,0.8812f,0.0601f,-6.7276f,0f,0.1371f,-0.8079f,-1.9916f,0f,0f,0f,1f],start_interpolation: 0,interpolation_duration: 1}
$data merge entity $(bone_tail5) {transformation: [-0.8857f,0f,0f,0f,0f,0.9668f,-0.1688f,-6.6327f,0f,-0.0663f,-0.9081f,-1.4808f,0f,0f,0f,1f],start_interpolation: 0,interpolation_duration: 1}
$data merge entity $(bone_tail4) {transformation: [-0.9842f,0f,0f,0f,0f,0.9974f,-0.4408f,-6.3847f,0f,-0.3145f,-0.9616f,-0.9399f,0f,0f,0f,1f],start_interpolation: 0,interpolation_duration: 1}
$data merge entity $(bone_tail3) {transformation: [-1.0935f,0f,0f,0f,0f,0.9677f,-0.729f,-5.9746f,0f,-0.5834f,-0.9609f,-0.3994f,0f,0f,0f,1f],start_interpolation: 0,interpolation_duration: 1}
$data merge entity $(bone_tail2) {transformation: [-1.215f,0f,0f,0f,0f,0.8899f,-1.0101f,-5.4065f,0f,-0.8501f,-0.9151f,0.1153f,0f,0f,0f,1f],start_interpolation: 0,interpolation_duration: 1}
$data merge entity $(bone_tail1) {transformation: [-1.35f,0f,0f,0f,0f,0.7851f,-1.2732f,-4.6903f,0f,-1.1027f,-0.8427f,0.5894f,0f,0f,0f,1f],start_interpolation: 0,interpolation_duration: 1}
$data merge entity $(bone_tail0) {transformation: [-1.5f,0f,0f,0f,0f,0.6701f,-1.5209f,-3.6672f,0f,-1.342f,-0.7595f,0.6811f,0f,0f,0f,1f],start_interpolation: 0,interpolation_duration: 1}