# This file was generated by Animated Java via MC-Build. It is not recommended to edit this file directly.
$data merge entity $(bone_leftwing20) {transformation: [-0.6544f,2.8848f,-0.0346f,2.8158f,0.8136f,0.1505f,-2.8403f,-1.0305f,-2.7679f,-0.6378f,-0.8267f,5.8721f,0f,0f,0f,1f],start_interpolation: 0,interpolation_duration: 1}
$data merge entity $(bone_leftwing21) {transformation: [-0.4297f,2.8847f,-0.4948f,2.8158f,2.6081f,0.1505f,-1.3877f,-1.0305f,-1.3281f,-0.6378f,-2.5652f,5.8721f,0f,0f,0f,1f],start_interpolation: 0,interpolation_duration: 1}
$data merge entity $(bone_leftwing22) {transformation: [0.0575f,2.8902f,-0.6541f,2.8158f,2.8154f,0.1508f,0.9139f,-1.0305f,0.9245f,-0.639f,-2.7426f,5.8721f,0f,0f,0f,1f],start_interpolation: 0,interpolation_duration: 1}
$data merge entity $(bone_leftwing23) {transformation: [0.5023f,2.8442f,-0.4064f,2.8158f,1.2777f,0.1484f,2.6177f,-1.0305f,2.5734f,-0.6289f,-1.2204f,5.8721f,0f,0f,0f,1f],start_interpolation: 0,interpolation_duration: 1}
$data merge entity $(bone_leftwing1) {transformation: [-0.4425f,1.9503f,0.023f,2.1521f,0.3463f,0.1018f,-1.9672f,-0.5111f,-1.9195f,-0.4312f,-0.3602f,2.9929f,0f,0f,0f,1f],start_interpolation: 0,interpolation_duration: 1}
$data merge entity $(bone_leftwing) {transformation: [-0.9764f,0.6298f,-0.1052f,0.6875f,0.4494f,0.5412f,-0.9307f,0.163f,-0.4536f,-0.8195f,-0.6955f,2.3125f,0f,0f,0f,1f],start_interpolation: 0,interpolation_duration: 1}
$data merge entity $(bone_rightwing20) {transformation: [-0.6544f,-2.8848f,0.0346f,-2.8158f,-0.8136f,0.1505f,-2.8403f,-1.0305f,2.7679f,-0.6378f,-0.8267f,5.8721f,0f,0f,0f,1f],start_interpolation: 0,interpolation_duration: 1}
$data merge entity $(bone_rightwing21) {transformation: [-0.4297f,-2.8848f,0.4948f,-2.8158f,-2.6083f,0.1505f,-1.3878f,-1.0305f,1.3281f,-0.6378f,-2.5653f,5.8721f,0f,0f,0f,1f],start_interpolation: 0,interpolation_duration: 1}
$data merge entity $(bone_rightwing22) {transformation: [0.0574f,-2.8848f,0.6528f,-2.8158f,-2.8102f,0.1505f,0.9122f,-1.0305f,-0.9227f,-0.6378f,-2.7374f,5.8721f,0f,0f,0f,1f],start_interpolation: 0,interpolation_duration: 1}
$data merge entity $(bone_rightwing23) {transformation: [0.5023f,-2.8442f,0.4064f,-2.8158f,-1.2777f,0.1484f,2.6177f,-1.0305f,-2.5734f,-0.6289f,-1.2204f,5.8721f,0f,0f,0f,1f],start_interpolation: 0,interpolation_duration: 1}
$data merge entity $(bone_rightwing1) {transformation: [-0.4425f,-1.9503f,-0.023f,-2.1521f,-0.3463f,0.1018f,-1.9672f,-0.5111f,1.9195f,-0.4312f,-0.3602f,2.9929f,0f,0f,0f,1f],start_interpolation: 0,interpolation_duration: 1}
$data merge entity $(bone_rightwing) {transformation: [-0.9764f,-0.6298f,0.1052f,-0.6875f,-0.4494f,0.5412f,-0.9307f,0.163f,0.4536f,-0.8195f,-0.6955f,2.3125f,0f,0f,0f,1f],start_interpolation: 0,interpolation_duration: 1}
$data merge entity $(bone_eyebrow) {transformation: [-0.8923f,0f,0f,0f,0f,0.8906f,-0.0543f,1.8617f,0f,-0.0543f,-0.8906f,6.2003f,0f,0f,0f,1f],start_interpolation: 0,interpolation_duration: 1}
$data merge entity $(bone_head) {transformation: [-1.2269f,0f,0f,0f,0f,1.2246f,-0.0746f,1.335f,0f,-0.0746f,-1.2246f,4.6161f,0f,0f,0f,1f],start_interpolation: 0,interpolation_duration: 1}
$data merge entity $(bone_neck4) {transformation: [-1.0498f,0f,0f,0f,0f,1.0129f,-0.2759f,1.3494f,0f,-0.2759f,-1.0129f,4.5442f,0f,0f,0f,1f],start_interpolation: 0,interpolation_duration: 1}
$data merge entity $(bone_neck3) {transformation: [-1.1664f,0f,0f,0f,0f,1.052f,-0.5037f,1.129f,0f,-0.5037f,-1.052f,4.0839f,0f,0f,0f,1f],start_interpolation: 0,interpolation_duration: 1}
$data merge entity $(bone_neck2) {transformation: [-1.296f,0f,0f,0f,0f,1.0933f,-0.6959f,0.955f,0f,-0.6959f,-1.0933f,3.8106f,0f,0f,0f,1f],start_interpolation: 0,interpolation_duration: 1}
$data merge entity $(bone_neck1) {transformation: [-1.44f,0f,0f,0f,0f,1.1246f,-0.8994f,0.7302f,0f,-0.8994f,-1.1246f,3.5295f,0f,0f,0f,1f],start_interpolation: 0,interpolation_duration: 1}
$data merge entity $(bone_neck0) {transformation: [-1.6f,0f,0f,0f,0f,1.0813f,-1.1793f,0.3677f,0f,-1.1793f,-1.0813f,3.3328f,0f,0f,0f,1f],start_interpolation: 0,interpolation_duration: 1}
$data merge entity $(bone_frontlegl) {transformation: [-0.9925f,-0.1184f,0.0289f,0.4283f,-0.1055f,0.9537f,0.2815f,0.0978f,-0.0609f,0.2764f,-0.9591f,2.9471f,0f,0f,0f,1f],start_interpolation: 0,interpolation_duration: 1}
$data merge entity $(bone_frontlegtipleft) {transformation: [-0.9925f,-0.0951f,0.0763f,0.8028f,-0.1055f,0.9833f,-0.1479f,-0.878f,-0.0609f,-0.1549f,-0.9861f,2.6385f,0f,0f,0f,1f],start_interpolation: 0,interpolation_duration: 1}
$data merge entity $(bone_frontfootleftd) {transformation: [-0.9925f,-0.0586f,-0.1069f,0.9753f,-0.1055f,-0.0251f,0.9941f,-2.7426f,-0.0609f,0.998f,0.0187f,2.8853f,0f,0f,0f,1f],start_interpolation: 0,interpolation_duration: 1}
$data merge entity $(bone_frontfootleft) {transformation: [0.9925f,0.0983f,-0.0721f,0.9472f,0.1055f,-0.3974f,0.9116f,-2.3098f,0.0609f,-0.9124f,-0.4048f,2.7663f,0f,0f,0f,1f],start_interpolation: 0,interpolation_duration: 1}
$data merge entity $(bone_frontlegr) {transformation: [-0.9925f,0.1184f,-0.0289f,-0.8732f,0.1055f,0.9537f,0.2815f,0.1185f,0.0609f,0.2764f,-0.9591f,2.9891f,0f,0f,0f,1f],start_interpolation: 0,interpolation_duration: 1}
$data merge entity $(bone_frontlegtipright) {transformation: [-0.9925f,0.0951f,-0.0763f,-0.7532f,0.1055f,0.9833f,-0.1479f,-0.8779f,0.0609f,-0.1549f,-0.9861f,2.5677f,0f,0f,0f,1f],start_interpolation: 0,interpolation_duration: 1}
$data merge entity $(bone_frontfootrightd) {transformation: [-0.9925f,0.0586f,0.1069f,-0.9394f,0.1055f,-0.0251f,0.9941f,-2.6952f,0.0609f,0.998f,0.0187f,2.855f,0f,0f,0f,1f],start_interpolation: 0,interpolation_duration: 1}
$data merge entity $(bone_frontfootright) {transformation: [0.9925f,-0.0983f,0.0721f,-0.89f,-0.1055f,-0.3974f,0.9116f,-2.2541f,-0.0609f,-0.9124f,-0.4048f,2.7229f,0f,0f,0f,1f],start_interpolation: 0,interpolation_duration: 1}
$data merge entity $(bone_rearlegl) {transformation: [-1.0807f,0.0488f,-0.0577f,0.001f,0.0654f,1.0182f,-0.3642f,-2.2853f,0.0378f,-0.3668f,-1.0187f,1.1353f,0f,0f,0f,1f],start_interpolation: 0,interpolation_duration: 1}
$data merge entity $(bone_rearfootleftd) {transformation: [-0.9976f,0.0346f,0.0606f,0.5294f,0.0604f,-0.0056f,0.9982f,-5.2182f,0.0349f,0.9994f,0.0035f,1.614f,0f,0f,0f,1f],start_interpolation: 0,interpolation_duration: 1}
$data merge entity $(bone_rearfootleft) {transformation: [-0.9976f,0.0532f,0.0451f,0.567f,0.0604f,0.3362f,0.9399f,-4.53f,0.0349f,0.9403f,-0.3386f,1.4988f,0f,0f,0f,1f],start_interpolation: 0,interpolation_duration: 1}
$data merge entity $(bone_rearlegtipleft) {transformation: [-0.9976f,0.0688f,-0.0118f,0.5741f,0.0604f,0.9361f,0.3466f,-3.6118f,0.0349f,0.3451f,-0.9379f,1.9047f,0f,0f,0f,1f],start_interpolation: 0,interpolation_duration: 1}
$data merge entity $(bone_rearlegr) {transformation: [-1.0807f,-0.0488f,0.0577f,-1.3755f,-0.0654f,1.0182f,-0.3642f,-2.3735f,-0.0378f,-0.3668f,-1.0187f,1.0552f,0f,0f,0f,1f],start_interpolation: 0,interpolation_duration: 1}
$data merge entity $(bone_rearfootrightd) {transformation: [-0.9976f,-0.0606f,0.0346f,-0.5322f,-0.0604f,0.9982f,0.0056f,-5.2233f,-0.0349f,0.0035f,-0.9994f,1.5819f,0f,0f,0f,1f],start_interpolation: 0,interpolation_duration: 1}
$data merge entity $(bone_rearfootright) {transformation: [-0.9976f,-0.0532f,-0.0451f,-0.5698f,-0.0604f,0.3362f,0.9399f,-4.5351f,-0.0349f,0.9403f,-0.3386f,1.4667f,0f,0f,0f,1f],start_interpolation: 0,interpolation_duration: 1}
$data merge entity $(bone_rearlegtipright) {transformation: [-0.9976f,-0.0688f,0.0118f,-0.7017f,-0.0604f,0.9361f,0.3466f,-3.6245f,-0.0349f,0.3451f,-0.9379f,1.8682f,0f,0f,0f,1f],start_interpolation: 0,interpolation_duration: 1}
$data merge entity $(bone_tail11) {transformation: [-0.2937f,0f,0f,0f,0f,0.2076f,0.25f,-4.8831f,0f,0.2512f,-0.1685f,-3.2821f,0f,0f,0f,1f],start_interpolation: 0,interpolation_duration: 1}
$data merge entity $(bone_tail10) {transformation: [-0.3916f,0f,0f,0f,0f,0.3102f,0.3025f,-5.0533f,0f,0.3097f,-0.2584f,-3.1367f,0f,0f,0f,1f],start_interpolation: 0,interpolation_duration: 1}
$data merge entity $(bone_tail9) {transformation: [-0.4896f,0f,0f,0f,0f,0.428f,0.3318f,-5.24f,0f,0.348f,-0.3648f,-2.9315f,0f,0f,0f,1f],start_interpolation: 0,interpolation_duration: 1}
$data merge entity $(bone_tail8) {transformation: [-0.5759f,0f,0f,0f,0f,0.552f,0.3182f,-5.419f,0f,0.3472f,-0.4809f,-2.661f,0f,0f,0f,1f],start_interpolation: 0,interpolation_duration: 1}
$data merge entity $(bone_tail7) {transformation: [-0.6776f,0f,0f,0f,0f,0.703f,0.2602f,-5.5653f,0f,0.3079f,-0.6262f,-2.3088f,0f,0f,0f,1f],start_interpolation: 0,interpolation_duration: 1}
$data merge entity $(bone_tail6) {transformation: [-0.7972f,0f,0f,0f,0f,0.8716f,0.1341f,-5.6408f,0f,0.2072f,-0.7944f,-1.8619f,0f,0f,0f,1f],start_interpolation: 0,interpolation_duration: 1}
$data merge entity $(bone_tail5) {transformation: [-0.8857f,0f,0f,0f,0f,0.977f,-0.0745f,-5.5989f,0f,0.024f,-0.9119f,-1.349f,0f,0f,0f,1f],start_interpolation: 0,interpolation_duration: 1}
$data merge entity $(bone_tail4) {transformation: [-0.9842f,0f,0f,0f,0f,1.0338f,-0.3416f,-5.4067f,0f,-0.218f,-0.9898f,-0.7923f,0f,0f,0f,1f],start_interpolation: 0,interpolation_duration: 1}
$data merge entity $(bone_tail3) {transformation: [-1.0935f,0f,0f,0f,0f,1.0247f,-0.643f,-5.045f,0f,-0.498f,-1.01f,-0.2241f,0f,0f,0f,1f],start_interpolation: 0,interpolation_duration: 1}
$data merge entity $(bone_tail2) {transformation: [-1.215f,0f,0f,0f,0f,0.9515f,-0.9494f,-4.511f,0f,-0.7887f,-0.9714f,0.3223f,0f,0f,0f,1f],start_interpolation: 0,interpolation_duration: 1}
$data merge entity $(bone_tail1) {transformation: [-1.35f,0f,0f,0f,0f,0.8328f,-1.2397f,-3.8136f,0f,-1.0688f,-0.8892f,0.8225f,0f,0f,0f,1f],start_interpolation: 0,interpolation_duration: 1}
$data merge entity $(bone_tail0) {transformation: [-1.5f,0f,0f,0f,0f,0.6922f,-1.5082f,-2.7922f,0f,-1.3307f,-0.7845f,0.9311f,0f,0f,0f,1f],start_interpolation: 0,interpolation_duration: 1}