# This file was generated by Animated Java via MC-Build. It is not recommended to edit this file directly.
$data merge entity $(bone_leftwing20) { transformation: [-1.4693123847195448f,2.566426593273624f,0.07944663969492338f,3.871361112156901f,0.28054656079000645f,0.25144945413958075f,-2.9342465660460304f,-1.1591186725514893f,-2.5522834588755567f,-1.4498151000944766f,-0.3682681525727944f,4.232534340728783f,0f,0f,0f,1f], start_interpolation: 0, interpolation_duration: 1 }
$data merge entity $(bone_leftwing21) { transformation: [-1.0777614388925547f,2.5662888737620695f,-1.0016928484922902f,3.871361112156901f,2.305480632444196f,0.25143596086605574f,-1.836392081361553f,-1.1591186725514893f,-1.5079742039372894f,-1.4497373001574152f,-2.0916673794538476f,4.232534340728783f,0f,0f,0f,1f], start_interpolation: 0, interpolation_duration: 1 }
$data merge entity $(bone_leftwing22) { transformation: [-0.02817276657474184f,2.571244245898293f,-1.473951659995295f,3.871361112156901f,2.9281545518342798f,0.25192147080504157f,0.38349793475853006f,-1.1591186725514893f,0.4579753144440848f,-1.4525366684964565f,-2.5426403620798395f,4.232534340728783f,0f,0f,0f,1f], start_interpolation: 0, interpolation_duration: 1 }
$data merge entity $(bone_leftwing23) { transformation: [1.024121411641351f,2.5302797398472348f,-1.0275233412340463f,3.871361112156901f,1.730190452523583f,0.247907912531981f,2.334936210979803f,-1.1591186725514893f,2.112950727456371f,-1.4293951691072304f,-1.4139353303171065f,4.232534340728783f,0f,0f,0f,1f], start_interpolation: 0, interpolation_duration: 1 }
$data merge entity $(bone_leftwing1) { transformation: [-0.9822820749838446f,1.7350489644666753f,0.15724826252951052f,2.397937999681134f,-0.01872850953549532f,0.16999399716478697f,-1.992674404878659f,-1.1872114368547322f,-1.7420594616992875f,-0.9801566873878151f,-0.06724358759712978f,1.6194451481798526f,0f,0f,0f,1f], start_interpolation: 0, interpolation_duration: 1 }
$data merge entity $(bone_leftwing) { transformation: [-1.140291999787423f,0.17034332243360145f,-0.1784052096610206f,0.6874999999999998f,0.23346158934426878f,0.4728992453020676f,-1.0406599354278487f,-0.837019052838329f,-0.0796300987865684f,-1.0528345394249412f,-0.49629587049684837f,1.5f,0f,0f,0f,1f], start_interpolation: 0, interpolation_duration: 1 }
$data merge entity $(bone_rightwing20) { transformation: [-1.4693123847195455f,-2.566426593273624f,-0.07944663969492331f,-3.8713611121569027f,-0.28054656079000645f,0.25144945413958075f,-2.9342465660460304f,-1.1591186725514893f,2.5522834588755563f,-1.4498151000944772f,-0.3682681525727944f,4.232534340728783f,0f,0f,0f,1f], start_interpolation: 0, interpolation_duration: 1 }
$data merge entity $(bone_rightwing21) { transformation: [-1.0778192768002257f,-2.566426593273624f,1.0017466041903467f,-3.8713611121569027f,-2.305604355720186f,0.25144945413958075f,-1.8364906310700655f,-1.1591186725514893f,1.508055129149149f,-1.4498151000944772f,-2.0917796284733474f,4.232534340728783f,0f,0f,0f,1f], start_interpolation: 0, interpolation_duration: 1 }
$data merge entity $(bone_rightwing22) { transformation: [-0.028119980223134163f,-2.566426593273624f,1.4711899670543243f,-3.8713611121569027f,-2.922668168545495f,0.25144945413958075f,0.3827793877613353f,-1.1591186725514893f,-0.45711722172139435f,-1.4498151000944772f,-2.53787630357645f,4.232534340728783f,0f,0f,0f,1f], start_interpolation: 0, interpolation_duration: 1 }
$data merge entity $(bone_rightwing23) { transformation: [1.0241214116413515f,-2.5302797398472343f,1.0275233412340468f,-3.8713611121569027f,-1.730190452523583f,0.247907912531981f,2.334936210979803f,-1.1591186725514893f,-2.112950727456371f,-1.429395169107231f,-1.413935330317106f,4.232534340728783f,0f,0f,0f,1f], start_interpolation: 0, interpolation_duration: 1 }
$data merge entity $(bone_rightwing1) { transformation: [-0.982282074983845f,-1.7350489644666751f,-0.15724826252951052f,-2.397937999681135f,0.01872850953549532f,0.16999399716478697f,-1.992674404878659f,-1.1872114368547322f,1.7420594616992873f,-0.9801566873878156f,-0.06724358759712978f,1.619445148179852f,0f,0f,0f,1f], start_interpolation: 0, interpolation_duration: 1 }
$data merge entity $(bone_rightwing) { transformation: [-1.140291999787423f,-0.1703433224336012f,0.17840520966102072f,-0.6875000000000002f,-0.23346158934426878f,0.4728992453020676f,-1.0406599354278487f,-0.837019052838329f,0.07963009878656814f,-1.0528345394249412f,-0.49629587049684826f,1.4999999999999998f,0f,0f,0f,1f], start_interpolation: 0, interpolation_duration: 1 }
$data merge entity $(bone_head) { transformation: [-1.2269070000000002f,9.127725772692857e-18f,1.4997526605568264e-16f,-4.616966293267875e-16f,0f,1.2246409835072547f,-0.07453353717208858f,0.37782641317786275f,-1.5025277304014817e-16f,-0.07453353717208858f,-1.2246409835072547f,3.770039081049644f,0f,0f,0f,1f], start_interpolation: 0, interpolation_duration: 1 }
$data merge entity $(bone_neck4) { transformation: [-1.0497600000000002f,3.427651939754113e-17f,1.239048582437105e-16f,-4.528814344553824e-16f,0f,1.011759948500889f,-0.279889021237844f,0.3919508477411503f,-1.2855852238729257e-16f,-0.279889021237844f,-1.011759948500889f,3.6980575523546557f,0f,0f,0f,1f], start_interpolation: 0, interpolation_duration: 1 }
$data merge entity $(bone_neck3) { transformation: [-1.1664000000000003f,6.53304738829896e-17f,1.2702753816341789e-16f,-3.973068865088871e-16f,0f,1.0372585650969683f,-0.533463803020391f,0.1585604339197292f,-1.428428026525473e-16f,-0.533463803020391f,-1.0372585650969683f,3.244256930124732f,0f,0f,0f,1f], start_interpolation: 0, interpolation_duration: 1 }
$data merge entity $(bone_neck2) { transformation: [-1.2960000000000003f,9.152610955067292e-17f,1.296656336184419e-16f,-3.6489047810427664e-16f,0f,1.0588002492532553f,-0.74736740106941f,-0.028281416347623295f,-1.58714225169497e-16f,-0.74736740106941f,-1.0588002492532553f,2.979556867811418f,0f,0f,0f,1f], start_interpolation: 0, interpolation_duration: 1 }
$data merge entity $(bone_neck1) { transformation: [-1.4400000000000002f,1.162208568672125e-16f,1.326338240507571e-16f,-3.317320220915874e-16f,0f,1.0830373634512573f,-0.9490153156659534f,-0.26553524526411165f,-1.7634913907721887e-16f,-0.9490153156659534f,-1.0830373634512573f,2.7087975269486035f,0f,0f,0f,1f], start_interpolation: 0, interpolation_duration: 1 }
$data merge entity $(bone_neck0) { transformation: [-1.6f,1.4734952473236395e-16f,1.2915869307673419e-16f,-3.086516941181766e-16f,0f,1.0546607655910218f,-1.2032001784919082f,-0.6322515877365276f,-1.9594348786357652e-16f,-1.2032001784919082f,-1.0546607655910218f,2.5203323467065926f,0f,0f,0f,1f], start_interpolation: 0, interpolation_duration: 1 }
$data merge entity $(bone_frontlegl) { transformation: [-0.9925461516413221f,-0.11805012744813242f,0.03027051818984041f,0.428311944461162f,-0.10554194733138723f,0.9568249515667862f,0.2708263454923027f,-0.9023737597066118f,-0.060934671702573856f,0.2656128375449822f,-0.9621521638056022f,2.1339102904177807f,0f,0f,0f,1f], start_interpolation: 0, interpolation_duration: 1 }
$data merge entity $(bone_frontlegtipleft) { transformation: [-0.9925461516413221f,-0.0941968759875308f,0.0773245460134847f,0.8025905756539335f,-0.10554194733138723f,0.9816340638014868f,-0.15891967196693202f,-1.8817813722259327f,-0.060934671702573856f,-0.1658960919936583f,-0.9842588340704548f,1.8365388946393773f,0f,0f,0f,1f], start_interpolation: 0, interpolation_duration: 1 }
$data merge entity $(bone_frontfootleftd) { transformation: [-0.9925461516413221f,-0.059792696555076144f,-0.10619308028621416f,0.9734698097595536f,-0.10554194733138723f,-0.013953641255719962f,0.9943169480850688f,-3.7435978460910375f,-0.060934671702573634f,0.9981132848201045f,0.007538995299130935f,2.104271690477863f,0f,0f,0f,1f], start_interpolation: 0, interpolation_duration: 1 }
$data merge entity $(bone_frontfootleft) { transformation: [0.9925461516413221f,0.09906972149523546f,-0.07097413010990866f,0.9458531693536852f,0.10554194733138729f,-0.4075702064914541f,0.9070542564444599f,-3.312150456009607f,0.060934671702573745f,-0.9077839594657804f,-0.41498825130493705f,1.980450434806548f,0f,0f,0f,1f], start_interpolation: 0, interpolation_duration: 1 }
$data merge entity $(bone_frontlegr) { transformation: [-0.9925461516413221f,0.11805012744813236f,-0.030270518189840175f,-0.8732337197270764f,0.10554194733138723f,0.9568249515667862f,0.2708263454923027f,-0.8818363697447178f,0.06093467170257361f,0.2656128375449823f,-0.9621521638056023f,2.1767862416378665f,0f,0f,0f,1f], start_interpolation: 0, interpolation_duration: 1 }
$data merge entity $(bone_frontlegtipright) { transformation: [-0.9925461516413221f,0.09419687598753085f,-0.07732454601348443f,-0.7529952271267373f,0.10554194733138723f,0.9816340638014868f,-0.15891967196693202f,-1.8827971151702614f,0.06093467170257361f,-0.16589609199365823f,-0.9842588340704549f,1.766274460463628f,0f,0f,0f,1f], start_interpolation: 0, interpolation_duration: 1 }
$data merge entity $(bone_frontfootrightd) { transformation: [-0.9925461516413221f,0.059792696555076345f,0.10619308028621416f,-0.9376667187880996f,0.10554194733138723f,-0.013953641255719962f,0.9943169480850688f,-3.6968932565088473f,0.060934671702573835f,0.9981132848201045f,0.007538995299131046f,2.0739525116131228f,0f,0f,0f,1f], start_interpolation: 0, interpolation_duration: 1 }
$data merge entity $(bone_frontfootright) { transformation: [0.9925461516413221f,-0.0990697214952354f,0.07097413010990858f,-0.8886632520092578f,-0.10554194733138718f,-0.4075702064914541f,0.9070542564444599f,-3.257212440877713f,-0.060934671702573724f,-0.9077839594657805f,-0.414988251304937f,1.9369768476056115f,0f,0f,0f,1f], start_interpolation: 0, interpolation_duration: 1 }
$data merge entity $(bone_rearlegl) { transformation: [-1.080694387781476f,0.048188145425969914f,-0.058212146233727446f,0.0008600962163071157f,0.0654451182025709f,1.014050309320414f,-0.3755396354337787f,-3.2876601218914505f,0.03778475661140106f,-0.3781414866405028f,-1.0144912219236983f,0.32161589482866937f,0f,0f,0f,1f], start_interpolation: 0, interpolation_duration: 1 }
$data merge entity $(bone_rearfootleftd) { transformation: [-0.9975640502598242f,0.035280191862235875f,0.06017701962858128f,0.5306457127773064f,0.06041087834083468f,0.005599561935273167f,0.9981578886550073f,-6.214776100608454f,0.03487823687206252f,0.99936177281718f,-0.007717229062262743f,0.83267190867358f,0f,0f,0f,1f], start_interpolation: 0, interpolation_duration: 1 }
$data merge entity $(bone_rearfootleft) { transformation: [-0.9975640502598242f,0.053734288831133056f,0.044481365008587584f,0.5679434373246021f,0.06041087834083468f,0.3466519711696423f,0.9360464393726896f,-5.527912677143524f,0.03487823687206252f,0.9364534356218753f,-0.34905367997584913f,0.7097541831429182f,0f,0f,0f,1f], start_interpolation: 0, interpolation_duration: 1 }
$data merge entity $(bone_rearlegtipleft) { transformation: [-0.9975640502598242f,0.0686144375631456f,-0.012570783074575138f,0.5749957956886695f,0.06041087834083468f,0.9398767653240158f,0.3361282371092228f,-4.605268246742533f,0.03487823687206252f,0.33455003357040364f,-0.9417323312017795f,1.105342377217937f,0f,0f,0f,1f], start_interpolation: 0, interpolation_duration: 1 }
$data merge entity $(bone_rearlegr) { transformation: [-1.080694387781476f,-0.048188145425969824f,0.058212146233727696f,-1.3753277534650241f,-0.0654451182025709f,1.014050309320414f,-0.3755396354337787f,-3.3762130771508807f,-0.03778475661140133f,-0.3781414866405028f,-1.0144912219236983f,0.24161500237604616f,0f,0f,0f,1f], start_interpolation: 0, interpolation_duration: 1 }
$data merge entity $(bone_rearfootrightd) { transformation: [-0.9975640502598242f,-0.03528019186223611f,-0.06017701962858128f,-0.5334628009187652f,-0.06041087834083468f,0.005599561935273167f,0.9981578886550073f,-6.2202640981492365f,-0.03487823687206277f,0.99936177281718f,-0.007717229062262743f,0.800628591920043f,0f,0f,0f,1f], start_interpolation: 0, interpolation_duration: 1 }
$data merge entity $(bone_rearfootright) { transformation: [-0.9975640502598242f,-0.05373428883113328f,-0.04448136500858751f,-0.5707605254660608f,-0.06041087834083468f,0.3466519711696423f,0.9360464393726896f,-5.533400674684307f,-0.03487823687206277f,0.9364534356218753f,-0.34905367997584913f,0.6777108663893812f,0f,0f,0f,1f], start_interpolation: 0, interpolation_duration: 1 }
$data merge entity $(bone_rearlegtipright) { transformation: [-0.9975640502598242f,-0.06861443756314568f,0.01257078307457537f,-0.7025083901126065f,-0.06041087834083468f,0.9398767653240158f,0.3361282371092228f,-4.61830760407592f,-0.03487823687206277f,0.33455003357040364f,-0.9417323312017795f,1.0689392808553921f,0f,0f,0f,1f], start_interpolation: 0, interpolation_duration: 1 }
$data merge entity $(bone_tail11) { transformation: [-0.2937340837125001f,-3.0610241938916234e-17f,2.1029254975595717e-17f,5.147116493283059e-16f,0f,0.210723961336226f,0.24644295141004652f,-5.638660634016125f,-3.5972050541899386e-17f,0.24995159388183014f,-0.17171689821291417f,-4.202939571529262f,0f,0f,0f,1f], start_interpolation: 0, interpolation_duration: 1 }
$data merge entity $(bone_tail10) { transformation: [-0.39164544495000014f,-3.752350055915717e-17f,3.2309863946692546e-17f,4.965373508582913e-16f,0f,0.3150226299529511f,0.2960979834920543f,-5.805215749730405f,-4.796273405586585e-17f,0.30640263450067806f,-0.2638300607913068f,-4.054535162334152f,0f,0f,0f,1f], start_interpolation: 0, interpolation_duration: 1 }
$data merge entity $(bone_tail9) { transformation: [-0.48955680618750014f,-4.23951727046919e-17f,4.5097740632916425e-17f,4.711698717522758e-16f,0f,0.43053148785597095f,0.3266414354548187f,-5.988951557173741f,-5.99534175698323e-17f,0.3461828564301893f,-0.3682509982822413f,-3.847393975800391f,0f,0f,0f,1f], start_interpolation: 0, interpolation_duration: 1 }
$data merge entity $(bone_tail8) { transformation: [-0.5759491837500001f,-4.328062938539845e-17f,5.856130461913455e-17f,4.382291379040126e-16f,0f,0.5482428017646788f,0.3219534703701806f,-6.170050384256967f,-7.053343243509683e-17f,0.3534131589249416f,-0.478189341285236f,-3.5784124713274457f,0f,0f,0f,1f], start_interpolation: 0, interpolation_duration: 1 }
$data merge entity $(bone_tail7) { transformation: [-0.6775872750000002f,-4.051002598038272e-17f,7.54866273876679e-17f,3.957679099984494e-16f,0f,0.6926501203222593f,0.28233965676071304f,-6.328866441184869f,-8.298050874717275e-17f,0.3307894652448966f,-0.6163950899167387f,-3.2316902332492803f,0f,0f,0f,1f], start_interpolation: 0, interpolation_duration: 1 }
$data merge entity $(bone_tail6) { transformation: [-0.7971615000000002f,-3.128015186029919e-17f,9.581097676243706e-17f,3.418742355695786e-16f,0f,0.860632011472653f,0.18351878442388692f,-6.432095757423305f,-9.76241279378503e-17f,0.2554218235174228f,-0.7823559970853997f,-2.791614984888743f,0f,0f,0f,1f], start_interpolation: 0, interpolation_duration: 1 }
$data merge entity $(bone_tail5) { transformation: [-0.8857350000000002f,-1.1862648127957126e-17f,1.1135642922939033e-16f,2.792362441280465e-16f,0f,0.9777564865589718f,0.0006366688851567326f,-6.432453883671205f,-1.0847125326427811e-16f,0.09686587297020141f,-0.9092942496311673f,-2.2801369694712115f,0f,0f,0f,1f], start_interpolation: 0, interpolation_duration: 1 }
$data merge entity $(bone_tail4) { transformation: [-0.9841500000000002f,1.5835316705207817e-17f,1.234177057482605e-16f,2.0981378464464997e-16f,0f,1.0570180620557503f,-0.25093783035737477f,-6.291301354095182f,-1.205236147380868e-16f,-0.129305173673201f,-1.0077820464985392f,-1.7132595683157832f,0f,0f,0f,1f], start_interpolation: 0, interpolation_duration: 1 }
$data merge entity $(bone_tail3) { transformation: [-1.0935000000000001f,5.0225190167248984e-17f,1.288093905602911e-16f,1.3735850245448623e-16f,0f,1.072219592497417f,-0.5544840177849544f,-5.979404094091145f,-1.339151274867631e-16f,-0.4101198010905488f,-1.051808494089669f,-1.1216172903903443f,0f,0f,0f,1f], start_interpolation: 0, interpolation_duration: 1 }
$data merge entity $(bone_tail2) { transformation: [-1.215f,8.80140312963085e-17f,1.2590309992740596e-16f,6.653800874532038e-17f,0f,1.0122495656086679f,-0.8799140966935166f,-5.4844524147010425f,-1.4879458609640342e-16f,-0.718689105769821f,-1.0280768301118706f,-0.5433240734524172f,0f,0f,0f,1f], start_interpolation: 0, interpolation_duration: 1 }
$data merge entity $(bone_tail1) { transformation: [-1.35f,1.2567824892742307e-16f,1.1549192826828517e-16f,1.5737990944099785e-18f,0f,0.8872329695248931f,-1.1973635149639952f,-4.810935437533796f,-1.6532731788489269e-16f,-1.0262407823621076f,-0.9430631619557178f,-0.01285104485232591f,0f,0f,0f,1f], start_interpolation: 0, interpolation_duration: 1 }
$data merge entity $(bone_tail0) { transformation: [-1.5f,1.6103060283983567e-16f,1.0018141049629325e-16f,-1.4520593599796056e-17f,0f,0.7218029089216251f,-1.4902366136277956f,-3.7922266151377544f,-1.8369701987210297e-16f,-1.3149146590833491f,-0.818043296777842f,0.11856964481437293f,0f,0f,0f,1f], start_interpolation: 0, interpolation_duration: 1 }