# This file was generated by Animated Java via MC-Build. It is not recommended to edit this file directly.
$data merge entity $(bone_leftwing20) {transformation: [-1.4693f,2.5664f,0.0794f,3.8714f,0.2805f,0.2514f,-2.9342f,-1.0341f,-2.5523f,-1.4498f,-0.3683f,4.795f,0f,0f,0f,1f],start_interpolation: 0,interpolation_duration: 1}
$data merge entity $(bone_leftwing21) {transformation: [-1.0778f,2.5663f,-1.0017f,3.8714f,2.3055f,0.2514f,-1.8364f,-1.0341f,-1.508f,-1.4497f,-2.0917f,4.795f,0f,0f,0f,1f],start_interpolation: 0,interpolation_duration: 1}
$data merge entity $(bone_leftwing22) {transformation: [-0.0282f,2.5712f,-1.474f,3.8714f,2.9282f,0.2519f,0.3835f,-1.0341f,0.458f,-1.4525f,-2.5426f,4.795f,0f,0f,0f,1f],start_interpolation: 0,interpolation_duration: 1}
$data merge entity $(bone_leftwing23) {transformation: [1.0241f,2.5303f,-1.0275f,3.8714f,1.7302f,0.2479f,2.3349f,-1.0341f,2.113f,-1.4294f,-1.4139f,4.795f,0f,0f,0f,1f],start_interpolation: 0,interpolation_duration: 1}
$data merge entity $(bone_leftwing1) {transformation: [-0.9823f,1.735f,0.1572f,2.3979f,-0.0187f,0.17f,-1.9927f,-1.0622f,-1.7421f,-0.9802f,-0.0672f,2.1819f,0f,0f,0f,1f],start_interpolation: 0,interpolation_duration: 1}
$data merge entity $(bone_leftwing) {transformation: [-1.1403f,0.1703f,-0.1784f,0.6875f,0.2335f,0.4729f,-1.0407f,-0.712f,-0.0796f,-1.0528f,-0.4963f,2.0625f,0f,0f,0f,1f],start_interpolation: 0,interpolation_duration: 1}
$data merge entity $(bone_rightwing20) {transformation: [-1.4693f,-2.5664f,-0.0794f,-3.8714f,-0.2805f,0.2514f,-2.9342f,-1.0341f,2.5523f,-1.4498f,-0.3683f,4.795f,0f,0f,0f,1f],start_interpolation: 0,interpolation_duration: 1}
$data merge entity $(bone_rightwing21) {transformation: [-1.0778f,-2.5664f,1.0017f,-3.8714f,-2.3056f,0.2514f,-1.8365f,-1.0341f,1.5081f,-1.4498f,-2.0918f,4.795f,0f,0f,0f,1f],start_interpolation: 0,interpolation_duration: 1}
$data merge entity $(bone_rightwing22) {transformation: [-0.0281f,-2.5664f,1.4712f,-3.8714f,-2.9227f,0.2514f,0.3828f,-1.0341f,-0.4571f,-1.4498f,-2.5379f,4.795f,0f,0f,0f,1f],start_interpolation: 0,interpolation_duration: 1}
$data merge entity $(bone_rightwing23) {transformation: [1.0241f,-2.5303f,1.0275f,-3.8714f,-1.7302f,0.2479f,2.3349f,-1.0341f,-2.113f,-1.4294f,-1.4139f,4.795f,0f,0f,0f,1f],start_interpolation: 0,interpolation_duration: 1}
$data merge entity $(bone_rightwing1) {transformation: [-0.9823f,-1.735f,-0.1572f,-2.3979f,0.0187f,0.17f,-1.9927f,-1.0622f,1.7421f,-0.9802f,-0.0672f,2.1819f,0f,0f,0f,1f],start_interpolation: 0,interpolation_duration: 1}
$data merge entity $(bone_rightwing) {transformation: [-1.1403f,-0.1703f,0.1784f,-0.6875f,-0.2335f,0.4729f,-1.0407f,-0.712f,0.0796f,-1.0528f,-0.4963f,2.0625f,0f,0f,0f,1f],start_interpolation: 0,interpolation_duration: 1}
$data merge entity $(bone_eyebrow) {transformation: [-0.8923f,0f,0f,0f,0f,0.8906f,-0.0542f,1.0294f,0f,-0.0542f,-0.8906f,5.9168f,0f,0f,0f,1f],start_interpolation: 0,interpolation_duration: 1}
$data merge entity $(bone_head) {transformation: [-1.2269f,0f,0f,0f,0f,1.2246f,-0.0745f,0.5028f,0f,-0.0745f,-1.2246f,4.3325f,0f,0f,0f,1f],start_interpolation: 0,interpolation_duration: 1}
$data merge entity $(bone_neck4) {transformation: [-1.0498f,0f,0f,0f,0f,1.0118f,-0.2799f,0.517f,0f,-0.2799f,-1.0118f,4.2606f,0f,0f,0f,1f],start_interpolation: 0,interpolation_duration: 1}
$data merge entity $(bone_neck3) {transformation: [-1.1664f,0f,0f,0f,0f,1.0373f,-0.5335f,0.2836f,0f,-0.5335f,-1.0373f,3.8068f,0f,0f,0f,1f],start_interpolation: 0,interpolation_duration: 1}
$data merge entity $(bone_neck2) {transformation: [-1.296f,0f,0f,0f,0f,1.0588f,-0.7474f,0.0967f,0f,-0.7474f,-1.0588f,3.5421f,0f,0f,0f,1f],start_interpolation: 0,interpolation_duration: 1}
$data merge entity $(bone_neck1) {transformation: [-1.44f,0f,0f,0f,0f,1.083f,-0.949f,-0.1405f,0f,-0.949f,-1.083f,3.2713f,0f,0f,0f,1f],start_interpolation: 0,interpolation_duration: 1}
$data merge entity $(bone_neck0) {transformation: [-1.6f,0f,0f,0f,0f,1.0547f,-1.2032f,-0.5073f,0f,-1.2032f,-1.0547f,3.0828f,0f,0f,0f,1f],start_interpolation: 0,interpolation_duration: 1}
$data merge entity $(bone_frontlegl) {transformation: [-0.9925f,-0.1181f,0.0303f,0.4283f,-0.1055f,0.9568f,0.2708f,-0.7774f,-0.0609f,0.2656f,-0.9622f,2.6964f,0f,0f,0f,1f],start_interpolation: 0,interpolation_duration: 1}
$data merge entity $(bone_frontlegtipleft) {transformation: [-0.9925f,-0.0942f,0.0773f,0.8026f,-0.1055f,0.9816f,-0.1589f,-1.7568f,-0.0609f,-0.1659f,-0.9843f,2.399f,0f,0f,0f,1f],start_interpolation: 0,interpolation_duration: 1}
$data merge entity $(bone_frontfootleftd) {transformation: [-0.9925f,-0.0598f,-0.1062f,0.9735f,-0.1055f,-0.014f,0.9943f,-3.6186f,-0.0609f,0.9981f,0.0075f,2.6668f,0f,0f,0f,1f],start_interpolation: 0,interpolation_duration: 1}
$data merge entity $(bone_frontfootleft) {transformation: [0.9925f,0.0991f,-0.071f,0.9459f,0.1055f,-0.4076f,0.9071f,-3.1872f,0.0609f,-0.9078f,-0.415f,2.543f,0f,0f,0f,1f],start_interpolation: 0,interpolation_duration: 1}
$data merge entity $(bone_frontlegr) {transformation: [-0.9925f,0.1181f,-0.0303f,-0.8732f,0.1055f,0.9568f,0.2708f,-0.7568f,0.0609f,0.2656f,-0.9622f,2.7393f,0f,0f,0f,1f],start_interpolation: 0,interpolation_duration: 1}
$data merge entity $(bone_frontlegtipright) {transformation: [-0.9925f,0.0942f,-0.0773f,-0.753f,0.1055f,0.9816f,-0.1589f,-1.7578f,0.0609f,-0.1659f,-0.9843f,2.3288f,0f,0f,0f,1f],start_interpolation: 0,interpolation_duration: 1}
$data merge entity $(bone_frontfootrightd) {transformation: [-0.9925f,0.0598f,0.1062f,-0.9377f,0.1055f,-0.014f,0.9943f,-3.5719f,0.0609f,0.9981f,0.0075f,2.6365f,0f,0f,0f,1f],start_interpolation: 0,interpolation_duration: 1}
$data merge entity $(bone_frontfootright) {transformation: [0.9925f,-0.0991f,0.071f,-0.8887f,-0.1055f,-0.4076f,0.9071f,-3.1322f,-0.0609f,-0.9078f,-0.415f,2.4995f,0f,0f,0f,1f],start_interpolation: 0,interpolation_duration: 1}
$data merge entity $(bone_rearlegl) {transformation: [-1.0807f,0.0482f,-0.0582f,0.0009f,0.0654f,1.0141f,-0.3755f,-3.1627f,0.0378f,-0.3781f,-1.0145f,0.8841f,0f,0f,0f,1f],start_interpolation: 0,interpolation_duration: 1}
$data merge entity $(bone_rearfootleftd) {transformation: [-0.9976f,0.0353f,0.0602f,0.5306f,0.0604f,0.0056f,0.9982f,-6.0898f,0.0349f,0.9994f,-0.0077f,1.3952f,0f,0f,0f,1f],start_interpolation: 0,interpolation_duration: 1}
$data merge entity $(bone_rearfootleft) {transformation: [-0.9976f,0.0537f,0.0445f,0.5679f,0.0604f,0.3467f,0.936f,-5.4029f,0.0349f,0.9365f,-0.3491f,1.2723f,0f,0f,0f,1f],start_interpolation: 0,interpolation_duration: 1}
$data merge entity $(bone_rearlegtipleft) {transformation: [-0.9976f,0.0686f,-0.0126f,0.575f,0.0604f,0.9399f,0.3361f,-4.4803f,0.0349f,0.3346f,-0.9417f,1.6678f,0f,0f,0f,1f],start_interpolation: 0,interpolation_duration: 1}
$data merge entity $(bone_rearlegr) {transformation: [-1.0807f,-0.0482f,0.0582f,-1.3753f,-0.0654f,1.0141f,-0.3755f,-3.2512f,-0.0378f,-0.3781f,-1.0145f,0.8041f,0f,0f,0f,1f],start_interpolation: 0,interpolation_duration: 1}
$data merge entity $(bone_rearfootrightd) {transformation: [-0.9976f,-0.0602f,0.0353f,-0.5335f,-0.0604f,0.9982f,-0.0056f,-6.0953f,-0.0349f,-0.0077f,-0.9994f,1.3631f,0f,0f,0f,1f],start_interpolation: 0,interpolation_duration: 1}
$data merge entity $(bone_rearfootright) {transformation: [-0.9976f,-0.0537f,-0.0445f,-0.5708f,-0.0604f,0.3467f,0.936f,-5.4084f,-0.0349f,0.9365f,-0.3491f,1.2402f,0f,0f,0f,1f],start_interpolation: 0,interpolation_duration: 1}
$data merge entity $(bone_rearlegtipright) {transformation: [-0.9976f,-0.0686f,0.0126f,-0.7025f,-0.0604f,0.9399f,0.3361f,-4.4933f,-0.0349f,0.3346f,-0.9417f,1.6314f,0f,0f,0f,1f],start_interpolation: 0,interpolation_duration: 1}
$data merge entity $(bone_tail11) {transformation: [-0.2937f,0f,0f,0f,0f,0.2107f,0.2464f,-5.5137f,0f,0.25f,-0.1717f,-3.6404f,0f,0f,0f,1f],start_interpolation: 0,interpolation_duration: 1}
$data merge entity $(bone_tail10) {transformation: [-0.3916f,0f,0f,0f,0f,0.315f,0.2961f,-5.6802f,0f,0.3064f,-0.2638f,-3.492f,0f,0f,0f,1f],start_interpolation: 0,interpolation_duration: 1}
$data merge entity $(bone_tail9) {transformation: [-0.4896f,0f,0f,0f,0f,0.4305f,0.3266f,-5.864f,0f,0.3462f,-0.3683f,-3.2849f,0f,0f,0f,1f],start_interpolation: 0,interpolation_duration: 1}
$data merge entity $(bone_tail8) {transformation: [-0.5759f,0f,0f,0f,0f,0.5482f,0.322f,-6.0451f,0f,0.3534f,-0.4782f,-3.0159f,0f,0f,0f,1f],start_interpolation: 0,interpolation_duration: 1}
$data merge entity $(bone_tail7) {transformation: [-0.6776f,0f,0f,0f,0f,0.6927f,0.2823f,-6.2039f,0f,0.3308f,-0.6164f,-2.6692f,0f,0f,0f,1f],start_interpolation: 0,interpolation_duration: 1}
$data merge entity $(bone_tail6) {transformation: [-0.7972f,0f,0f,0f,0f,0.8606f,0.1835f,-6.3071f,0f,0.2554f,-0.7824f,-2.2291f,0f,0f,0f,1f],start_interpolation: 0,interpolation_duration: 1}
$data merge entity $(bone_tail5) {transformation: [-0.8857f,0f,0f,0f,0f,0.9778f,0.0006f,-6.3075f,0f,0.0969f,-0.9093f,-1.7176f,0f,0f,0f,1f],start_interpolation: 0,interpolation_duration: 1}
$data merge entity $(bone_tail4) {transformation: [-0.9842f,0f,0f,0f,0f,1.057f,-0.2509f,-6.1663f,0f,-0.1293f,-1.0078f,-1.1508f,0f,0f,0f,1f],start_interpolation: 0,interpolation_duration: 1}
$data merge entity $(bone_tail3) {transformation: [-1.0935f,0f,0f,0f,0f,1.0722f,-0.5545f,-5.8544f,0f,-0.4101f,-1.0518f,-0.5591f,0f,0f,0f,1f],start_interpolation: 0,interpolation_duration: 1}
$data merge entity $(bone_tail2) {transformation: [-1.215f,0f,0f,0f,0f,1.0122f,-0.8799f,-5.3595f,0f,-0.7187f,-1.0281f,0.0192f,0f,0f,0f,1f],start_interpolation: 0,interpolation_duration: 1}
$data merge entity $(bone_tail1) {transformation: [-1.35f,0f,0f,0f,0f,0.8872f,-1.1974f,-4.6859f,0f,-1.0262f,-0.9431f,0.5496f,0f,0f,0f,1f],start_interpolation: 0,interpolation_duration: 1}
$data merge entity $(bone_tail0) {transformation: [-1.5f,0f,0f,0f,0f,0.7218f,-1.4902f,-3.6672f,0f,-1.3149f,-0.818f,0.6811f,0f,0f,0f,1f],start_interpolation: 0,interpolation_duration: 1}