# This file was generated by Animated Java via MC-Build. It is not recommended to edit this file directly.
$data merge entity $(bone_leftwing20) {transformation: [-1.4693f,2.5664f,0.0794f,3.8714f,0.2805f,0.2514f,-2.9342f,-0.1591f,-2.5523f,-1.4498f,-0.3683f,5.045f,0f,0f,0f,1f],start_interpolation: 0,interpolation_duration: 1}
$data merge entity $(bone_leftwing21) {transformation: [-1.0778f,2.5663f,-1.0017f,3.8714f,2.3055f,0.2514f,-1.8364f,-0.1591f,-1.508f,-1.4497f,-2.0917f,5.045f,0f,0f,0f,1f],start_interpolation: 0,interpolation_duration: 1}
$data merge entity $(bone_leftwing22) {transformation: [-0.0282f,2.5712f,-1.474f,3.8714f,2.9282f,0.2519f,0.3835f,-0.1591f,0.458f,-1.4525f,-2.5426f,5.045f,0f,0f,0f,1f],start_interpolation: 0,interpolation_duration: 1}
$data merge entity $(bone_leftwing23) {transformation: [1.0241f,2.5303f,-1.0275f,3.8714f,1.7302f,0.2479f,2.3349f,-0.1591f,2.113f,-1.4294f,-1.4139f,5.045f,0f,0f,0f,1f],start_interpolation: 0,interpolation_duration: 1}
$data merge entity $(bone_leftwing1) {transformation: [-0.9823f,1.735f,0.1572f,2.3979f,-0.0187f,0.17f,-1.9927f,-0.1872f,-1.7421f,-0.9802f,-0.0672f,2.4319f,0f,0f,0f,1f],start_interpolation: 0,interpolation_duration: 1}
$data merge entity $(bone_leftwing) {transformation: [-1.1403f,0.1703f,-0.1784f,0.6875f,0.2335f,0.4729f,-1.0407f,0.163f,-0.0796f,-1.0528f,-0.4963f,2.3125f,0f,0f,0f,1f],start_interpolation: 0,interpolation_duration: 1}
$data merge entity $(bone_rightwing20) {transformation: [-1.4693f,-2.5664f,-0.0794f,-3.8714f,-0.2805f,0.2514f,-2.9342f,-0.1591f,2.5523f,-1.4498f,-0.3683f,5.045f,0f,0f,0f,1f],start_interpolation: 0,interpolation_duration: 1}
$data merge entity $(bone_rightwing21) {transformation: [-1.0778f,-2.5664f,1.0017f,-3.8714f,-2.3056f,0.2514f,-1.8365f,-0.1591f,1.5081f,-1.4498f,-2.0918f,5.045f,0f,0f,0f,1f],start_interpolation: 0,interpolation_duration: 1}
$data merge entity $(bone_rightwing22) {transformation: [-0.0281f,-2.5664f,1.4712f,-3.8714f,-2.9227f,0.2514f,0.3828f,-0.1591f,-0.4571f,-1.4498f,-2.5379f,5.045f,0f,0f,0f,1f],start_interpolation: 0,interpolation_duration: 1}
$data merge entity $(bone_rightwing23) {transformation: [1.0241f,-2.5303f,1.0275f,-3.8714f,-1.7302f,0.2479f,2.3349f,-0.1591f,-2.113f,-1.4294f,-1.4139f,5.045f,0f,0f,0f,1f],start_interpolation: 0,interpolation_duration: 1}
$data merge entity $(bone_rightwing1) {transformation: [-0.9823f,-1.735f,-0.1572f,-2.3979f,0.0187f,0.17f,-1.9927f,-0.1872f,1.7421f,-0.9802f,-0.0672f,2.4319f,0f,0f,0f,1f],start_interpolation: 0,interpolation_duration: 1}
$data merge entity $(bone_rightwing) {transformation: [-1.1403f,-0.1703f,0.1784f,-0.6875f,-0.2335f,0.4729f,-1.0407f,0.163f,0.0796f,-1.0528f,-0.4963f,2.3125f,0f,0f,0f,1f],start_interpolation: 0,interpolation_duration: 1}
$data merge entity $(bone_eyebrow) {transformation: [-0.8923f,0f,0f,0f,0f,0.8906f,-0.0542f,1.9044f,0f,-0.0542f,-0.8906f,6.1668f,0f,0f,0f,1f],start_interpolation: 0,interpolation_duration: 1}
$data merge entity $(bone_head) {transformation: [-1.2269f,0f,0f,0f,0f,1.2246f,-0.0745f,1.3778f,0f,-0.0745f,-1.2246f,4.5825f,0f,0f,0f,1f],start_interpolation: 0,interpolation_duration: 1}
$data merge entity $(bone_neck4) {transformation: [-1.0498f,0f,0f,0f,0f,1.0118f,-0.2799f,1.392f,0f,-0.2799f,-1.0118f,4.5106f,0f,0f,0f,1f],start_interpolation: 0,interpolation_duration: 1}
$data merge entity $(bone_neck3) {transformation: [-1.1664f,0f,0f,0f,0f,1.0373f,-0.5335f,1.1586f,0f,-0.5335f,-1.0373f,4.0568f,0f,0f,0f,1f],start_interpolation: 0,interpolation_duration: 1}
$data merge entity $(bone_neck2) {transformation: [-1.296f,0f,0f,0f,0f,1.0588f,-0.7474f,0.9717f,0f,-0.7474f,-1.0588f,3.7921f,0f,0f,0f,1f],start_interpolation: 0,interpolation_duration: 1}
$data merge entity $(bone_neck1) {transformation: [-1.44f,0f,0f,0f,0f,1.083f,-0.949f,0.7345f,0f,-0.949f,-1.083f,3.5213f,0f,0f,0f,1f],start_interpolation: 0,interpolation_duration: 1}
$data merge entity $(bone_neck0) {transformation: [-1.6f,0f,0f,0f,0f,1.0547f,-1.2032f,0.3677f,0f,-1.2032f,-1.0547f,3.3328f,0f,0f,0f,1f],start_interpolation: 0,interpolation_duration: 1}
$data merge entity $(bone_frontlegl) {transformation: [-0.9925f,-0.1181f,0.0303f,0.4283f,-0.1055f,0.9568f,0.2708f,0.0976f,-0.0609f,0.2656f,-0.9622f,2.9464f,0f,0f,0f,1f],start_interpolation: 0,interpolation_duration: 1}
$data merge entity $(bone_frontlegtipleft) {transformation: [-0.9925f,-0.0942f,0.0773f,0.8026f,-0.1055f,0.9816f,-0.1589f,-0.8818f,-0.0609f,-0.1659f,-0.9843f,2.649f,0f,0f,0f,1f],start_interpolation: 0,interpolation_duration: 1}
$data merge entity $(bone_frontfootleftd) {transformation: [-0.9925f,-0.0598f,-0.1062f,0.9735f,-0.1055f,-0.014f,0.9943f,-2.7436f,-0.0609f,0.9981f,0.0075f,2.9168f,0f,0f,0f,1f],start_interpolation: 0,interpolation_duration: 1}
$data merge entity $(bone_frontfootleft) {transformation: [0.9925f,0.0991f,-0.071f,0.9459f,0.1055f,-0.4076f,0.9071f,-2.3122f,0.0609f,-0.9078f,-0.415f,2.793f,0f,0f,0f,1f],start_interpolation: 0,interpolation_duration: 1}
$data merge entity $(bone_frontlegr) {transformation: [-0.9925f,0.1181f,-0.0303f,-0.8732f,0.1055f,0.9568f,0.2708f,0.1182f,0.0609f,0.2656f,-0.9622f,2.9893f,0f,0f,0f,1f],start_interpolation: 0,interpolation_duration: 1}
$data merge entity $(bone_frontlegtipright) {transformation: [-0.9925f,0.0942f,-0.0773f,-0.753f,0.1055f,0.9816f,-0.1589f,-0.8828f,0.0609f,-0.1659f,-0.9843f,2.5788f,0f,0f,0f,1f],start_interpolation: 0,interpolation_duration: 1}
$data merge entity $(bone_frontfootrightd) {transformation: [-0.9925f,0.0598f,0.1062f,-0.9377f,0.1055f,-0.014f,0.9943f,-2.6969f,0.0609f,0.9981f,0.0075f,2.8865f,0f,0f,0f,1f],start_interpolation: 0,interpolation_duration: 1}
$data merge entity $(bone_frontfootright) {transformation: [0.9925f,-0.0991f,0.071f,-0.8887f,-0.1055f,-0.4076f,0.9071f,-2.2572f,-0.0609f,-0.9078f,-0.415f,2.7495f,0f,0f,0f,1f],start_interpolation: 0,interpolation_duration: 1}
$data merge entity $(bone_rearlegl) {transformation: [-1.0807f,0.0482f,-0.0582f,0.0009f,0.0654f,1.0141f,-0.3755f,-2.2877f,0.0378f,-0.3781f,-1.0145f,1.1341f,0f,0f,0f,1f],start_interpolation: 0,interpolation_duration: 1}
$data merge entity $(bone_rearfootleftd) {transformation: [-0.9976f,0.0353f,0.0602f,0.5306f,0.0604f,0.0056f,0.9982f,-5.2148f,0.0349f,0.9994f,-0.0077f,1.6452f,0f,0f,0f,1f],start_interpolation: 0,interpolation_duration: 1}
$data merge entity $(bone_rearfootleft) {transformation: [-0.9976f,0.0537f,0.0445f,0.5679f,0.0604f,0.3467f,0.936f,-4.5279f,0.0349f,0.9365f,-0.3491f,1.5223f,0f,0f,0f,1f],start_interpolation: 0,interpolation_duration: 1}
$data merge entity $(bone_rearlegtipleft) {transformation: [-0.9976f,0.0686f,-0.0126f,0.575f,0.0604f,0.9399f,0.3361f,-3.6053f,0.0349f,0.3346f,-0.9417f,1.9178f,0f,0f,0f,1f],start_interpolation: 0,interpolation_duration: 1}
$data merge entity $(bone_rearlegr) {transformation: [-1.0807f,-0.0482f,0.0582f,-1.3753f,-0.0654f,1.0141f,-0.3755f,-2.3762f,-0.0378f,-0.3781f,-1.0145f,1.0541f,0f,0f,0f,1f],start_interpolation: 0,interpolation_duration: 1}
$data merge entity $(bone_rearfootrightd) {transformation: [-0.9976f,-0.0602f,0.0353f,-0.5335f,-0.0604f,0.9982f,-0.0056f,-5.2203f,-0.0349f,-0.0077f,-0.9994f,1.6131f,0f,0f,0f,1f],start_interpolation: 0,interpolation_duration: 1}
$data merge entity $(bone_rearfootright) {transformation: [-0.9976f,-0.0537f,-0.0445f,-0.5708f,-0.0604f,0.3467f,0.936f,-4.5334f,-0.0349f,0.9365f,-0.3491f,1.4902f,0f,0f,0f,1f],start_interpolation: 0,interpolation_duration: 1}
$data merge entity $(bone_rearlegtipright) {transformation: [-0.9976f,-0.0686f,0.0126f,-0.7025f,-0.0604f,0.9399f,0.3361f,-3.6183f,-0.0349f,0.3346f,-0.9417f,1.8814f,0f,0f,0f,1f],start_interpolation: 0,interpolation_duration: 1}
$data merge entity $(bone_tail11) {transformation: [-0.2937f,0f,0f,0f,0f,0.2107f,0.2464f,-4.6387f,0f,0.25f,-0.1717f,-3.3904f,0f,0f,0f,1f],start_interpolation: 0,interpolation_duration: 1}
$data merge entity $(bone_tail10) {transformation: [-0.3916f,0f,0f,0f,0f,0.315f,0.2961f,-4.8052f,0f,0.3064f,-0.2638f,-3.242f,0f,0f,0f,1f],start_interpolation: 0,interpolation_duration: 1}
$data merge entity $(bone_tail9) {transformation: [-0.4896f,0f,0f,0f,0f,0.4305f,0.3266f,-4.989f,0f,0.3462f,-0.3683f,-3.0349f,0f,0f,0f,1f],start_interpolation: 0,interpolation_duration: 1}
$data merge entity $(bone_tail8) {transformation: [-0.5759f,0f,0f,0f,0f,0.5482f,0.322f,-5.1701f,0f,0.3534f,-0.4782f,-2.7659f,0f,0f,0f,1f],start_interpolation: 0,interpolation_duration: 1}
$data merge entity $(bone_tail7) {transformation: [-0.6776f,0f,0f,0f,0f,0.6927f,0.2823f,-5.3289f,0f,0.3308f,-0.6164f,-2.4192f,0f,0f,0f,1f],start_interpolation: 0,interpolation_duration: 1}
$data merge entity $(bone_tail6) {transformation: [-0.7972f,0f,0f,0f,0f,0.8606f,0.1835f,-5.4321f,0f,0.2554f,-0.7824f,-1.9791f,0f,0f,0f,1f],start_interpolation: 0,interpolation_duration: 1}
$data merge entity $(bone_tail5) {transformation: [-0.8857f,0f,0f,0f,0f,0.9778f,0.0006f,-5.4325f,0f,0.0969f,-0.9093f,-1.4676f,0f,0f,0f,1f],start_interpolation: 0,interpolation_duration: 1}
$data merge entity $(bone_tail4) {transformation: [-0.9842f,0f,0f,0f,0f,1.057f,-0.2509f,-5.2913f,0f,-0.1293f,-1.0078f,-0.9008f,0f,0f,0f,1f],start_interpolation: 0,interpolation_duration: 1}
$data merge entity $(bone_tail3) {transformation: [-1.0935f,0f,0f,0f,0f,1.0722f,-0.5545f,-4.9794f,0f,-0.4101f,-1.0518f,-0.3091f,0f,0f,0f,1f],start_interpolation: 0,interpolation_duration: 1}
$data merge entity $(bone_tail2) {transformation: [-1.215f,0f,0f,0f,0f,1.0122f,-0.8799f,-4.4845f,0f,-0.7187f,-1.0281f,0.2692f,0f,0f,0f,1f],start_interpolation: 0,interpolation_duration: 1}
$data merge entity $(bone_tail1) {transformation: [-1.35f,0f,0f,0f,0f,0.8872f,-1.1974f,-3.8109f,0f,-1.0262f,-0.9431f,0.7996f,0f,0f,0f,1f],start_interpolation: 0,interpolation_duration: 1}
$data merge entity $(bone_tail0) {transformation: [-1.5f,0f,0f,0f,0f,0.7218f,-1.4902f,-2.7922f,0f,-1.3149f,-0.818f,0.9311f,0f,0f,0f,1f],start_interpolation: 0,interpolation_duration: 1}