# This file was generated by Animated Java via MC-Build. It is not recommended to edit this file directly.
$data merge entity $(bone_leftwing20) {transformation: [-2.2444f,1.8074f,0.669f,4.5394f,-0.4729f,0.479f,-2.8807f,0.9843f,-1.8683f,-2.2925f,-0.0745f,3.6499f,0f,0f,0f,1f],start_interpolation: 0,interpolation_duration: 1}
$data merge entity $(bone_leftwing21) {transformation: [-2.0402f,1.8073f,-1.1497f,4.5394f,1.7436f,0.479f,-2.3412f,0.9843f,-1.2442f,-2.2924f,-1.3956f,3.6499f,0f,0f,0f,1f],start_interpolation: 0,interpolation_duration: 1}
$data merge entity $(bone_leftwing22) {transformation: [-0.5913f,1.8108f,-2.2707f,4.5394f,2.9009f,0.4799f,-0.3728f,0.9843f,0.1399f,-2.2968f,-1.8681f,3.6499f,0f,0f,0f,1f],start_interpolation: 0,interpolation_duration: 1}
$data merge entity $(bone_leftwing23) {transformation: [1.2031f,1.782f,-1.9708f,4.5394f,2.2469f,0.4722f,1.7987f,0.9843f,1.418f,-2.2602f,-1.178f,3.6499f,0f,0f,0f,1f],start_interpolation: 0,interpolation_duration: 1}
$data merge entity $(bone_leftwing1) {transformation: [-1.4618f,1.2219f,0.6084f,2.3468f,-0.5215f,0.3238f,-1.9035f,0.202f,-1.2614f,-1.5499f,0.082f,1.7577f,0f,0f,0f,1f],start_interpolation: 0,interpolation_duration: 1}
$data merge entity $(bone_leftwing) {transformation: [-1.1062f,-0.3639f,-0.0709f,0.6875f,-0.026f,0.2988f,-1.1274f,0.163f,0.3698f,-1.0674f,-0.2915f,2.3125f,0f,0f,0f,1f],start_interpolation: 0,interpolation_duration: 1}
$data merge entity $(bone_rightwing20) {transformation: [-2.2444f,-1.8074f,-0.669f,-4.5394f,0.4729f,0.479f,-2.8807f,0.9843f,1.8683f,-2.2925f,-0.0745f,3.6499f,0f,0f,0f,1f],start_interpolation: 0,interpolation_duration: 1}
$data merge entity $(bone_rightwing21) {transformation: [-2.0403f,-1.8074f,1.1498f,-4.5394f,-1.7437f,0.479f,-2.3413f,0.9843f,1.2443f,-2.2925f,-1.3957f,3.6499f,0f,0f,0f,1f],start_interpolation: 0,interpolation_duration: 1}
$data merge entity $(bone_rightwing22) {transformation: [-0.5902f,-1.8074f,2.2664f,-4.5394f,-2.8955f,0.479f,-0.3721f,0.9843f,-0.1396f,-2.2925f,-1.8646f,3.6499f,0f,0f,0f,1f],start_interpolation: 0,interpolation_duration: 1}
$data merge entity $(bone_rightwing23) {transformation: [1.2031f,-1.782f,1.9708f,-4.5394f,-2.2469f,0.4722f,1.7987f,0.9843f,-1.418f,-2.2602f,-1.178f,3.6499f,0f,0f,0f,1f],start_interpolation: 0,interpolation_duration: 1}
$data merge entity $(bone_rightwing1) {transformation: [-1.4618f,-1.2219f,-0.6084f,-2.3468f,0.5215f,0.3238f,-1.9035f,0.202f,1.2614f,-1.5499f,0.082f,1.7577f,0f,0f,0f,1f],start_interpolation: 0,interpolation_duration: 1}
$data merge entity $(bone_rightwing) {transformation: [-1.1062f,0.3639f,0.0709f,-0.6875f,0.026f,0.2988f,-1.1274f,0.163f,-0.3698f,-1.0674f,-0.2915f,2.3125f,0f,0f,0f,1f],start_interpolation: 0,interpolation_duration: 1}
$data merge entity $(bone_eyebrow) {transformation: [-0.8923f,0f,0f,0f,0f,0.8911f,-0.0469f,1.9213f,0f,-0.0469f,-0.8911f,6.1418f,0f,0f,0f,1f],start_interpolation: 0,interpolation_duration: 1}
$data merge entity $(bone_head) {transformation: [-1.2269f,0f,0f,0f,0f,1.2252f,-0.0645f,1.4077f,0f,-0.0645f,-1.2252f,4.5533f,0f,0f,0f,1f],start_interpolation: 0,interpolation_duration: 1}
$data merge entity $(bone_neck4) {transformation: [-1.0498f,0f,0f,0f,0f,1.0142f,-0.2711f,1.4224f,0f,-0.2711f,-1.0142f,4.4814f,0f,0f,0f,1f],start_interpolation: 0,interpolation_duration: 1}
$data merge entity $(bone_neck3) {transformation: [-1.1664f,0f,0f,0f,0f,1.0309f,-0.5456f,1.1837f,0f,-0.5456f,-1.0309f,4.0304f,0f,0f,0f,1f],start_interpolation: 0,interpolation_duration: 1}
$data merge entity $(bone_neck2) {transformation: [-1.296f,0f,0f,0f,0f,1.0314f,-0.7847f,0.9875f,0f,-0.7847f,-1.0314f,3.7725f,0f,0f,0f,1f],start_interpolation: 0,interpolation_duration: 1}
$data merge entity $(bone_neck1) {transformation: [-1.44f,0f,0f,0f,0f,1.0421f,-0.9937f,0.7391f,0f,-0.9937f,-1.0421f,3.512f,0f,0f,0f,1f],start_interpolation: 0,interpolation_duration: 1}
$data merge entity $(bone_neck0) {transformation: [-1.6f,0f,0f,0f,0f,1.024f,-1.2294f,0.3677f,0f,-1.2294f,-1.024f,3.3328f,0f,0f,0f,1f],start_interpolation: 0,interpolation_duration: 1}
$data merge entity $(bone_frontlegl) {transformation: [-0.9925f,-0.1177f,0.0318f,0.4284f,-0.1055f,0.9602f,0.2587f,0.0975f,-0.0609f,0.2535f,-0.9654f,2.9456f,0f,0f,0f,1f],start_interpolation: 0,interpolation_duration: 1}
$data merge entity $(bone_frontlegtipleft) {transformation: [-0.9925f,-0.0932f,0.0785f,0.8023f,-0.1055f,0.9796f,-0.1713f,-0.8859f,-0.0609f,-0.1783f,-0.9821f,2.661f,0f,0f,0f,1f],start_interpolation: 0,interpolation_duration: 1}
$data merge entity $(bone_frontfootleftd) {transformation: [-0.9925f,-0.0611f,-0.1054f,0.9714f,-0.1055f,-0.0014f,0.9944f,-2.7443f,-0.0609f,0.9981f,-0.0051f,2.9523f,0f,0f,0f,1f],start_interpolation: 0,interpolation_duration: 1}
$data merge entity $(bone_frontfootleft) {transformation: [0.9925f,0.1f,-0.0697f,0.9443f,0.1055f,-0.419f,0.9018f,-2.3144f,0.0609f,-0.9025f,-0.4264f,2.823f,0f,0f,0f,1f],start_interpolation: 0,interpolation_duration: 1}
$data merge entity $(bone_frontlegr) {transformation: [-0.9925f,0.1177f,-0.0318f,-0.8733f,0.1055f,0.9602f,0.2587f,0.1178f,0.0609f,0.2535f,-0.9654f,2.9895f,0f,0f,0f,1f],start_interpolation: 0,interpolation_duration: 1}
$data merge entity $(bone_frontlegtipright) {transformation: [-0.9925f,0.0932f,-0.0785f,-0.7528f,0.1055f,0.9796f,-0.1713f,-0.8881f,0.0609f,-0.1783f,-0.9821f,2.5914f,0f,0f,0f,1f],start_interpolation: 0,interpolation_duration: 1}
$data merge entity $(bone_frontfootrightd) {transformation: [-0.9925f,0.0611f,0.1054f,-0.9356f,0.1055f,-0.0014f,0.9944f,-2.6984f,0.0609f,0.9981f,-0.0051f,2.922f,0f,0f,0f,1f],start_interpolation: 0,interpolation_duration: 1}
$data merge entity $(bone_frontfootright) {transformation: [0.9925f,-0.1f,0.0697f,-0.8872f,-0.1055f,-0.419f,0.9018f,-2.2604f,-0.0609f,-0.9025f,-0.4264f,2.7795f,0f,0f,0f,1f],start_interpolation: 0,interpolation_duration: 1}
$data merge entity $(bone_rearlegl) {transformation: [-1.0807f,0.0475f,-0.0588f,0.0007f,0.0654f,1.0092f,-0.3883f,-2.2903f,0.0378f,-0.3909f,-1.0096f,1.1328f,0f,0f,0f,1f],start_interpolation: 0,interpolation_duration: 1}
$data merge entity $(bone_rearfootleftd) {transformation: [-0.9976f,0.036f,0.0597f,0.5321f,0.0604f,0.0182f,0.998f,-5.2105f,0.0349f,0.9992f,-0.0203f,1.6803f,0f,0f,0f,1f],start_interpolation: 0,interpolation_duration: 1}
$data merge entity $(bone_rearfootleft) {transformation: [-0.9976f,0.0543f,0.0438f,0.569f,0.0604f,0.3584f,0.9316f,-4.5252f,0.0349f,0.932f,-0.3608f,1.5487f,0f,0f,0f,1f],start_interpolation: 0,interpolation_duration: 1}
$data merge entity $(bone_rearlegtipleft) {transformation: [-0.9976f,0.0685f,-0.0134f,0.576f,0.0604f,0.944f,0.3242f,-3.5977f,0.0349f,0.3226f,-0.9459f,1.9326f,0f,0f,0f,1f],start_interpolation: 0,interpolation_duration: 1}
$data merge entity $(bone_rearlegr) {transformation: [-1.0807f,-0.0475f,0.0588f,-1.3751f,-0.0654f,1.0092f,-0.3883f,-2.3792f,-0.0378f,-0.3909f,-1.0096f,1.0529f,0f,0f,0f,1f],start_interpolation: 0,interpolation_duration: 1}
$data merge entity $(bone_rearfootrightd) {transformation: [-0.9976f,-0.0597f,0.036f,-0.5349f,-0.0604f,0.998f,-0.0182f,-5.2164f,-0.0349f,-0.0203f,-0.9992f,1.6483f,0f,0f,0f,1f],start_interpolation: 0,interpolation_duration: 1}
$data merge entity $(bone_rearfootright) {transformation: [-0.9976f,-0.0543f,-0.0438f,-0.5718f,-0.0604f,0.3584f,0.9316f,-4.5311f,-0.0349f,0.932f,-0.3608f,1.5167f,0f,0f,0f,1f],start_interpolation: 0,interpolation_duration: 1}
$data merge entity $(bone_rearlegtipright) {transformation: [-0.9976f,-0.0685f,0.0134f,-0.7035f,-0.0604f,0.944f,0.3242f,-3.6111f,-0.0349f,0.3226f,-0.9459f,1.8963f,0f,0f,0f,1f],start_interpolation: 0,interpolation_duration: 1}
$data merge entity $(bone_tail11) {transformation: [-0.2937f,0f,0f,0f,0f,0.2151f,0.2416f,-4.476f,0f,0.2478f,-0.1764f,-3.5092f,0f,0f,0f,1f],start_interpolation: 0,interpolation_duration: 1}
$data merge entity $(bone_tail10) {transformation: [-0.3916f,0f,0f,0f,0f,0.3238f,0.2849f,-4.6362f,0f,0.2993f,-0.2736f,-3.3553f,0f,0f,0f,1f],start_interpolation: 0,interpolation_duration: 1}
$data merge entity $(bone_tail9) {transformation: [-0.4896f,0f,0f,0f,0f,0.4403f,0.311f,-4.8112f,0f,0.3357f,-0.3798f,-3.1417f,0f,0f,0f,1f],start_interpolation: 0,interpolation_duration: 1}
$data merge entity $(bone_tail8) {transformation: [-0.5759f,0f,0f,0f,0f,0.5541f,0.3085f,-4.9847f,0f,0.3449f,-0.4865f,-2.8681f,0f,0f,0f,1f],start_interpolation: 0,interpolation_duration: 1}
$data merge entity $(bone_tail7) {transformation: [-0.6776f,0f,0f,0f,0f,0.6916f,0.2799f,-5.1421f,0f,0.3322f,-0.6179f,-2.5205f,0f,0f,0f,1f],start_interpolation: 0,interpolation_duration: 1}
$data merge entity $(bone_tail6) {transformation: [-0.7972f,0f,0f,0f,0f,0.8541f,0.2024f,-5.256f,0f,0.2763f,-0.7777f,-2.083f,0f,0f,0f,1f],start_interpolation: 0,interpolation_duration: 1}
$data merge entity $(bone_tail5) {transformation: [-0.8857f,0f,0f,0f,0f,0.9742f,0.0461f,-5.2819f,0f,0.1424f,-0.9059f,-1.5734f,0f,0f,0f,1f],start_interpolation: 0,interpolation_duration: 1}
$data merge entity $(bone_tail4) {transformation: [-0.9842f,0f,0f,0f,0f,1.0682f,-0.1826f,-5.1792f,0f,-0.0617f,-1.0171f,-1.0013f,0f,0f,0f,1f],start_interpolation: 0,interpolation_duration: 1}
$data merge entity $(bone_tail3) {transformation: [-1.0935f,0f,0f,0f,0f,1.1057f,-0.4768f,-4.911f,0f,-0.3329f,-1.0822f,-0.3926f,0f,0f,0f,1f],start_interpolation: 0,interpolation_duration: 1}
$data merge entity $(bone_tail2) {transformation: [-1.215f,0f,0f,0f,0f,1.0639f,-0.8111f,-4.4548f,0f,-0.6496f,-1.0773f,0.2134f,0f,0f,0f,1f],start_interpolation: 0,interpolation_duration: 1}
$data merge entity $(bone_tail1) {transformation: [-1.35f,0f,0f,0f,0f,0.9405f,-1.1511f,-3.8073f,0f,-0.9801f,-0.9966f,0.774f,0f,0f,0f,1f],start_interpolation: 0,interpolation_duration: 1}
$data merge entity $(bone_tail0) {transformation: [-1.5f,0f,0f,0f,0f,0.7547f,-1.4691f,-2.7922f,0f,-1.2963f,-0.8554f,0.9311f,0f,0f,0f,1f],start_interpolation: 0,interpolation_duration: 1}