# This file was generated by Animated Java via MC-Build. It is not recommended to edit this file directly.
$data merge entity $(bone_leftwing20) {transformation: [-2.5387f,0.6043f,1.3933f,4.3823f,-1.2885f,0.5796f,-2.5991f,1.2351f,-0.8039f,-2.8374f,-0.2342f,1.7665f,0f,0f,0f,1f],start_interpolation: 0,interpolation_duration: 1}
$data merge entity $(bone_leftwing21) {transformation: [-2.7657f,0.6042f,-0.8583f,4.3823f,0.9745f,0.5795f,-2.7323f,1.2351f,-0.3899f,-2.8372f,-0.7409f,1.7665f,0f,0f,0f,1f],start_interpolation: 0,interpolation_duration: 1}
$data merge entity $(bone_leftwing22) {transformation: [-1.3063f,0.6054f,-2.5907f,4.3823f,2.6475f,0.5807f,-1.1993f,1.2351f,0.2626f,-2.8427f,-0.7967f,1.7665f,0f,0f,0f,1f],start_interpolation: 0,interpolation_duration: 1}
$data merge entity $(bone_leftwing23) {transformation: [0.9409f,0.5958f,-2.6957f,4.3823f,2.6587f,0.5714f,1.0543f,1.2351f,0.7435f,-2.7974f,-0.3587f,1.7665f,0f,0f,0f,1f],start_interpolation: 0,interpolation_duration: 1}
$data merge entity $(bone_leftwing1) {transformation: [-1.6085f,0.4085f,1.1162f,1.9696f,-1.05f,0.3918f,-1.6565f,-0.34f,-0.557f,-1.9182f,-0.1006f,0.931f,0f,0f,0f,1f],start_interpolation: 0,interpolation_duration: 1}
$data merge entity $(bone_leftwing) {transformation: [-0.8547f,-0.779f,0.1542f,0.6875f,-0.248f,0.0467f,-1.139f,-0.712f,0.7544f,-0.8672f,-0.1998f,2.0625f,0f,0f,0f,1f],start_interpolation: 0,interpolation_duration: 1}
$data merge entity $(bone_rightwing20) {transformation: [-2.5387f,-0.6043f,-1.3933f,-4.3823f,1.2885f,0.5796f,-2.5991f,1.2351f,0.8039f,-2.8374f,-0.2342f,1.7665f,0f,0f,0f,1f],start_interpolation: 0,interpolation_duration: 1}
$data merge entity $(bone_rightwing21) {transformation: [-2.7658f,-0.6043f,0.8583f,-4.3823f,-0.9746f,0.5796f,-2.7324f,1.2351f,0.39f,-2.8374f,-0.7409f,1.7665f,0f,0f,0f,1f],start_interpolation: 0,interpolation_duration: 1}
$data merge entity $(bone_rightwing22) {transformation: [-1.3039f,-0.6043f,2.5858f,-4.3823f,-2.6425f,0.5796f,-1.197f,1.2351f,-0.2621f,-2.8374f,-0.7952f,1.7665f,0f,0f,0f,1f],start_interpolation: 0,interpolation_duration: 1}
$data merge entity $(bone_rightwing23) {transformation: [0.9409f,-0.5958f,2.6957f,-4.3823f,-2.6587f,0.5714f,1.0543f,1.2351f,-0.7435f,-2.7974f,-0.3587f,1.7665f,0f,0f,0f,1f],start_interpolation: 0,interpolation_duration: 1}
$data merge entity $(bone_rightwing1) {transformation: [-1.6085f,-0.4085f,-1.1162f,-1.9696f,1.05f,0.3918f,-1.6565f,-0.34f,0.557f,-1.9182f,-0.1006f,0.931f,0f,0f,0f,1f],start_interpolation: 0,interpolation_duration: 1}
$data merge entity $(bone_rightwing) {transformation: [-0.8547f,0.779f,-0.1542f,-0.6875f,0.248f,0.0467f,-1.139f,-0.712f,-0.7544f,-0.8672f,-0.1998f,2.0625f,0f,0f,0f,1f],start_interpolation: 0,interpolation_duration: 1}
$data merge entity $(bone_eyebrow) {transformation: [-0.8923f,0f,0f,0f,0f,0.8917f,-0.0334f,1.0355f,0f,-0.0334f,-0.8917f,5.8791f,0f,0f,0f,1f],start_interpolation: 0,interpolation_duration: 1}
$data merge entity $(bone_head) {transformation: [-1.2269f,0f,0f,0f,0f,1.226f,-0.046f,0.546f,0f,-0.046f,-1.226f,4.283f,0f,0f,0f,1f],start_interpolation: 0,interpolation_duration: 1}
$data merge entity $(bone_neck4) {transformation: [-1.0498f,0f,0f,0f,0f,1.0194f,-0.2505f,0.5622f,0f,-0.2505f,-1.0194f,4.2115f,0f,0f,0f,1f],start_interpolation: 0,interpolation_duration: 1}
$data merge entity $(bone_neck3) {transformation: [-1.1664f,0f,0f,0f,0f,1.0345f,-0.5388f,0.3265f,0f,-0.5388f,-1.0345f,3.7589f,0f,0f,0f,1f],start_interpolation: 0,interpolation_duration: 1}
$data merge entity $(bone_neck2) {transformation: [-1.296f,0f,0f,0f,0f,1.0164f,-0.804f,0.1255f,0f,-0.804f,-1.0164f,3.5048f,0f,0f,0f,1f],start_interpolation: 0,interpolation_duration: 1}
$data merge entity $(bone_neck1) {transformation: [-1.44f,0f,0f,0f,0f,1.0081f,-1.0282f,-0.1316f,0f,-1.0282f,-1.0081f,3.2527f,0f,0f,0f,1f],start_interpolation: 0,interpolation_duration: 1}
$data merge entity $(bone_neck0) {transformation: [-1.6f,0f,0f,0f,0f,0.9932f,-1.2544f,-0.5073f,0f,-1.2544f,-0.9932f,3.0828f,0f,0f,0f,1f],start_interpolation: 0,interpolation_duration: 1}
$data merge entity $(bone_frontlegl) {transformation: [-0.9925f,-0.1173f,0.0332f,0.4284f,-0.1055f,0.9633f,0.2468f,-0.7777f,-0.0609f,0.2415f,-0.9685f,2.6948f,0f,0f,0f,1f],start_interpolation: 0,interpolation_duration: 1}
$data merge entity $(bone_frontlegtipleft) {transformation: [-0.9925f,-0.0922f,0.0797f,0.802f,-0.1055f,0.9774f,-0.1834f,-1.7647f,-0.0609f,-0.1904f,-0.9798f,2.4228f,0f,0f,0f,1f],start_interpolation: 0,interpolation_duration: 1}
$data merge entity $(bone_frontfootleftd) {transformation: [-0.9925f,-0.0624f,-0.1047f,0.9693f,-0.1055f,0.0109f,0.9944f,-3.6196f,-0.0609f,0.998f,-0.0174f,2.7371f,0f,0f,0f,1f],start_interpolation: 0,interpolation_duration: 1}
$data merge entity $(bone_frontfootleft) {transformation: [0.9925f,0.1008f,-0.0685f,0.9426f,0.1055f,-0.4301f,0.8966f,-3.1913f,0.0609f,-0.8971f,-0.4375f,2.6025f,0f,0f,0f,1f],start_interpolation: 0,interpolation_duration: 1}
$data merge entity $(bone_frontlegr) {transformation: [-0.9925f,0.1173f,-0.0332f,-0.8733f,0.1055f,0.9633f,0.2468f,-0.7575f,0.0609f,0.2415f,-0.9685f,2.7397f,0f,0f,0f,1f],start_interpolation: 0,interpolation_duration: 1}
$data merge entity $(bone_frontlegtipright) {transformation: [-0.9925f,0.0922f,-0.0797f,-0.7526f,0.1055f,0.9774f,-0.1834f,-1.7682f,0.0609f,-0.1904f,-0.9798f,2.3538f,0f,0f,0f,1f],start_interpolation: 0,interpolation_duration: 1}
$data merge entity $(bone_frontfootrightd) {transformation: [-0.9925f,0.0624f,0.1047f,-0.9336f,0.1055f,0.0109f,0.9944f,-3.5744f,0.0609f,0.998f,-0.0174f,2.7069f,0f,0f,0f,1f],start_interpolation: 0,interpolation_duration: 1}
$data merge entity $(bone_frontfootright) {transformation: [0.9925f,-0.1008f,0.0685f,-0.8856f,-0.1055f,-0.4301f,0.8966f,-3.1381f,-0.0609f,-0.8971f,-0.4375f,2.5589f,0f,0f,0f,1f],start_interpolation: 0,interpolation_duration: 1}
$data merge entity $(bone_rearlegl) {transformation: [-1.0807f,0.0467f,-0.0594f,0.0005f,0.0654f,1.0044f,-0.4008f,-3.1679f,0.0378f,-0.4034f,-1.0047f,0.8816f,0f,0f,0f,1f],start_interpolation: 0,interpolation_duration: 1}
$data merge entity $(bone_rearfootleftd) {transformation: [-0.9976f,0.0368f,0.0593f,0.5336f,0.0604f,0.0305f,0.9977f,-6.0809f,0.0349f,0.9989f,-0.0327f,1.4646f,0f,0f,0f,1f],start_interpolation: 0,interpolation_duration: 1}
$data merge entity $(bone_rearfootleft) {transformation: [-0.9976f,0.0548f,0.0431f,0.5701f,0.0604f,0.3699f,0.9271f,-5.3973f,0.0349f,0.9274f,-0.3723f,1.3246f,0f,0f,0f,1f],start_interpolation: 0,interpolation_duration: 1}
$data merge entity $(bone_rearlegtipleft) {transformation: [-0.9976f,0.0683f,-0.0143f,0.5769f,0.0604f,0.948f,0.3125f,-4.4651f,0.0349f,0.3109f,-0.9498f,1.697f,0f,0f,0f,1f],start_interpolation: 0,interpolation_duration: 1}
$data merge entity $(bone_rearlegr) {transformation: [-1.0807f,-0.0467f,0.0594f,-1.3749f,-0.0654f,1.0044f,-0.4008f,-3.2572f,-0.0378f,-0.4034f,-1.0047f,0.8017f,0f,0f,0f,1f],start_interpolation: 0,interpolation_duration: 1}
$data merge entity $(bone_rearfootrightd) {transformation: [-0.9976f,-0.0593f,0.0368f,-0.5364f,-0.0604f,0.9977f,-0.0305f,-6.0872f,-0.0349f,-0.0327f,-0.9989f,1.4327f,0f,0f,0f,1f],start_interpolation: 0,interpolation_duration: 1}
$data merge entity $(bone_rearfootright) {transformation: [-0.9976f,-0.0548f,-0.0431f,-0.5729f,-0.0604f,0.3699f,0.9271f,-5.4036f,-0.0349f,0.9274f,-0.3723f,1.2927f,0f,0f,0f,1f],start_interpolation: 0,interpolation_duration: 1}
$data merge entity $(bone_rearlegtipright) {transformation: [-0.9976f,-0.0683f,0.0143f,-0.7044f,-0.0604f,0.948f,0.3125f,-4.4789f,-0.0349f,0.3109f,-0.9498f,1.6608f,0f,0f,0f,1f],start_interpolation: 0,interpolation_duration: 1}
$data merge entity $(bone_tail11) {transformation: [-0.2937f,0f,0f,0f,0f,0.22f,0.236f,-5.2948f,0f,0.2449f,-0.1818f,-3.8814f,0f,0f,0f,1f],start_interpolation: 0,interpolation_duration: 1}
$data merge entity $(bone_tail10) {transformation: [-0.3916f,0f,0f,0f,0f,0.3348f,0.2701f,-5.4467f,0f,0.289f,-0.2861f,-3.7205f,0f,0f,0f,1f],start_interpolation: 0,interpolation_duration: 1}
$data merge entity $(bone_tail9) {transformation: [-0.4896f,0f,0f,0f,0f,0.4549f,0.2866f,-5.6079f,0f,0.3171f,-0.3973f,-3.497f,0f,0f,0f,1f],start_interpolation: 0,interpolation_duration: 1}
$data merge entity $(bone_tail8) {transformation: [-0.5759f,0f,0f,0f,0f,0.5676f,0.2791f,-5.7649f,0f,0.322f,-0.5039f,-3.2136f,0f,0f,0f,1f],start_interpolation: 0,interpolation_duration: 1}
$data merge entity $(bone_tail7) {transformation: [-0.6776f,0f,0f,0f,0f,0.6998f,0.2532f,-5.9074f,0f,0.3116f,-0.6308f,-2.8587f,0f,0f,0f,1f],start_interpolation: 0,interpolation_duration: 1}
$data merge entity $(bone_tail6) {transformation: [-0.7972f,0f,0f,0f,0f,0.8549f,0.189f,-6.0137f,0f,0.2676f,-0.7833f,-2.4181f,0f,0f,0f,1f],start_interpolation: 0,interpolation_duration: 1}
$data merge entity $(bone_tail5) {transformation: [-0.8857f,0f,0f,0f,0f,0.9712f,0.0559f,-6.0451f,0f,0.1548f,-0.9066f,-1.9081f,0f,0f,0f,1f],start_interpolation: 0,interpolation_duration: 1}
$data merge entity $(bone_tail4) {transformation: [-0.9842f,0f,0f,0f,0f,1.0709f,-0.1468f,-5.9625f,0f,-0.0252f,-1.0216f,-1.3335f,0f,0f,0f,1f],start_interpolation: 0,interpolation_duration: 1}
$data merge entity $(bone_tail3) {transformation: [-1.0935f,0f,0f,0f,0f,1.1243f,-0.4223f,-5.725f,0f,-0.2784f,-1.1008f,-0.7143f,0f,0f,0f,1f],start_interpolation: 0,interpolation_duration: 1}
$data merge entity $(bone_tail2) {transformation: [-1.215f,0f,0f,0f,0f,1.1012f,-0.7537f,-5.3011f,0f,-0.5922f,-1.114f,-0.0877f,0f,0f,0f,1f],start_interpolation: 0,interpolation_duration: 1}
$data merge entity $(bone_tail1) {transformation: [-1.35f,0f,0f,0f,0f,0.9858f,-1.1075f,-4.6781f,0f,-0.9368f,-1.0428f,0.4989f,0f,0f,0f,1f],start_interpolation: 0,interpolation_duration: 1}
$data merge entity $(bone_tail0) {transformation: [-1.5f,0f,0f,0f,0f,0.7866f,-1.4475f,-3.6672f,0f,-1.2772f,-0.8915f,0.6811f,0f,0f,0f,1f],start_interpolation: 0,interpolation_duration: 1}