# This file was generated by Animated Java via MC-Build. It is not recommended to edit this file directly.
$data merge entity $(bone_leftwing20) {transformation: [-2.5387f,0.6043f,1.3933f,4.3823f,-1.2885f,0.5796f,-2.5991f,2.1101f,-0.8039f,-2.8374f,-0.2342f,2.0165f,0f,0f,0f,1f],start_interpolation: 0,interpolation_duration: 1}
$data merge entity $(bone_leftwing21) {transformation: [-2.7657f,0.6042f,-0.8583f,4.3823f,0.9745f,0.5795f,-2.7323f,2.1101f,-0.3899f,-2.8372f,-0.7409f,2.0165f,0f,0f,0f,1f],start_interpolation: 0,interpolation_duration: 1}
$data merge entity $(bone_leftwing22) {transformation: [-1.3063f,0.6054f,-2.5907f,4.3823f,2.6475f,0.5807f,-1.1993f,2.1101f,0.2626f,-2.8427f,-0.7967f,2.0165f,0f,0f,0f,1f],start_interpolation: 0,interpolation_duration: 1}
$data merge entity $(bone_leftwing23) {transformation: [0.9409f,0.5958f,-2.6957f,4.3823f,2.6587f,0.5714f,1.0543f,2.1101f,0.7435f,-2.7974f,-0.3587f,2.0165f,0f,0f,0f,1f],start_interpolation: 0,interpolation_duration: 1}
$data merge entity $(bone_leftwing1) {transformation: [-1.6085f,0.4085f,1.1162f,1.9696f,-1.05f,0.3918f,-1.6565f,0.535f,-0.557f,-1.9182f,-0.1006f,1.181f,0f,0f,0f,1f],start_interpolation: 0,interpolation_duration: 1}
$data merge entity $(bone_leftwing) {transformation: [-0.8547f,-0.779f,0.1542f,0.6875f,-0.248f,0.0467f,-1.139f,0.163f,0.7544f,-0.8672f,-0.1998f,2.3125f,0f,0f,0f,1f],start_interpolation: 0,interpolation_duration: 1}
$data merge entity $(bone_rightwing20) {transformation: [-2.5387f,-0.6043f,-1.3933f,-4.3823f,1.2885f,0.5796f,-2.5991f,2.1101f,0.8039f,-2.8374f,-0.2342f,2.0165f,0f,0f,0f,1f],start_interpolation: 0,interpolation_duration: 1}
$data merge entity $(bone_rightwing21) {transformation: [-2.7658f,-0.6043f,0.8583f,-4.3823f,-0.9746f,0.5796f,-2.7324f,2.1101f,0.39f,-2.8374f,-0.7409f,2.0165f,0f,0f,0f,1f],start_interpolation: 0,interpolation_duration: 1}
$data merge entity $(bone_rightwing22) {transformation: [-1.3039f,-0.6043f,2.5858f,-4.3823f,-2.6425f,0.5796f,-1.197f,2.1101f,-0.2621f,-2.8374f,-0.7952f,2.0165f,0f,0f,0f,1f],start_interpolation: 0,interpolation_duration: 1}
$data merge entity $(bone_rightwing23) {transformation: [0.9409f,-0.5958f,2.6957f,-4.3823f,-2.6587f,0.5714f,1.0543f,2.1101f,-0.7435f,-2.7974f,-0.3587f,2.0165f,0f,0f,0f,1f],start_interpolation: 0,interpolation_duration: 1}
$data merge entity $(bone_rightwing1) {transformation: [-1.6085f,-0.4085f,-1.1162f,-1.9696f,1.05f,0.3918f,-1.6565f,0.535f,0.557f,-1.9182f,-0.1006f,1.181f,0f,0f,0f,1f],start_interpolation: 0,interpolation_duration: 1}
$data merge entity $(bone_rightwing) {transformation: [-0.8547f,0.779f,-0.1542f,-0.6875f,0.248f,0.0467f,-1.139f,0.163f,-0.7544f,-0.8672f,-0.1998f,2.3125f,0f,0f,0f,1f],start_interpolation: 0,interpolation_duration: 1}
$data merge entity $(bone_eyebrow) {transformation: [-0.8923f,0f,0f,0f,0f,0.8917f,-0.0334f,1.9105f,0f,-0.0334f,-0.8917f,6.1291f,0f,0f,0f,1f],start_interpolation: 0,interpolation_duration: 1}
$data merge entity $(bone_head) {transformation: [-1.2269f,0f,0f,0f,0f,1.226f,-0.046f,1.421f,0f,-0.046f,-1.226f,4.533f,0f,0f,0f,1f],start_interpolation: 0,interpolation_duration: 1}
$data merge entity $(bone_neck4) {transformation: [-1.0498f,0f,0f,0f,0f,1.0194f,-0.2505f,1.4372f,0f,-0.2505f,-1.0194f,4.4615f,0f,0f,0f,1f],start_interpolation: 0,interpolation_duration: 1}
$data merge entity $(bone_neck3) {transformation: [-1.1664f,0f,0f,0f,0f,1.0345f,-0.5388f,1.2015f,0f,-0.5388f,-1.0345f,4.0089f,0f,0f,0f,1f],start_interpolation: 0,interpolation_duration: 1}
$data merge entity $(bone_neck2) {transformation: [-1.296f,0f,0f,0f,0f,1.0164f,-0.804f,1.0005f,0f,-0.804f,-1.0164f,3.7548f,0f,0f,0f,1f],start_interpolation: 0,interpolation_duration: 1}
$data merge entity $(bone_neck1) {transformation: [-1.44f,0f,0f,0f,0f,1.0081f,-1.0282f,0.7434f,0f,-1.0282f,-1.0081f,3.5027f,0f,0f,0f,1f],start_interpolation: 0,interpolation_duration: 1}
$data merge entity $(bone_neck0) {transformation: [-1.6f,0f,0f,0f,0f,0.9932f,-1.2544f,0.3677f,0f,-1.2544f,-0.9932f,3.3328f,0f,0f,0f,1f],start_interpolation: 0,interpolation_duration: 1}
$data merge entity $(bone_frontlegl) {transformation: [-0.9925f,-0.1173f,0.0332f,0.4284f,-0.1055f,0.9633f,0.2468f,0.0973f,-0.0609f,0.2415f,-0.9685f,2.9448f,0f,0f,0f,1f],start_interpolation: 0,interpolation_duration: 1}
$data merge entity $(bone_frontlegtipleft) {transformation: [-0.9925f,-0.0922f,0.0797f,0.802f,-0.1055f,0.9774f,-0.1834f,-0.8897f,-0.0609f,-0.1904f,-0.9798f,2.6728f,0f,0f,0f,1f],start_interpolation: 0,interpolation_duration: 1}
$data merge entity $(bone_frontfootleftd) {transformation: [-0.9925f,-0.0624f,-0.1047f,0.9693f,-0.1055f,0.0109f,0.9944f,-2.7446f,-0.0609f,0.998f,-0.0174f,2.9871f,0f,0f,0f,1f],start_interpolation: 0,interpolation_duration: 1}
$data merge entity $(bone_frontfootleft) {transformation: [0.9925f,0.1008f,-0.0685f,0.9426f,0.1055f,-0.4301f,0.8966f,-2.3163f,0.0609f,-0.8971f,-0.4375f,2.8525f,0f,0f,0f,1f],start_interpolation: 0,interpolation_duration: 1}
$data merge entity $(bone_frontlegr) {transformation: [-0.9925f,0.1173f,-0.0332f,-0.8733f,0.1055f,0.9633f,0.2468f,0.1175f,0.0609f,0.2415f,-0.9685f,2.9897f,0f,0f,0f,1f],start_interpolation: 0,interpolation_duration: 1}
$data merge entity $(bone_frontlegtipright) {transformation: [-0.9925f,0.0922f,-0.0797f,-0.7526f,0.1055f,0.9774f,-0.1834f,-0.8932f,0.0609f,-0.1904f,-0.9798f,2.6038f,0f,0f,0f,1f],start_interpolation: 0,interpolation_duration: 1}
$data merge entity $(bone_frontfootrightd) {transformation: [-0.9925f,0.0624f,0.1047f,-0.9336f,0.1055f,0.0109f,0.9944f,-2.6994f,0.0609f,0.998f,-0.0174f,2.9569f,0f,0f,0f,1f],start_interpolation: 0,interpolation_duration: 1}
$data merge entity $(bone_frontfootright) {transformation: [0.9925f,-0.1008f,0.0685f,-0.8856f,-0.1055f,-0.4301f,0.8966f,-2.2631f,-0.0609f,-0.8971f,-0.4375f,2.8089f,0f,0f,0f,1f],start_interpolation: 0,interpolation_duration: 1}
$data merge entity $(bone_rearlegl) {transformation: [-1.0807f,0.0467f,-0.0594f,0.0005f,0.0654f,1.0044f,-0.4008f,-2.2929f,0.0378f,-0.4034f,-1.0047f,1.1316f,0f,0f,0f,1f],start_interpolation: 0,interpolation_duration: 1}
$data merge entity $(bone_rearfootleftd) {transformation: [-0.9976f,0.0368f,0.0593f,0.5336f,0.0604f,0.0305f,0.9977f,-5.2059f,0.0349f,0.9989f,-0.0327f,1.7146f,0f,0f,0f,1f],start_interpolation: 0,interpolation_duration: 1}
$data merge entity $(bone_rearfootleft) {transformation: [-0.9976f,0.0548f,0.0431f,0.5701f,0.0604f,0.3699f,0.9271f,-4.5223f,0.0349f,0.9274f,-0.3723f,1.5746f,0f,0f,0f,1f],start_interpolation: 0,interpolation_duration: 1}
$data merge entity $(bone_rearlegtipleft) {transformation: [-0.9976f,0.0683f,-0.0143f,0.5769f,0.0604f,0.948f,0.3125f,-3.5901f,0.0349f,0.3109f,-0.9498f,1.947f,0f,0f,0f,1f],start_interpolation: 0,interpolation_duration: 1}
$data merge entity $(bone_rearlegr) {transformation: [-1.0807f,-0.0467f,0.0594f,-1.3749f,-0.0654f,1.0044f,-0.4008f,-2.3822f,-0.0378f,-0.4034f,-1.0047f,1.0517f,0f,0f,0f,1f],start_interpolation: 0,interpolation_duration: 1}
$data merge entity $(bone_rearfootrightd) {transformation: [-0.9976f,-0.0593f,0.0368f,-0.5364f,-0.0604f,0.9977f,-0.0305f,-5.2122f,-0.0349f,-0.0327f,-0.9989f,1.6827f,0f,0f,0f,1f],start_interpolation: 0,interpolation_duration: 1}
$data merge entity $(bone_rearfootright) {transformation: [-0.9976f,-0.0548f,-0.0431f,-0.5729f,-0.0604f,0.3699f,0.9271f,-4.5286f,-0.0349f,0.9274f,-0.3723f,1.5427f,0f,0f,0f,1f],start_interpolation: 0,interpolation_duration: 1}
$data merge entity $(bone_rearlegtipright) {transformation: [-0.9976f,-0.0683f,0.0143f,-0.7044f,-0.0604f,0.948f,0.3125f,-3.6039f,-0.0349f,0.3109f,-0.9498f,1.9108f,0f,0f,0f,1f],start_interpolation: 0,interpolation_duration: 1}
$data merge entity $(bone_tail11) {transformation: [-0.2937f,0f,0f,0f,0f,0.22f,0.236f,-4.4198f,0f,0.2449f,-0.1818f,-3.6314f,0f,0f,0f,1f],start_interpolation: 0,interpolation_duration: 1}
$data merge entity $(bone_tail10) {transformation: [-0.3916f,0f,0f,0f,0f,0.3348f,0.2701f,-4.5717f,0f,0.289f,-0.2861f,-3.4705f,0f,0f,0f,1f],start_interpolation: 0,interpolation_duration: 1}
$data merge entity $(bone_tail9) {transformation: [-0.4896f,0f,0f,0f,0f,0.4549f,0.2866f,-4.7329f,0f,0.3171f,-0.3973f,-3.247f,0f,0f,0f,1f],start_interpolation: 0,interpolation_duration: 1}
$data merge entity $(bone_tail8) {transformation: [-0.5759f,0f,0f,0f,0f,0.5676f,0.2791f,-4.8899f,0f,0.322f,-0.5039f,-2.9636f,0f,0f,0f,1f],start_interpolation: 0,interpolation_duration: 1}
$data merge entity $(bone_tail7) {transformation: [-0.6776f,0f,0f,0f,0f,0.6998f,0.2532f,-5.0324f,0f,0.3116f,-0.6308f,-2.6087f,0f,0f,0f,1f],start_interpolation: 0,interpolation_duration: 1}
$data merge entity $(bone_tail6) {transformation: [-0.7972f,0f,0f,0f,0f,0.8549f,0.189f,-5.1387f,0f,0.2676f,-0.7833f,-2.1681f,0f,0f,0f,1f],start_interpolation: 0,interpolation_duration: 1}
$data merge entity $(bone_tail5) {transformation: [-0.8857f,0f,0f,0f,0f,0.9712f,0.0559f,-5.1701f,0f,0.1548f,-0.9066f,-1.6581f,0f,0f,0f,1f],start_interpolation: 0,interpolation_duration: 1}
$data merge entity $(bone_tail4) {transformation: [-0.9842f,0f,0f,0f,0f,1.0709f,-0.1468f,-5.0875f,0f,-0.0252f,-1.0216f,-1.0835f,0f,0f,0f,1f],start_interpolation: 0,interpolation_duration: 1}
$data merge entity $(bone_tail3) {transformation: [-1.0935f,0f,0f,0f,0f,1.1243f,-0.4223f,-4.85f,0f,-0.2784f,-1.1008f,-0.4643f,0f,0f,0f,1f],start_interpolation: 0,interpolation_duration: 1}
$data merge entity $(bone_tail2) {transformation: [-1.215f,0f,0f,0f,0f,1.1012f,-0.7537f,-4.4261f,0f,-0.5922f,-1.114f,0.1623f,0f,0f,0f,1f],start_interpolation: 0,interpolation_duration: 1}
$data merge entity $(bone_tail1) {transformation: [-1.35f,0f,0f,0f,0f,0.9858f,-1.1075f,-3.8031f,0f,-0.9368f,-1.0428f,0.7489f,0f,0f,0f,1f],start_interpolation: 0,interpolation_duration: 1}
$data merge entity $(bone_tail0) {transformation: [-1.5f,0f,0f,0f,0f,0.7866f,-1.4475f,-2.7922f,0f,-1.2772f,-0.8915f,0.9311f,0f,0f,0f,1f],start_interpolation: 0,interpolation_duration: 1}