# This file was generated by Animated Java via MC-Build. It is not recommended to edit this file directly.
$data merge entity $(bone_leftwing20) {transformation: [-2.2279f,-0.7236f,1.8068f,3.505f,-1.9224f,0.3889f,-2.2147f,2.0288f,0.3042f,-2.842f,-0.7631f,0.3669f,0f,0f,0f,1f],start_interpolation: 0,interpolation_duration: 1}
$data merge entity $(bone_leftwing21) {transformation: [-2.8472f,-0.7235f,-0.3475f,3.505f,0.2577f,0.3888f,-2.9212f,2.0288f,0.7602f,-2.8418f,-0.3112f,0.3669f,0f,0f,0f,1f],start_interpolation: 0,interpolation_duration: 1}
$data merge entity $(bone_leftwing22) {transformation: [-1.7312f,-0.7249f,-2.2939f,3.505f,2.2847f,0.3896f,-1.8474f,2.0288f,0.7534f,-2.8473f,0.3313f,0.3669f,0f,0f,0f,1f],start_interpolation: 0,interpolation_duration: 1}
$data merge entity $(bone_leftwing23) {transformation: [0.4404f,-0.7134f,-2.7936f,3.505f,2.8695f,0.3834f,0.3545f,2.0288f,0.2805f,-2.802f,0.7598f,0.3669f,0f,0f,0f,1f],start_interpolation: 0,interpolation_duration: 1}
$data merge entity $(bone_leftwing1) {transformation: [-1.3703f,-0.4892f,1.3722f,1.4496f,-1.449f,0.2629f,-1.3532f,-0.1447f,0.1506f,-1.9213f,-0.5345f,0.5928f,0f,0f,0f,1f],start_interpolation: 0,interpolation_duration: 1}
$data merge entity $(bone_leftwing) {transformation: [-0.5081f,-0.9901f,0.3503f,0.6875f,-0.3782f,-0.1906f,-1.0871f,-0.712f,0.9798f,-0.587f,-0.2379f,2.0625f,0f,0f,0f,1f],start_interpolation: 0,interpolation_duration: 1}
$data merge entity $(bone_rightwing20) {transformation: [-2.2279f,0.7236f,-1.8068f,-3.505f,1.9224f,0.3889f,-2.2147f,2.0288f,-0.3042f,-2.842f,-0.7631f,0.3669f,0f,0f,0f,1f],start_interpolation: 0,interpolation_duration: 1}
$data merge entity $(bone_rightwing21) {transformation: [-2.8473f,0.7236f,0.3475f,-3.505f,-0.2577f,0.3889f,-2.9213f,2.0288f,-0.7602f,-2.842f,-0.3112f,0.3669f,0f,0f,0f,1f],start_interpolation: 0,interpolation_duration: 1}
$data merge entity $(bone_rightwing22) {transformation: [-1.7279f,0.7236f,2.2896f,-3.505f,-2.2805f,0.3889f,-1.8439f,2.0288f,-0.752f,-2.842f,0.3307f,0.3669f,0f,0f,0f,1f],start_interpolation: 0,interpolation_duration: 1}
$data merge entity $(bone_rightwing23) {transformation: [0.4404f,0.7134f,2.7936f,-3.505f,-2.8695f,0.3834f,0.3545f,2.0288f,-0.2805f,-2.802f,0.7598f,0.3669f,0f,0f,0f,1f],start_interpolation: 0,interpolation_duration: 1}
$data merge entity $(bone_rightwing1) {transformation: [-1.3703f,0.4892f,-1.3722f,-1.4496f,1.449f,0.2629f,-1.3532f,-0.1447f,-0.1506f,-1.9213f,-0.5345f,0.5928f,0f,0f,0f,1f],start_interpolation: 0,interpolation_duration: 1}
$data merge entity $(bone_rightwing) {transformation: [-0.5081f,0.9901f,-0.3503f,-0.6875f,0.3782f,-0.1906f,-1.0871f,-0.712f,-0.9798f,-0.587f,-0.2379f,2.0625f,0f,0f,0f,1f],start_interpolation: 0,interpolation_duration: 1}
$data merge entity $(bone_eyebrow) {transformation: [-0.8923f,0f,0f,0f,0f,0.8922f,-0.0155f,0.9988f,0f,-0.0155f,-0.8922f,5.8804f,0f,0f,0f,1f],start_interpolation: 0,interpolation_duration: 1}
$data merge entity $(bone_head) {transformation: [-1.2269f,0f,0f,0f,0f,1.2267f,-0.0213f,0.5416f,0f,-0.0213f,-1.2267f,4.2748f,0f,0f,0f,1f],start_interpolation: 0,interpolation_duration: 1}
$data merge entity $(bone_neck4) {transformation: [-1.0498f,0f,0f,0f,0f,1.0263f,-0.2208f,0.5598f,0f,-0.2208f,-1.0263f,4.2038f,0f,0f,0f,1f],start_interpolation: 0,interpolation_duration: 1}
$data merge entity $(bone_neck3) {transformation: [-1.1664f,0f,0f,0f,0f,1.0471f,-0.5139f,0.335f,0f,-0.5139f,-1.0471f,3.7457f,0f,0f,0f,1f],start_interpolation: 0,interpolation_duration: 1}
$data merge entity $(bone_neck2) {transformation: [-1.296f,0f,0f,0f,0f,1.0168f,-0.8036f,0.1341f,0f,-0.8036f,-1.0168f,3.4915f,0f,0f,0f,1f],start_interpolation: 0,interpolation_duration: 1}
$data merge entity $(bone_neck1) {transformation: [-1.44f,0f,0f,0f,0f,0.9866f,-1.0489f,-0.1281f,0f,-1.0489f,-0.9866f,3.2448f,0f,0f,0f,1f],start_interpolation: 0,interpolation_duration: 1}
$data merge entity $(bone_neck0) {transformation: [-1.6f,0f,0f,0f,0f,0.9667f,-1.2749f,-0.5073f,0f,-1.2749f,-0.9667f,3.0828f,0f,0f,0f,1f],start_interpolation: 0,interpolation_duration: 1}
$data merge entity $(bone_frontlegl) {transformation: [-0.9925f,-0.1169f,0.0344f,0.4285f,-0.1055f,0.9658f,0.2367f,-0.7779f,-0.0609f,0.2313f,-0.971f,2.6941f,0f,0f,0f,1f],start_interpolation: 0,interpolation_duration: 1}
$data merge entity $(bone_frontlegtipleft) {transformation: [-0.9925f,-0.0914f,0.0806f,0.8017f,-0.1055f,0.9754f,-0.1936f,-1.7679f,-0.0609f,-0.2007f,-0.9778f,2.4328f,0f,0f,0f,1f],start_interpolation: 0,interpolation_duration: 1}
$data merge entity $(bone_frontfootleftd) {transformation: [-0.9925f,-0.0635f,-0.104f,0.9674f,-0.1055f,0.0213f,0.9942f,-3.6195f,-0.0609f,0.9978f,-0.0279f,2.7666f,0f,0f,0f,1f],start_interpolation: 0,interpolation_duration: 1}
$data merge entity $(bone_frontfootleft) {transformation: [0.9925f,0.1015f,-0.0674f,0.9412f,0.1055f,-0.4395f,0.892f,-3.1926f,0.0609f,-0.8925f,-0.4469f,2.6275f,0f,0f,0f,1f],start_interpolation: 0,interpolation_duration: 1}
$data merge entity $(bone_frontlegr) {transformation: [-0.9925f,0.1169f,-0.0344f,-0.8733f,0.1055f,0.9658f,0.2367f,-0.7578f,0.0609f,0.2313f,-0.971f,2.7399f,0f,0f,0f,1f],start_interpolation: 0,interpolation_duration: 1}
$data merge entity $(bone_frontlegtipright) {transformation: [-0.9925f,0.0914f,-0.0806f,-0.7524f,0.1055f,0.9754f,-0.1936f,-1.7724f,0.0609f,-0.2007f,-0.9778f,2.3644f,0f,0f,0f,1f],start_interpolation: 0,interpolation_duration: 1}
$data merge entity $(bone_frontfootrightd) {transformation: [-0.9925f,0.0635f,0.104f,-0.9318f,0.1055f,0.0213f,0.9942f,-3.5749f,0.0609f,0.9978f,-0.0279f,2.7364f,0f,0f,0f,1f],start_interpolation: 0,interpolation_duration: 1}
$data merge entity $(bone_frontfootright) {transformation: [0.9925f,-0.1015f,0.0674f,-0.8843f,-0.1055f,-0.4395f,0.892f,-3.1402f,-0.0609f,-0.8925f,-0.4469f,2.5839f,0f,0f,0f,1f],start_interpolation: 0,interpolation_duration: 1}
$data merge entity $(bone_rearlegl) {transformation: [-1.0807f,0.0461f,-0.0599f,0.0003f,0.0654f,1.0001f,-0.4113f,-3.1701f,0.0378f,-0.4139f,-1.0004f,0.8806f,0f,0f,0f,1f],start_interpolation: 0,interpolation_duration: 1}
$data merge entity $(bone_rearfootleftd) {transformation: [-0.9976f,0.0374f,0.0589f,0.5349f,0.0604f,0.041f,0.9973f,-6.0767f,0.0349f,0.9985f,-0.0432f,1.4937f,0f,0f,0f,1f],start_interpolation: 0,interpolation_duration: 1}
$data merge entity $(bone_rearfootleft) {transformation: [-0.9976f,0.0553f,0.0425f,0.571f,0.0604f,0.3796f,0.9232f,-5.3945f,0.0349f,0.9235f,-0.382f,1.3465f,0f,0f,0f,1f],start_interpolation: 0,interpolation_duration: 1}
$data merge entity $(bone_rearlegtipleft) {transformation: [-0.9976f,0.0681f,-0.015f,0.5778f,0.0604f,0.9512f,0.3026f,-4.4585f,0.0349f,0.3009f,-0.953f,1.7092f,0f,0f,0f,1f],start_interpolation: 0,interpolation_duration: 1}
$data merge entity $(bone_rearlegr) {transformation: [-1.0807f,-0.0461f,0.0599f,-1.3747f,-0.0654f,1.0001f,-0.4113f,-3.2598f,-0.0378f,-0.4139f,-1.0004f,0.8008f,0f,0f,0f,1f],start_interpolation: 0,interpolation_duration: 1}
$data merge entity $(bone_rearfootrightd) {transformation: [-0.9976f,-0.0589f,0.0374f,-0.5376f,-0.0604f,0.9973f,-0.041f,-6.0833f,-0.0349f,-0.0432f,-0.9985f,1.4619f,0f,0f,0f,1f],start_interpolation: 0,interpolation_duration: 1}
$data merge entity $(bone_rearfootright) {transformation: [-0.9976f,-0.0553f,-0.0425f,-0.5738f,-0.0604f,0.3796f,0.9232f,-5.4012f,-0.0349f,0.9235f,-0.382f,1.3146f,0f,0f,0f,1f],start_interpolation: 0,interpolation_duration: 1}
$data merge entity $(bone_rearlegtipright) {transformation: [-0.9976f,-0.0681f,0.015f,-0.7052f,-0.0604f,0.9512f,0.3026f,-4.4726f,-0.0349f,0.3009f,-0.953f,1.673f,0f,0f,0f,1f],start_interpolation: 0,interpolation_duration: 1}
$data merge entity $(bone_tail11) {transformation: [-0.2937f,0f,0f,0f,0f,0.2248f,0.2304f,-5.3568f,0f,0.2417f,-0.1873f,-3.9945f,0f,0f,0f,1f],start_interpolation: 0,interpolation_duration: 1}
$data merge entity $(bone_tail10) {transformation: [-0.3916f,0f,0f,0f,0f,0.3464f,0.2534f,-5.4993f,0f,0.2765f,-0.2996f,-3.826f,0f,0f,0f,1f],start_interpolation: 0,interpolation_duration: 1}
$data merge entity $(bone_tail9) {transformation: [-0.4896f,0f,0f,0f,0f,0.4715f,0.2559f,-5.6432f,0f,0.2924f,-0.4174f,-3.5912f,0f,0f,0f,1f],start_interpolation: 0,interpolation_duration: 1}
$data merge entity $(bone_tail8) {transformation: [-0.5759f,0f,0f,0f,0f,0.585f,0.2369f,-5.7765f,0f,0.2867f,-0.5265f,-3.295f,0f,0f,0f,1f],start_interpolation: 0,interpolation_duration: 1}
$data merge entity $(bone_tail7) {transformation: [-0.6776f,0f,0f,0f,0f,0.7136f,0.2053f,-5.892f,0f,0.2707f,-0.6513f,-2.9286f,0f,0f,0f,1f],start_interpolation: 0,interpolation_duration: 1}
$data merge entity $(bone_tail6) {transformation: [-0.7972f,0f,0f,0f,0f,0.8615f,0.1449f,-5.9735f,0f,0.2297f,-0.7974f,-2.4801f,0f,0f,0f,1f],start_interpolation: 0,interpolation_duration: 1}
$data merge entity $(bone_tail5) {transformation: [-0.8857f,0f,0f,0f,0f,0.9702f,0.0292f,-5.9899f,0f,0.1323f,-0.9125f,-1.9668f,0f,0f,0f,1f],start_interpolation: 0,interpolation_duration: 1}
$data merge entity $(bone_tail4) {transformation: [-0.9842f,0f,0f,0f,0f,1.0682f,-0.1487f,-5.9063f,0f,-0.0251f,-1.0242f,-1.3907f,0f,0f,0f,1f],start_interpolation: 0,interpolation_duration: 1}
$data merge entity $(bone_tail3) {transformation: [-1.0935f,0f,0f,0f,0f,1.1296f,-0.3998f,-5.6814f,0f,-0.2554f,-1.1093f,-0.7668f,0f,0f,0f,1f],start_interpolation: 0,interpolation_duration: 1}
$data merge entity $(bone_tail2) {transformation: [-1.215f,0f,0f,0f,0f,1.1217f,-0.7173f,-5.2779f,0f,-0.5559f,-1.136f,-0.1278f,0f,0f,0f,1f],start_interpolation: 0,interpolation_duration: 1}
$data merge entity $(bone_tail1) {transformation: [-1.35f,0f,0f,0f,0f,1.0179f,-1.0735f,-4.6741f,0f,-0.9033f,-1.0765f,0.4778f,0f,0f,0f,1f],start_interpolation: 0,interpolation_duration: 1}
$data merge entity $(bone_tail0) {transformation: [-1.5f,0f,0f,0f,0f,0.8132f,-1.4285f,-3.6672f,0f,-1.2604f,-0.9216f,0.6811f,0f,0f,0f,1f],start_interpolation: 0,interpolation_duration: 1}