# This file was generated by Animated Java via MC-Build. It is not recommended to edit this file directly.
$data merge entity $(bone_leftwing20) {transformation: [-1.5717f,-1.7671f,1.7774f,2.4215f,-2.2176f,0.0029f,-1.9581f,2.371f,1.1679f,-2.3726f,-1.3261f,-0.5686f,0f,0f,0f,1f],start_interpolation: 0,interpolation_duration: 1}
$data merge entity $(bone_leftwing21) {transformation: [-2.3702f,-1.767f,0.1041f,2.4215f,-0.1319f,0.0029f,-2.9552f,2.371f,1.7651f,-2.3725f,-0.0811f,-0.5686f,0f,0f,0f,1f],start_interpolation: 0,interpolation_duration: 1}
$data merge entity $(bone_leftwing22) {transformation: [-1.7247f,-1.7704f,-1.6358f,2.4215f,2.0381f,0.0029f,-2.1519f,2.371f,1.2869f,-2.3771f,1.2157f,-0.5686f,0f,0f,0f,1f],start_interpolation: 0,interpolation_duration: 1}
$data merge entity $(bone_leftwing23) {transformation: [-0.021f,-1.7422f,-2.3391f,2.4215f,2.9165f,0.0028f,-0.0283f,2.371f,0.0192f,-2.3392f,1.7421f,-0.5686f,0f,0f,0f,1f],start_interpolation: 0,interpolation_duration: 1}
$data merge entity $(bone_leftwing1) {transformation: [-0.9311f,-1.1946f,1.3061f,1.0248f,-1.6294f,0.0019f,-1.1598f,-0.073f,0.6915f,-1.604f,-0.9741f,0.4686f,0f,0f,0f,1f],start_interpolation: 0,interpolation_duration: 1}
$data merge entity $(bone_leftwing) {transformation: [-0.2249f,-1.06f,0.4323f,0.6875f,-0.426f,-0.3314f,-1.0343f,-0.712f,1.0626f,-0.3572f,-0.3232f,2.0625f,0f,0f,0f,1f],start_interpolation: 0,interpolation_duration: 1}
$data merge entity $(bone_rightwing20) {transformation: [-1.5717f,1.7671f,-1.7774f,-2.4215f,2.2176f,0.0029f,-1.9581f,2.371f,-1.1679f,-2.3726f,-1.3261f,-0.5686f,0f,0f,0f,1f],start_interpolation: 0,interpolation_duration: 1}
$data merge entity $(bone_rightwing21) {transformation: [-2.3703f,1.7671f,-0.1041f,-2.4215f,0.1319f,0.0029f,-2.9554f,2.371f,-1.7652f,-2.3726f,-0.0811f,-0.5686f,0f,0f,0f,1f],start_interpolation: 0,interpolation_duration: 1}
$data merge entity $(bone_rightwing22) {transformation: [-1.7214f,1.7671f,1.6328f,-2.4215f,-2.0343f,0.0029f,-2.1479f,2.371f,-1.2845f,-2.3726f,1.2135f,-0.5686f,0f,0f,0f,1f],start_interpolation: 0,interpolation_duration: 1}
$data merge entity $(bone_rightwing23) {transformation: [-0.021f,1.7422f,2.3391f,-2.4215f,-2.9165f,0.0028f,-0.0283f,2.371f,-0.0192f,-2.3392f,1.7421f,-0.5686f,0f,0f,0f,1f],start_interpolation: 0,interpolation_duration: 1}
$data merge entity $(bone_rightwing1) {transformation: [-0.9311f,1.1946f,-1.3061f,-1.0248f,1.6294f,0.0019f,-1.1598f,-0.073f,-0.6915f,-1.604f,-0.9741f,0.4686f,0f,0f,0f,1f],start_interpolation: 0,interpolation_duration: 1}
$data merge entity $(bone_rightwing) {transformation: [-0.2249f,1.06f,-0.4323f,-0.6875f,0.426f,-0.3314f,-1.0343f,-0.712f,-1.0626f,-0.3572f,-0.3232f,2.0625f,0f,0f,0f,1f],start_interpolation: 0,interpolation_duration: 1}
$data merge entity $(bone_eyebrow) {transformation: [-0.8923f,0f,0f,0f,0f,0.8923f,0.0046f,0.9411f,0f,0.0046f,-0.8923f,5.895f,0f,0f,0f,1f],start_interpolation: 0,interpolation_duration: 1}
$data merge entity $(bone_head) {transformation: [-1.2269f,0f,0f,0f,0f,1.2269f,0.0063f,0.52f,0f,0.0063f,-1.2269f,4.2795f,0f,0f,0f,1f],start_interpolation: 0,interpolation_duration: 1}
$data merge entity $(bone_neck4) {transformation: [-1.0498f,0f,0f,0f,0f,1.0332f,-0.1857f,0.5407f,0f,-0.1857f,-1.0332f,4.2091f,0f,0f,0f,1f],start_interpolation: 0,interpolation_duration: 1}
$data merge entity $(bone_neck3) {transformation: [-1.1664f,0f,0f,0f,0f,1.066f,-0.4735f,0.3335f,0f,-0.4735f,-1.066f,3.7428f,0f,0f,0f,1f],start_interpolation: 0,interpolation_duration: 1}
$data merge entity $(bone_neck2) {transformation: [-1.296f,0f,0f,0f,0f,1.0325f,-0.7833f,0.1377f,0f,-0.7833f,-1.0325f,3.4847f,0f,0f,0f,1f],start_interpolation: 0,interpolation_duration: 1}
$data merge entity $(bone_neck1) {transformation: [-1.44f,0f,0f,0f,0f,0.9812f,-1.0539f,-0.1258f,0f,-1.0539f,-0.9812f,3.2393f,0f,0f,0f,1f],start_interpolation: 0,interpolation_duration: 1}
$data merge entity $(bone_neck0) {transformation: [-1.6f,0f,0f,0f,0f,0.9483f,-1.2887f,-0.5073f,0f,-1.2887f,-0.9483f,3.0828f,0f,0f,0f,1f],start_interpolation: 0,interpolation_duration: 1}
$data merge entity $(bone_frontlegl) {transformation: [-0.9925f,-0.1167f,0.0353f,0.4285f,-0.1055f,0.9675f,0.2298f,-0.778f,-0.0609f,0.2243f,-0.9726f,2.6937f,0f,0f,0f,1f],start_interpolation: 0,interpolation_duration: 1}
$data merge entity $(bone_frontlegtipleft) {transformation: [-0.9925f,-0.0908f,0.0813f,0.8015f,-0.1055f,0.974f,-0.2007f,-1.77f,-0.0609f,-0.2077f,-0.9763f,2.4397f,0f,0f,0f,1f],start_interpolation: 0,interpolation_duration: 1}
$data merge entity $(bone_frontfootleftd) {transformation: [-0.9925f,-0.0643f,-0.1035f,0.9662f,-0.1055f,0.0285f,0.994f,-3.6193f,-0.0609f,0.9975f,-0.035f,2.7868f,0f,0f,0f,1f],start_interpolation: 0,interpolation_duration: 1}
$data merge entity $(bone_frontfootleft) {transformation: [0.9925f,0.102f,-0.0667f,0.9403f,0.1055f,-0.4459f,0.8888f,-3.1934f,0.0609f,-0.8893f,-0.4533f,2.6447f,0f,0f,0f,1f],start_interpolation: 0,interpolation_duration: 1}
$data merge entity $(bone_frontlegr) {transformation: [-0.9925f,0.1167f,-0.0353f,-0.8733f,0.1055f,0.9675f,0.2298f,-0.758f,0.0609f,0.2243f,-0.9726f,2.74f,0f,0f,0f,1f],start_interpolation: 0,interpolation_duration: 1}
$data merge entity $(bone_frontlegtipright) {transformation: [-0.9925f,0.0908f,-0.0813f,-0.7522f,0.1055f,0.974f,-0.2007f,-1.7752f,0.0609f,-0.2077f,-0.9763f,2.3717f,0f,0f,0f,1f],start_interpolation: 0,interpolation_duration: 1}
$data merge entity $(bone_frontfootrightd) {transformation: [-0.9925f,0.0643f,0.1035f,-0.9306f,0.1055f,0.0285f,0.994f,-3.5751f,0.0609f,0.9975f,-0.035f,2.7567f,0f,0f,0f,1f],start_interpolation: 0,interpolation_duration: 1}
$data merge entity $(bone_frontfootright) {transformation: [0.9925f,-0.102f,0.0667f,-0.8834f,-0.1055f,-0.4459f,0.8888f,-3.1415f,-0.0609f,-0.8893f,-0.4533f,2.601f,0f,0f,0f,1f],start_interpolation: 0,interpolation_duration: 1}
$data merge entity $(bone_rearlegl) {transformation: [-1.0807f,0.0457f,-0.0602f,0.0002f,0.0654f,0.9971f,-0.4185f,-3.1716f,0.0378f,-0.4211f,-0.9974f,0.8799f,0f,0f,0f,1f],start_interpolation: 0,interpolation_duration: 1}
$data merge entity $(bone_rearfootleftd) {transformation: [-0.9976f,0.0378f,0.0586f,0.5358f,0.0604f,0.0482f,0.997f,-6.0736f,0.0349f,0.9981f,-0.0503f,1.5136f,0f,0f,0f,1f],start_interpolation: 0,interpolation_duration: 1}
$data merge entity $(bone_rearfootleft) {transformation: [-0.9976f,0.0556f,0.0421f,0.5717f,0.0604f,0.3863f,0.9204f,-5.3925f,0.0349f,0.9207f,-0.3887f,1.3615f,0f,0f,0f,1f],start_interpolation: 0,interpolation_duration: 1}
$data merge entity $(bone_rearlegtipleft) {transformation: [-0.9976f,0.068f,-0.0155f,0.5783f,0.0604f,0.9534f,0.2957f,-4.4539f,0.0349f,0.2941f,-0.9551f,1.7175f,0f,0f,0f,1f],start_interpolation: 0,interpolation_duration: 1}
$data merge entity $(bone_rearlegr) {transformation: [-1.0807f,-0.0457f,0.0602f,-1.3746f,-0.0654f,0.9971f,-0.4185f,-3.2615f,-0.0378f,-0.4211f,-0.9974f,0.8001f,0f,0f,0f,1f],start_interpolation: 0,interpolation_duration: 1}
$data merge entity $(bone_rearfootrightd) {transformation: [-0.9976f,-0.0586f,0.0378f,-0.5385f,-0.0604f,0.997f,-0.0482f,-6.0804f,-0.0349f,-0.0503f,-0.9981f,1.4819f,0f,0f,0f,1f],start_interpolation: 0,interpolation_duration: 1}
$data merge entity $(bone_rearfootright) {transformation: [-0.9976f,-0.0556f,-0.0421f,-0.5744f,-0.0604f,0.3863f,0.9204f,-5.3994f,-0.0349f,0.9207f,-0.3887f,1.3297f,0f,0f,0f,1f],start_interpolation: 0,interpolation_duration: 1}
$data merge entity $(bone_rearlegtipright) {transformation: [-0.9976f,-0.068f,0.0155f,-0.7058f,-0.0604f,0.9534f,0.2957f,-4.4683f,-0.0349f,0.2941f,-0.9551f,1.6813f,0f,0f,0f,1f],start_interpolation: 0,interpolation_duration: 1}
$data merge entity $(bone_tail11) {transformation: [-0.2937f,0f,0f,0f,0f,0.229f,0.2255f,-5.532f,0f,0.2386f,-0.192f,-4.0795f,0f,0f,0f,1f],start_interpolation: 0,interpolation_duration: 1}
$data merge entity $(bone_tail10) {transformation: [-0.3916f,0f,0f,0f,0f,0.3569f,0.2371f,-5.6653f,0f,0.2636f,-0.3119f,-3.9041f,0f,0f,0f,1f],start_interpolation: 0,interpolation_duration: 1}
$data merge entity $(bone_tail9) {transformation: [-0.4896f,0f,0f,0f,0f,0.4871f,0.2227f,-5.7906f,0f,0.2642f,-0.4368f,-3.6584f,0f,0f,0f,1f],start_interpolation: 0,interpolation_duration: 1}
$data merge entity $(bone_tail8) {transformation: [-0.5759f,0f,0f,0f,0f,0.6018f,0.1868f,-5.8957f,0f,0.2428f,-0.5493f,-3.3494f,0f,0f,0f,1f],start_interpolation: 0,interpolation_duration: 1}
$data merge entity $(bone_tail7) {transformation: [-0.6776f,0f,0f,0f,0f,0.7277f,0.1415f,-5.9753f,0f,0.2137f,-0.6735f,-2.9706f,0f,0f,0f,1f],start_interpolation: 0,interpolation_duration: 1}
$data merge entity $(bone_tail6) {transformation: [-0.7972f,0f,0f,0f,0f,0.8689f,0.0755f,-6.0177f,0f,0.1667f,-0.8144f,-2.5125f,0f,0f,0f,1f],start_interpolation: 0,interpolation_duration: 1}
$data merge entity $(bone_tail5) {transformation: [-0.8857f,0f,0f,0f,0f,0.9686f,-0.0304f,-6.0006f,0f,0.0774f,-0.9204f,-1.9948f,0f,0f,0f,1f],start_interpolation: 0,interpolation_duration: 1}
$data merge entity $(bone_tail4) {transformation: [-0.9842f,0f,0f,0f,0f,1.0603f,-0.1878f,-5.895f,0f,-0.0616f,-1.0244f,-1.4186f,0f,0f,0f,1f],start_interpolation: 0,interpolation_duration: 1}
$data merge entity $(bone_tail3) {transformation: [-1.0935f,0f,0f,0f,0f,1.1229f,-0.4128f,-5.6627f,0f,-0.2678f,-1.1084f,-0.7951f,0f,0f,0f,1f],start_interpolation: 0,interpolation_duration: 1}
$data merge entity $(bone_tail2) {transformation: [-1.215f,0f,0f,0f,0f,1.1251f,-0.7081f,-5.2644f,0f,-0.5471f,-1.1428f,-0.1523f,0f,0f,0f,1f],start_interpolation: 0,interpolation_duration: 1}
$data merge entity $(bone_tail1) {transformation: [-1.35f,0f,0f,0f,0f,1.0338f,-1.0549f,-4.671f,0f,-0.8854f,-1.0944f,0.4633f,0f,0f,0f,1f],start_interpolation: 0,interpolation_duration: 1}
$data merge entity $(bone_tail0) {transformation: [-1.5f,0f,0f,0f,0f,0.8313f,-1.4151f,-3.6672f,0f,-1.2486f,-0.9421f,0.6811f,0f,0f,0f,1f],start_interpolation: 0,interpolation_duration: 1}