# This file was generated by Animated Java via MC-Build. It is not recommended to edit this file directly.
$data merge entity $(bone_leftwing20) {transformation: [-0.9852f,-2.737f,0.5383f,2.3149f,-1.9209f,0.2517f,-2.2357f,2.921f,2.0227f,-1.0941f,-1.861f,-1.0284f,0f,0f,0f,1f],start_interpolation: 0,interpolation_duration: 1}
$data merge entity $(bone_leftwing21) {transformation: [-1.0715f,-2.7369f,-0.3347f,2.3149f,0.2739f,0.2517f,-2.9347f,2.921f,2.7436f,-1.094f,0.1622f,-1.0284f,0f,0f,0f,1f],start_interpolation: 0,interpolation_duration: 1}
$data merge entity $(bone_leftwing22) {transformation: [-0.5046f,-2.7422f,-1.0052f,2.3149f,2.3057f,0.2521f,-1.8452f,2.921f,1.7926f,-1.0961f,2.0903f,-1.0284f,0f,0f,0f,1f],start_interpolation: 0,interpolation_duration: 1}
$data merge entity $(bone_leftwing23) {transformation: [0.3667f,-2.6985f,-1.0443f,2.3149f,2.8823f,0.2481f,0.3709f,2.921f,-0.2543f,-1.0787f,2.6979f,-1.0284f,0f,0f,0f,1f],start_interpolation: 0,interpolation_duration: 1}
$data merge entity $(bone_leftwing1) {transformation: [-0.6243f,-1.8504f,0.4316f,1.3783f,-1.4495f,0.1701f,-1.3675f,0.7467f,1.2285f,-0.7397f,-1.3942f,0.8143f,0f,0f,0f,1f],start_interpolation: 0,interpolation_duration: 1}
$data merge entity $(bone_leftwing) {transformation: [-0.4606f,-1.0703f,0.059f,0.6875f,-0.3892f,0.1072f,-1.0946f,0.163f,0.9988f,-0.4518f,-0.3993f,2.3125f,0f,0f,0f,1f],start_interpolation: 0,interpolation_duration: 1}
$data merge entity $(bone_rightwing20) {transformation: [-0.9852f,2.737f,-0.5383f,-2.3149f,1.9209f,0.2517f,-2.2357f,2.921f,-2.0227f,-1.0941f,-1.861f,-1.0284f,0f,0f,0f,1f],start_interpolation: 0,interpolation_duration: 1}
$data merge entity $(bone_rightwing21) {transformation: [-1.0716f,2.737f,0.3347f,-2.3149f,-0.2739f,0.2517f,-2.9349f,2.921f,-2.7438f,-1.0941f,0.1622f,-1.0284f,0f,0f,0f,1f],start_interpolation: 0,interpolation_duration: 1}
$data merge entity $(bone_rightwing22) {transformation: [-0.5036f,2.737f,1.0034f,-2.3149f,-2.3014f,0.2517f,-1.8417f,2.921f,-1.7893f,-1.0941f,2.0864f,-1.0284f,0f,0f,0f,1f],start_interpolation: 0,interpolation_duration: 1}
$data merge entity $(bone_rightwing23) {transformation: [0.3667f,2.6985f,1.0443f,-2.3149f,-2.8823f,0.2481f,0.3709f,2.921f,0.2543f,-1.0787f,2.6979f,-1.0284f,0f,0f,0f,1f],start_interpolation: 0,interpolation_duration: 1}
$data merge entity $(bone_rightwing1) {transformation: [-0.6243f,1.8504f,-0.4316f,-1.3783f,1.4495f,0.1701f,-1.3675f,0.7467f,-1.2285f,-0.7397f,-1.3942f,0.8143f,0f,0f,0f,1f],start_interpolation: 0,interpolation_duration: 1}
$data merge entity $(bone_rightwing) {transformation: [-0.4606f,1.0703f,-0.059f,-0.6875f,0.3892f,0.1072f,-1.0946f,0.163f,-0.9988f,-0.4518f,-0.3993f,2.3125f,0f,0f,0f,1f],start_interpolation: 0,interpolation_duration: 1}
$data merge entity $(bone_eyebrow) {transformation: [-0.8923f,0f,0f,0f,0f,0.8908f,0.0521f,1.589f,0f,0.0521f,-0.8908f,6.2395f,0f,0f,0f,1f],start_interpolation: 0,interpolation_duration: 1}
$data merge entity $(bone_head) {transformation: [-1.2269f,0f,0f,0f,0f,1.2248f,0.0716f,1.2546f,0f,0.0716f,-1.2248f,4.6039f,0f,0f,0f,1f],start_interpolation: 0,interpolation_duration: 1}
$data merge entity $(bone_neck4) {transformation: [-1.0498f,0f,0f,0f,0f,1.0456f,-0.0929f,1.2815f,0f,-0.0929f,-1.0456f,4.5356f,0f,0f,0f,1f],start_interpolation: 0,interpolation_duration: 1}
$data merge entity $(bone_neck3) {transformation: [-1.1664f,0f,0f,0f,0f,1.1248f,-0.3089f,1.1463f,0f,-0.3089f,-1.1248f,4.0435f,0f,0f,0f,1f],start_interpolation: 0,interpolation_duration: 1}
$data merge entity $(bone_neck2) {transformation: [-1.296f,0f,0f,0f,0f,1.1355f,-0.6248f,0.9901f,0f,-0.6248f,-1.1355f,3.7597f,0f,0f,0f,1f],start_interpolation: 0,interpolation_duration: 1}
$data merge entity $(bone_neck1) {transformation: [-1.44f,0f,0f,0f,0f,1.0631f,-0.9713f,0.7473f,0f,-0.9713f,-1.0631f,3.4939f,0f,0f,0f,1f],start_interpolation: 0,interpolation_duration: 1}
$data merge entity $(bone_neck0) {transformation: [-1.6f,0f,0f,0f,0f,0.9635f,-1.2774f,0.3677f,0f,-1.2774f,-0.9635f,3.3328f,0f,0f,0f,1f],start_interpolation: 0,interpolation_duration: 1}
$data merge entity $(bone_frontlegl) {transformation: [-0.9925f,-0.1169f,0.0346f,0.4285f,-0.1055f,0.9661f,0.2355f,0.0971f,-0.0609f,0.2301f,-0.9713f,2.9441f,0f,0f,0f,1f],start_interpolation: 0,interpolation_duration: 1}
$data merge entity $(bone_frontlegtipleft) {transformation: [-0.9925f,-0.0913f,0.0807f,0.8017f,-0.1055f,0.9751f,-0.1949f,-0.8933f,-0.0609f,-0.2019f,-0.9775f,2.684f,0f,0f,0f,1f],start_interpolation: 0,interpolation_duration: 1}
$data merge entity $(bone_frontfootleftd) {transformation: [-0.9925f,-0.0637f,-0.1039f,0.9672f,-0.1055f,0.0226f,0.9942f,-2.7445f,-0.0609f,0.9977f,-0.0291f,3.0201f,0f,0f,0f,1f],start_interpolation: 0,interpolation_duration: 1}
$data merge entity $(bone_frontfootleft) {transformation: [0.9925f,0.1016f,-0.0673f,0.9411f,0.1055f,-0.4406f,0.8915f,-2.3178f,0.0609f,-0.8919f,-0.448f,2.8805f,0f,0f,0f,1f],start_interpolation: 0,interpolation_duration: 1}
$data merge entity $(bone_frontlegr) {transformation: [-0.9925f,0.1169f,-0.0346f,-0.8733f,0.1055f,0.9661f,0.2355f,0.1171f,0.0609f,0.2301f,-0.9713f,2.9899f,0f,0f,0f,1f],start_interpolation: 0,interpolation_duration: 1}
$data merge entity $(bone_frontlegtipright) {transformation: [-0.9925f,0.0913f,-0.0807f,-0.7523f,0.1055f,0.9751f,-0.1949f,-0.8979f,0.0609f,-0.2019f,-0.9775f,2.6157f,0f,0f,0f,1f],start_interpolation: 0,interpolation_duration: 1}
$data merge entity $(bone_frontfootrightd) {transformation: [-0.9925f,0.0637f,0.1039f,-0.9316f,0.1055f,0.0226f,0.9942f,-2.6999f,0.0609f,0.9977f,-0.0291f,2.99f,0f,0f,0f,1f],start_interpolation: 0,interpolation_duration: 1}
$data merge entity $(bone_frontfootright) {transformation: [0.9925f,-0.1016f,0.0673f,-0.8842f,-0.1055f,-0.4406f,0.8915f,-2.2654f,-0.0609f,-0.8919f,-0.448f,2.8369f,0f,0f,0f,1f],start_interpolation: 0,interpolation_duration: 1}
$data merge entity $(bone_rearlegl) {transformation: [-1.0807f,0.046f,-0.0599f,0.0003f,0.0654f,0.9996f,-0.4125f,-2.2954f,0.0378f,-0.4151f,-0.9999f,1.1304f,0f,0f,0f,1f],start_interpolation: 0,interpolation_duration: 1}
$data merge entity $(bone_rearfootleftd) {transformation: [-0.9976f,0.0375f,0.0588f,0.535f,0.0604f,0.0422f,0.9973f,-5.2011f,0.0349f,0.9984f,-0.0444f,1.7472f,0f,0f,0f,1f],start_interpolation: 0,interpolation_duration: 1}
$data merge entity $(bone_rearfootleft) {transformation: [-0.9976f,0.0553f,0.0425f,0.5712f,0.0604f,0.3808f,0.9227f,-4.5192f,0.0349f,0.923f,-0.3832f,1.5991f,0f,0f,0f,1f],start_interpolation: 0,interpolation_duration: 1}
$data merge entity $(bone_rearlegtipleft) {transformation: [-0.9976f,0.0681f,-0.0151f,0.5779f,0.0604f,0.9516f,0.3014f,-3.5827f,0.0349f,0.2997f,-0.9534f,1.9606f,0f,0f,0f,1f],start_interpolation: 0,interpolation_duration: 1}
$data merge entity $(bone_rearlegr) {transformation: [-1.0807f,-0.046f,0.0599f,-1.3747f,-0.0654f,0.9996f,-0.4125f,-2.3851f,-0.0378f,-0.4151f,-0.9999f,1.0507f,0f,0f,0f,1f],start_interpolation: 0,interpolation_duration: 1}
$data merge entity $(bone_rearfootrightd) {transformation: [-0.9976f,-0.0588f,0.0375f,-0.5378f,-0.0604f,0.9973f,-0.0422f,-5.2078f,-0.0349f,-0.0444f,-0.9984f,1.7153f,0f,0f,0f,1f],start_interpolation: 0,interpolation_duration: 1}
$data merge entity $(bone_rearfootright) {transformation: [-0.9976f,-0.0553f,-0.0425f,-0.5739f,-0.0604f,0.3808f,0.9227f,-4.5258f,-0.0349f,0.923f,-0.3832f,1.5673f,0f,0f,0f,1f],start_interpolation: 0,interpolation_duration: 1}
$data merge entity $(bone_rearlegtipright) {transformation: [-0.9976f,-0.0681f,0.0151f,-0.7053f,-0.0604f,0.9516f,0.3014f,-3.5969f,-0.0349f,0.2997f,-0.9534f,1.9244f,0f,0f,0f,1f],start_interpolation: 0,interpolation_duration: 1}
$data merge entity $(bone_tail11) {transformation: [-0.2937f,0f,0f,0f,0f,0.2334f,0.2216f,-5.606f,0f,0.2345f,-0.1964f,-3.7292f,0f,0f,0f,1f],start_interpolation: 0,interpolation_duration: 1}
$data merge entity $(bone_tail10) {transformation: [-0.3916f,0f,0f,0f,0f,0.3732f,0.2117f,-5.7251f,0f,0.2403f,-0.3295f,-3.5439f,0f,0f,0f,1f],start_interpolation: 0,interpolation_duration: 1}
$data merge entity $(bone_tail9) {transformation: [-0.4896f,0f,0f,0f,0f,0.5145f,0.1516f,-5.8104f,0f,0.1988f,-0.4694f,-3.2799f,0f,0f,0f,1f],start_interpolation: 0,interpolation_duration: 1}
$data merge entity $(bone_tail8) {transformation: [-0.5759f,0f,0f,0f,0f,0.6288f,0.0527f,-5.84f,0f,0.1178f,-0.588f,-2.9491f,0f,0f,0f,1f],start_interpolation: 0,interpolation_duration: 1}
$data merge entity $(bone_tail7) {transformation: [-0.6776f,0f,0f,0f,0f,0.7396f,-0.0638f,-5.8042f,0f,0.0198f,-0.7053f,-2.5524f,0f,0f,0f,1f],start_interpolation: 0,interpolation_duration: 1}
$data merge entity $(bone_tail6) {transformation: [-0.7972f,0f,0f,0f,0f,0.8516f,-0.1936f,-5.6952f,0f,-0.0907f,-0.8251f,-2.0883f,0f,0f,0f,1f],start_interpolation: 0,interpolation_duration: 1}
$data merge entity $(bone_tail5) {transformation: [-0.8857f,0f,0f,0f,0f,0.9156f,-0.3214f,-5.5144f,0f,-0.2045f,-0.8993f,-1.5824f,0f,0f,0f,1f],start_interpolation: 0,interpolation_duration: 1}
$data merge entity $(bone_tail4) {transformation: [-0.9842f,0f,0f,0f,0f,0.9744f,-0.4616f,-5.2548f,0f,-0.3304f,-0.97f,-1.0367f,0f,0f,0f,1f],start_interpolation: 0,interpolation_duration: 1}
$data merge entity $(bone_tail3) {transformation: [-1.0935f,0f,0f,0f,0f,1.0187f,-0.6304f,-4.9002f,0f,-0.4851f,-1.0301f,-0.4573f,0f,0f,0f,1f],start_interpolation: 0,interpolation_duration: 1}
$data merge entity $(bone_tail2) {transformation: [-1.215f,0f,0f,0f,0f,1.0285f,-0.8449f,-4.4249f,0f,-0.6865f,-1.0627f,0.1405f,0f,0f,0f,1f],start_interpolation: 0,interpolation_duration: 1}
$data merge entity $(bone_tail1) {transformation: [-1.35f,0f,0f,0f,0f,0.9733f,-1.1136f,-3.7985f,0f,-0.9462f,-1.0396f,0.7252f,0f,0f,0f,1f],start_interpolation: 0,interpolation_duration: 1}
$data merge entity $(bone_tail0) {transformation: [-1.5f,0f,0f,0f,0f,0.8164f,-1.4262f,-2.7922f,0f,-1.2584f,-0.9252f,0.9311f,0f,0f,0f,1f],start_interpolation: 0,interpolation_duration: 1}