# This file was generated by Animated Java via MC-Build. It is not recommended to edit this file directly.
$data merge entity $(bone_leftwing20) {transformation: [-0.9852f,-2.737f,0.5383f,2.3149f,-1.9209f,0.2517f,-2.2357f,2.046f,2.0227f,-1.0941f,-1.861f,-1.2784f,0f,0f,0f,1f],start_interpolation: 0,interpolation_duration: 1}
$data merge entity $(bone_leftwing21) {transformation: [-1.0715f,-2.7369f,-0.3347f,2.3149f,0.2739f,0.2517f,-2.9347f,2.046f,2.7436f,-1.094f,0.1622f,-1.2784f,0f,0f,0f,1f],start_interpolation: 0,interpolation_duration: 1}
$data merge entity $(bone_leftwing22) {transformation: [-0.5046f,-2.7422f,-1.0052f,2.3149f,2.3057f,0.2521f,-1.8452f,2.046f,1.7926f,-1.0961f,2.0903f,-1.2784f,0f,0f,0f,1f],start_interpolation: 0,interpolation_duration: 1}
$data merge entity $(bone_leftwing23) {transformation: [0.3667f,-2.6985f,-1.0443f,2.3149f,2.8823f,0.2481f,0.3709f,2.046f,-0.2543f,-1.0787f,2.6979f,-1.2784f,0f,0f,0f,1f],start_interpolation: 0,interpolation_duration: 1}
$data merge entity $(bone_leftwing1) {transformation: [-0.6243f,-1.8504f,0.4316f,1.3783f,-1.4495f,0.1701f,-1.3675f,-0.1283f,1.2285f,-0.7397f,-1.3942f,0.5643f,0f,0f,0f,1f],start_interpolation: 0,interpolation_duration: 1}
$data merge entity $(bone_leftwing) {transformation: [-0.4606f,-1.0703f,0.059f,0.6875f,-0.3892f,0.1072f,-1.0946f,-0.712f,0.9988f,-0.4518f,-0.3993f,2.0625f,0f,0f,0f,1f],start_interpolation: 0,interpolation_duration: 1}
$data merge entity $(bone_rightwing20) {transformation: [-0.9852f,2.737f,-0.5383f,-2.3149f,1.9209f,0.2517f,-2.2357f,2.046f,-2.0227f,-1.0941f,-1.861f,-1.2784f,0f,0f,0f,1f],start_interpolation: 0,interpolation_duration: 1}
$data merge entity $(bone_rightwing21) {transformation: [-1.0716f,2.737f,0.3347f,-2.3149f,-0.2739f,0.2517f,-2.9349f,2.046f,-2.7438f,-1.0941f,0.1622f,-1.2784f,0f,0f,0f,1f],start_interpolation: 0,interpolation_duration: 1}
$data merge entity $(bone_rightwing22) {transformation: [-0.5036f,2.737f,1.0034f,-2.3149f,-2.3014f,0.2517f,-1.8417f,2.046f,-1.7893f,-1.0941f,2.0864f,-1.2784f,0f,0f,0f,1f],start_interpolation: 0,interpolation_duration: 1}
$data merge entity $(bone_rightwing23) {transformation: [0.3667f,2.6985f,1.0443f,-2.3149f,-2.8823f,0.2481f,0.3709f,2.046f,0.2543f,-1.0787f,2.6979f,-1.2784f,0f,0f,0f,1f],start_interpolation: 0,interpolation_duration: 1}
$data merge entity $(bone_rightwing1) {transformation: [-0.6243f,1.8504f,-0.4316f,-1.3783f,1.4495f,0.1701f,-1.3675f,-0.1283f,-1.2285f,-0.7397f,-1.3942f,0.5643f,0f,0f,0f,1f],start_interpolation: 0,interpolation_duration: 1}
$data merge entity $(bone_rightwing) {transformation: [-0.4606f,1.0703f,-0.059f,-0.6875f,0.3892f,0.1072f,-1.0946f,-0.712f,-0.9988f,-0.4518f,-0.3993f,2.0625f,0f,0f,0f,1f],start_interpolation: 0,interpolation_duration: 1}
$data merge entity $(bone_eyebrow) {transformation: [-0.8923f,0f,0f,0f,0f,0.8908f,0.0521f,0.714f,0f,0.0521f,-0.8908f,5.9895f,0f,0f,0f,1f],start_interpolation: 0,interpolation_duration: 1}
$data merge entity $(bone_head) {transformation: [-1.2269f,0f,0f,0f,0f,1.2248f,0.0716f,0.3796f,0f,0.0716f,-1.2248f,4.3539f,0f,0f,0f,1f],start_interpolation: 0,interpolation_duration: 1}
$data merge entity $(bone_neck4) {transformation: [-1.0498f,0f,0f,0f,0f,1.0456f,-0.0929f,0.4065f,0f,-0.0929f,-1.0456f,4.2856f,0f,0f,0f,1f],start_interpolation: 0,interpolation_duration: 1}
$data merge entity $(bone_neck3) {transformation: [-1.1664f,0f,0f,0f,0f,1.1248f,-0.3089f,0.2713f,0f,-0.3089f,-1.1248f,3.7935f,0f,0f,0f,1f],start_interpolation: 0,interpolation_duration: 1}
$data merge entity $(bone_neck2) {transformation: [-1.296f,0f,0f,0f,0f,1.1355f,-0.6248f,0.1151f,0f,-0.6248f,-1.1355f,3.5097f,0f,0f,0f,1f],start_interpolation: 0,interpolation_duration: 1}
$data merge entity $(bone_neck1) {transformation: [-1.44f,0f,0f,0f,0f,1.0631f,-0.9713f,-0.1277f,0f,-0.9713f,-1.0631f,3.2439f,0f,0f,0f,1f],start_interpolation: 0,interpolation_duration: 1}
$data merge entity $(bone_neck0) {transformation: [-1.6f,0f,0f,0f,0f,0.9635f,-1.2774f,-0.5073f,0f,-1.2774f,-0.9635f,3.0828f,0f,0f,0f,1f],start_interpolation: 0,interpolation_duration: 1}
$data merge entity $(bone_frontlegl) {transformation: [-0.9925f,-0.1169f,0.0346f,0.4285f,-0.1055f,0.9661f,0.2355f,-0.7779f,-0.0609f,0.2301f,-0.9713f,2.6941f,0f,0f,0f,1f],start_interpolation: 0,interpolation_duration: 1}
$data merge entity $(bone_frontlegtipleft) {transformation: [-0.9925f,-0.0913f,0.0807f,0.8017f,-0.1055f,0.9751f,-0.1949f,-1.7683f,-0.0609f,-0.2019f,-0.9775f,2.434f,0f,0f,0f,1f],start_interpolation: 0,interpolation_duration: 1}
$data merge entity $(bone_frontfootleftd) {transformation: [-0.9925f,-0.0637f,-0.1039f,0.9672f,-0.1055f,0.0226f,0.9942f,-3.6195f,-0.0609f,0.9977f,-0.0291f,2.7701f,0f,0f,0f,1f],start_interpolation: 0,interpolation_duration: 1}
$data merge entity $(bone_frontfootleft) {transformation: [0.9925f,0.1016f,-0.0673f,0.9411f,0.1055f,-0.4406f,0.8915f,-3.1928f,0.0609f,-0.8919f,-0.448f,2.6305f,0f,0f,0f,1f],start_interpolation: 0,interpolation_duration: 1}
$data merge entity $(bone_frontlegr) {transformation: [-0.9925f,0.1169f,-0.0346f,-0.8733f,0.1055f,0.9661f,0.2355f,-0.7579f,0.0609f,0.2301f,-0.9713f,2.7399f,0f,0f,0f,1f],start_interpolation: 0,interpolation_duration: 1}
$data merge entity $(bone_frontlegtipright) {transformation: [-0.9925f,0.0913f,-0.0807f,-0.7523f,0.1055f,0.9751f,-0.1949f,-1.7729f,0.0609f,-0.2019f,-0.9775f,2.3657f,0f,0f,0f,1f],start_interpolation: 0,interpolation_duration: 1}
$data merge entity $(bone_frontfootrightd) {transformation: [-0.9925f,0.0637f,0.1039f,-0.9316f,0.1055f,0.0226f,0.9942f,-3.5749f,0.0609f,0.9977f,-0.0291f,2.74f,0f,0f,0f,1f],start_interpolation: 0,interpolation_duration: 1}
$data merge entity $(bone_frontfootright) {transformation: [0.9925f,-0.1016f,0.0673f,-0.8842f,-0.1055f,-0.4406f,0.8915f,-3.1404f,-0.0609f,-0.8919f,-0.448f,2.5869f,0f,0f,0f,1f],start_interpolation: 0,interpolation_duration: 1}
$data merge entity $(bone_rearlegl) {transformation: [-1.0807f,0.046f,-0.0599f,0.0003f,0.0654f,0.9996f,-0.4125f,-3.1704f,0.0378f,-0.4151f,-0.9999f,0.8804f,0f,0f,0f,1f],start_interpolation: 0,interpolation_duration: 1}
$data merge entity $(bone_rearfootleftd) {transformation: [-0.9976f,0.0375f,0.0588f,0.535f,0.0604f,0.0422f,0.9973f,-6.0761f,0.0349f,0.9984f,-0.0444f,1.4972f,0f,0f,0f,1f],start_interpolation: 0,interpolation_duration: 1}
$data merge entity $(bone_rearfootleft) {transformation: [-0.9976f,0.0553f,0.0425f,0.5712f,0.0604f,0.3808f,0.9227f,-5.3942f,0.0349f,0.923f,-0.3832f,1.3491f,0f,0f,0f,1f],start_interpolation: 0,interpolation_duration: 1}
$data merge entity $(bone_rearlegtipleft) {transformation: [-0.9976f,0.0681f,-0.0151f,0.5779f,0.0604f,0.9516f,0.3014f,-4.4577f,0.0349f,0.2997f,-0.9534f,1.7106f,0f,0f,0f,1f],start_interpolation: 0,interpolation_duration: 1}
$data merge entity $(bone_rearlegr) {transformation: [-1.0807f,-0.046f,0.0599f,-1.3747f,-0.0654f,0.9996f,-0.4125f,-3.2601f,-0.0378f,-0.4151f,-0.9999f,0.8007f,0f,0f,0f,1f],start_interpolation: 0,interpolation_duration: 1}
$data merge entity $(bone_rearfootrightd) {transformation: [-0.9976f,-0.0588f,0.0375f,-0.5378f,-0.0604f,0.9973f,-0.0422f,-6.0828f,-0.0349f,-0.0444f,-0.9984f,1.4653f,0f,0f,0f,1f],start_interpolation: 0,interpolation_duration: 1}
$data merge entity $(bone_rearfootright) {transformation: [-0.9976f,-0.0553f,-0.0425f,-0.5739f,-0.0604f,0.3808f,0.9227f,-5.4008f,-0.0349f,0.923f,-0.3832f,1.3173f,0f,0f,0f,1f],start_interpolation: 0,interpolation_duration: 1}
$data merge entity $(bone_rearlegtipright) {transformation: [-0.9976f,-0.0681f,0.0151f,-0.7053f,-0.0604f,0.9516f,0.3014f,-4.4719f,-0.0349f,0.2997f,-0.9534f,1.6744f,0f,0f,0f,1f],start_interpolation: 0,interpolation_duration: 1}
$data merge entity $(bone_tail11) {transformation: [-0.2937f,0f,0f,0f,0f,0.2334f,0.2216f,-6.481f,0f,0.2345f,-0.1964f,-3.9792f,0f,0f,0f,1f],start_interpolation: 0,interpolation_duration: 1}
$data merge entity $(bone_tail10) {transformation: [-0.3916f,0f,0f,0f,0f,0.3732f,0.2117f,-6.6001f,0f,0.2403f,-0.3295f,-3.7939f,0f,0f,0f,1f],start_interpolation: 0,interpolation_duration: 1}
$data merge entity $(bone_tail9) {transformation: [-0.4896f,0f,0f,0f,0f,0.5145f,0.1516f,-6.6854f,0f,0.1988f,-0.4694f,-3.5299f,0f,0f,0f,1f],start_interpolation: 0,interpolation_duration: 1}
$data merge entity $(bone_tail8) {transformation: [-0.5759f,0f,0f,0f,0f,0.6288f,0.0527f,-6.715f,0f,0.1178f,-0.588f,-3.1991f,0f,0f,0f,1f],start_interpolation: 0,interpolation_duration: 1}
$data merge entity $(bone_tail7) {transformation: [-0.6776f,0f,0f,0f,0f,0.7396f,-0.0638f,-6.6792f,0f,0.0198f,-0.7053f,-2.8024f,0f,0f,0f,1f],start_interpolation: 0,interpolation_duration: 1}
$data merge entity $(bone_tail6) {transformation: [-0.7972f,0f,0f,0f,0f,0.8516f,-0.1936f,-6.5702f,0f,-0.0907f,-0.8251f,-2.3383f,0f,0f,0f,1f],start_interpolation: 0,interpolation_duration: 1}
$data merge entity $(bone_tail5) {transformation: [-0.8857f,0f,0f,0f,0f,0.9156f,-0.3214f,-6.3894f,0f,-0.2045f,-0.8993f,-1.8324f,0f,0f,0f,1f],start_interpolation: 0,interpolation_duration: 1}
$data merge entity $(bone_tail4) {transformation: [-0.9842f,0f,0f,0f,0f,0.9744f,-0.4616f,-6.1298f,0f,-0.3304f,-0.97f,-1.2867f,0f,0f,0f,1f],start_interpolation: 0,interpolation_duration: 1}
$data merge entity $(bone_tail3) {transformation: [-1.0935f,0f,0f,0f,0f,1.0187f,-0.6304f,-5.7752f,0f,-0.4851f,-1.0301f,-0.7073f,0f,0f,0f,1f],start_interpolation: 0,interpolation_duration: 1}
$data merge entity $(bone_tail2) {transformation: [-1.215f,0f,0f,0f,0f,1.0285f,-0.8449f,-5.2999f,0f,-0.6865f,-1.0627f,-0.1095f,0f,0f,0f,1f],start_interpolation: 0,interpolation_duration: 1}
$data merge entity $(bone_tail1) {transformation: [-1.35f,0f,0f,0f,0f,0.9733f,-1.1136f,-4.6735f,0f,-0.9462f,-1.0396f,0.4752f,0f,0f,0f,1f],start_interpolation: 0,interpolation_duration: 1}
$data merge entity $(bone_tail0) {transformation: [-1.5f,0f,0f,0f,0f,0.8164f,-1.4262f,-3.6672f,0f,-1.2584f,-0.9252f,0.6811f,0f,0f,0f,1f],start_interpolation: 0,interpolation_duration: 1}