# This file was generated by Animated Java via MC-Build. It is not recommended to edit this file directly.
$data merge entity $(bone_leftwing20) {transformation: [-1.6634f,-2.4338f,0.2479f,3.5494f,-1.77f,0.9904f,-2.1536f,2.5855f,1.6887f,-1.3592f,-2.0131f,-0.3729f,0f,0f,0f,1f],start_interpolation: 0,interpolation_duration: 1}
$data merge entity $(bone_leftwing21) {transformation: [-1.3337f,-2.4337f,-1.0243f,3.5494f,0.3196f,0.9903f,-2.7691f,2.5855f,2.621f,-1.3591f,-0.1836f,-0.3729f,0f,0f,0f,1f],start_interpolation: 0,interpolation_duration: 1}
$data merge entity $(bone_leftwing22) {transformation: [-0.19f,-2.4384f,-1.6742f,3.5494f,2.2182f,0.9922f,-1.697f,2.5855f,1.9566f,-1.3618f,1.7613f,-0.3729f,0f,0f,0f,1f],start_interpolation: 0,interpolation_duration: 1}
$data merge entity $(bone_leftwing23) {transformation: [1.0552f,-2.3995f,-1.279f,3.5494f,2.7176f,0.9764f,0.4102f,2.5855f,0.0907f,-1.3401f,2.589f,-0.3729f,0f,0f,0f,1f],start_interpolation: 0,interpolation_duration: 1}
$data merge entity $(bone_leftwing1) {transformation: [-1.1009f,-1.6454f,0.2842f,1.8981f,-1.3423f,0.6696f,-1.3229f,0.5721f,0.9932f,-0.9189f,-1.4728f,1.1168f,0f,0f,0f,1f],start_interpolation: 0,interpolation_duration: 1}
$data merge entity $(bone_leftwing) {transformation: [-0.8071f,-0.8301f,-0.1438f,0.6875f,-0.2727f,0.4459f,-1.043f,0.163f,0.7971f,-0.6879f,-0.5025f,2.3125f,0f,0f,0f,1f],start_interpolation: 0,interpolation_duration: 1}
$data merge entity $(bone_rightwing20) {transformation: [-1.6634f,2.4338f,-0.2479f,-3.5494f,1.77f,0.9904f,-2.1536f,2.5855f,-1.6887f,-1.3592f,-2.0131f,-0.3729f,0f,0f,0f,1f],start_interpolation: 0,interpolation_duration: 1}
$data merge entity $(bone_rightwing21) {transformation: [-1.3338f,2.4338f,1.0244f,-3.5494f,-0.3196f,0.9904f,-2.7692f,2.5855f,-2.6212f,-1.3592f,-0.1836f,-0.3729f,0f,0f,0f,1f],start_interpolation: 0,interpolation_duration: 1}
$data merge entity $(bone_rightwing22) {transformation: [-0.1897f,2.4338f,1.671f,-3.5494f,-2.214f,0.9904f,-1.6938f,2.5855f,-1.9529f,-1.3592f,1.758f,-0.3729f,0f,0f,0f,1f],start_interpolation: 0,interpolation_duration: 1}
$data merge entity $(bone_rightwing23) {transformation: [1.0552f,2.3995f,1.279f,-3.5494f,-2.7176f,0.9764f,0.4102f,2.5855f,-0.0907f,-1.3401f,2.589f,-0.3729f,0f,0f,0f,1f],start_interpolation: 0,interpolation_duration: 1}
$data merge entity $(bone_rightwing1) {transformation: [-1.1009f,1.6454f,-0.2842f,-1.8981f,1.3423f,0.6696f,-1.3229f,0.5721f,-0.9932f,-0.9189f,-1.4728f,1.1168f,0f,0f,0f,1f],start_interpolation: 0,interpolation_duration: 1}
$data merge entity $(bone_rightwing) {transformation: [-0.8071f,0.8301f,0.1438f,-0.6875f,0.2727f,0.4459f,-1.043f,0.163f,-0.7971f,-0.6879f,-0.5025f,2.3125f,0f,0f,0f,1f],start_interpolation: 0,interpolation_duration: 1}
$data merge entity $(bone_eyebrow) {transformation: [-0.8923f,0f,0f,0f,0f,0.8906f,0.0551f,1.5356f,0f,0.0551f,-0.8906f,6.2705f,0f,0f,0f,1f],start_interpolation: 0,interpolation_duration: 1}
$data merge entity $(bone_head) {transformation: [-1.2269f,0f,0f,0f,0f,1.2246f,0.0758f,1.2068f,0f,0.0758f,-1.2246f,4.6337f,0f,0f,0f,1f],start_interpolation: 0,interpolation_duration: 1}
$data merge entity $(bone_neck4) {transformation: [-1.0498f,0f,0f,0f,0f,1.0465f,-0.0832f,1.2343f,0f,-0.0832f,-1.0465f,4.5657f,0f,0f,0f,1f],start_interpolation: 0,interpolation_duration: 1}
$data merge entity $(bone_neck3) {transformation: [-1.1664f,0f,0f,0f,0f,1.1348f,-0.2698f,1.1163f,0f,-0.2698f,-1.1348f,4.0693f,0f,0f,0f,1f],start_interpolation: 0,interpolation_duration: 1}
$data merge entity $(bone_neck2) {transformation: [-1.296f,0f,0f,0f,0f,1.1659f,-0.5659f,0.9748f,0f,-0.5659f,-1.1659f,3.7778f,0f,0f,0f,1f],start_interpolation: 0,interpolation_duration: 1}
$data merge entity $(bone_neck1) {transformation: [-1.44f,0f,0f,0f,0f,1.1051f,-0.9232f,0.744f,0f,-0.9232f,-1.1051f,3.5015f,0f,0f,0f,1f],start_interpolation: 0,interpolation_duration: 1}
$data merge entity $(bone_neck0) {transformation: [-1.6f,0f,0f,0f,0f,0.9891f,-1.2576f,0.3677f,0f,-1.2576f,-0.9891f,3.3328f,0f,0f,0f,1f],start_interpolation: 0,interpolation_duration: 1}
$data merge entity $(bone_frontlegl) {transformation: [-0.9925f,-0.1172f,0.0334f,0.4285f,-0.1055f,0.9637f,0.2452f,0.0973f,-0.0609f,0.2399f,-0.9689f,2.9447f,0f,0f,0f,1f],start_interpolation: 0,interpolation_duration: 1}
$data merge entity $(bone_frontlegtipleft) {transformation: [-0.9925f,-0.0921f,0.0798f,0.8019f,-0.1055f,0.9771f,-0.185f,-0.8902f,-0.0609f,-0.192f,-0.9795f,2.6744f,0f,0f,0f,1f],start_interpolation: 0,interpolation_duration: 1}
$data merge entity $(bone_frontfootleftd) {transformation: [-0.9925f,-0.0626f,-0.1046f,0.969f,-0.1055f,0.0125f,0.9943f,-2.7446f,-0.0609f,0.998f,-0.019f,2.9917f,0f,0f,0f,1f],start_interpolation: 0,interpolation_duration: 1}
$data merge entity $(bone_frontfootleft) {transformation: [0.9925f,0.1009f,-0.0683f,0.9424f,0.1055f,-0.4316f,0.8959f,-2.3165f,0.0609f,-0.8964f,-0.439f,2.8565f,0f,0f,0f,1f],start_interpolation: 0,interpolation_duration: 1}
$data merge entity $(bone_frontlegr) {transformation: [-0.9925f,0.1172f,-0.0334f,-0.8733f,0.1055f,0.9637f,0.2452f,0.1174f,0.0609f,0.2399f,-0.9689f,2.9897f,0f,0f,0f,1f],start_interpolation: 0,interpolation_duration: 1}
$data merge entity $(bone_frontlegtipright) {transformation: [-0.9925f,0.0921f,-0.0798f,-0.7525f,0.1055f,0.9771f,-0.185f,-0.8938f,0.0609f,-0.192f,-0.9795f,2.6055f,0f,0f,0f,1f],start_interpolation: 0,interpolation_duration: 1}
$data merge entity $(bone_frontfootrightd) {transformation: [-0.9925f,0.0626f,0.1046f,-0.9333f,0.1055f,0.0125f,0.9943f,-2.6995f,0.0609f,0.998f,-0.019f,2.9615f,0f,0f,0f,1f],start_interpolation: 0,interpolation_duration: 1}
$data merge entity $(bone_frontfootright) {transformation: [0.9925f,-0.1009f,0.0683f,-0.8854f,-0.1055f,-0.4316f,0.8959f,-2.2635f,-0.0609f,-0.8964f,-0.439f,2.8128f,0f,0f,0f,1f],start_interpolation: 0,interpolation_duration: 1}
$data merge entity $(bone_rearlegl) {transformation: [-1.0807f,0.0466f,-0.0595f,0.0004f,0.0654f,1.0037f,-0.4024f,-2.2932f,0.0378f,-0.405f,-1.0041f,1.1314f,0f,0f,0f,1f],start_interpolation: 0,interpolation_duration: 1}
$data merge entity $(bone_rearfootleftd) {transformation: [-0.9976f,0.0369f,0.0592f,0.5338f,0.0604f,0.0322f,0.9977f,-5.2053f,0.0349f,0.9988f,-0.0343f,1.7192f,0f,0f,0f,1f],start_interpolation: 0,interpolation_duration: 1}
$data merge entity $(bone_rearfootleft) {transformation: [-0.9976f,0.0549f,0.043f,0.5703f,0.0604f,0.3715f,0.9265f,-4.5219f,0.0349f,0.9268f,-0.3739f,1.578f,0f,0f,0f,1f],start_interpolation: 0,interpolation_duration: 1}
$data merge entity $(bone_rearlegtipleft) {transformation: [-0.9976f,0.0683f,-0.0144f,0.5771f,0.0604f,0.9485f,0.311f,-3.589f,0.0349f,0.3094f,-0.9503f,1.9489f,0f,0f,0f,1f],start_interpolation: 0,interpolation_duration: 1}
$data merge entity $(bone_rearlegr) {transformation: [-1.0807f,-0.0466f,0.0595f,-1.3748f,-0.0654f,1.0037f,-0.4024f,-2.3826f,-0.0378f,-0.405f,-1.0041f,1.0516f,0f,0f,0f,1f],start_interpolation: 0,interpolation_duration: 1}
$data merge entity $(bone_rearfootrightd) {transformation: [-0.9976f,-0.0592f,0.0369f,-0.5366f,-0.0604f,0.9977f,-0.0322f,-5.2116f,-0.0349f,-0.0343f,-0.9988f,1.6873f,0f,0f,0f,1f],start_interpolation: 0,interpolation_duration: 1}
$data merge entity $(bone_rearfootright) {transformation: [-0.9976f,-0.0549f,-0.043f,-0.573f,-0.0604f,0.3715f,0.9265f,-4.5282f,-0.0349f,0.9268f,-0.3739f,1.5461f,0f,0f,0f,1f],start_interpolation: 0,interpolation_duration: 1}
$data merge entity $(bone_rearlegtipright) {transformation: [-0.9976f,-0.0683f,0.0144f,-0.7045f,-0.0604f,0.9485f,0.311f,-3.6029f,-0.0349f,0.3094f,-0.9503f,1.9127f,0f,0f,0f,1f],start_interpolation: 0,interpolation_duration: 1}
$data merge entity $(bone_tail11) {transformation: [-0.2937f,0f,0f,0f,0f,0.2314f,0.2246f,-5.8761f,0f,0.2356f,-0.1939f,-3.5818f,0f,0f,0f,1f],start_interpolation: 0,interpolation_duration: 1}
$data merge entity $(bone_tail10) {transformation: [-0.3916f,0f,0f,0f,0f,0.3716f,0.2164f,-5.9978f,0f,0.2427f,-0.3265f,-3.3982f,0f,0f,0f,1f],start_interpolation: 0,interpolation_duration: 1}
$data merge entity $(bone_tail9) {transformation: [-0.4896f,0f,0f,0f,0f,0.5157f,0.1516f,-6.0831f,0f,0.1971f,-0.4688f,-3.1345f,0f,0f,0f,1f],start_interpolation: 0,interpolation_duration: 1}
$data merge entity $(bone_tail8) {transformation: [-0.5759f,0f,0f,0f,0f,0.6311f,0.0392f,-6.1052f,0f,0.1036f,-0.5892f,-2.803f,0f,0f,0f,1f],start_interpolation: 0,interpolation_duration: 1}
$data merge entity $(bone_tail7) {transformation: [-0.6776f,0f,0f,0f,0f,0.7374f,-0.0986f,-6.0497f,0f,-0.0147f,-0.7037f,-2.4072f,0f,0f,0f,1f],start_interpolation: 0,interpolation_duration: 1}
$data merge entity $(bone_tail6) {transformation: [-0.7972f,0f,0f,0f,0f,0.8376f,-0.2537f,-5.907f,0f,-0.15f,-0.8144f,-1.9491f,0f,0f,0f,1f],start_interpolation: 0,interpolation_duration: 1}
$data merge entity $(bone_tail5) {transformation: [-0.8857f,0f,0f,0f,0f,0.8861f,-0.4007f,-5.6816f,0f,-0.2831f,-0.8755f,-1.4567f,0f,0f,0f,1f],start_interpolation: 0,interpolation_duration: 1}
$data merge entity $(bone_tail4) {transformation: [-0.9842f,0f,0f,0f,0f,0.9295f,-0.5509f,-5.3718f,0f,-0.4197f,-0.9322f,-0.9323f,0f,0f,0f,1f],start_interpolation: 0,interpolation_duration: 1}
$data merge entity $(bone_tail3) {transformation: [-1.0935f,0f,0f,0f,0f,0.963f,-0.7169f,-4.9685f,0f,-0.5723f,-0.9812f,-0.3803f,0f,0f,0f,1f],start_interpolation: 0,interpolation_duration: 1}
$data merge entity $(bone_tail2) {transformation: [-1.215f,0f,0f,0f,0f,0.9706f,-0.915f,-4.4538f,0f,-0.7577f,-1.0093f,0.1874f,0f,0f,0f,1f],start_interpolation: 0,interpolation_duration: 1}
$data merge entity $(bone_tail1) {transformation: [-1.35f,0f,0f,0f,0f,0.9252f,-1.1579f,-3.8025f,0f,-0.9909f,-0.9923f,0.7456f,0f,0f,0f,1f],start_interpolation: 0,interpolation_duration: 1}
$data merge entity $(bone_tail0) {transformation: [-1.5f,0f,0f,0f,0f,0.7908f,-1.4446f,-2.7922f,0f,-1.2746f,-0.8962f,0.9311f,0f,0f,0f,1f],start_interpolation: 0,interpolation_duration: 1}