# This file was generated by Animated Java via MC-Build. It is not recommended to edit this file directly.
$data merge entity $(bone_leftwing20) {transformation: [-2.4427f,-1.6361f,0.3287f,4.7391f,-1.4206f,1.7328f,-1.9317f,1.0183f,0.8758f,-1.7528f,-2.2164f,0.7662f,0f,0f,0f,1f],start_interpolation: 0,interpolation_duration: 1}
$data merge entity $(bone_leftwing21) {transformation: [-1.9332f,-1.636f,-1.5287f,4.7391f,0.4027f,1.7327f,-2.3636f,1.0183f,2.2026f,-1.7527f,-0.9096f,0.7662f,0f,0f,0f,1f],start_interpolation: 0,interpolation_duration: 1}
$data merge entity $(bone_leftwing22) {transformation: [-0.2437f,-1.6392f,-2.4573f,4.7391f,1.9838f,1.736f,-1.3548f,1.0183f,2.1886f,-1.7561f,0.9544f,0.7662f,0f,0f,0f,1f],start_interpolation: 0,interpolation_duration: 1}
$data merge entity $(bone_leftwing23) {transformation: [1.5729f,-1.6131f,-1.8523f,4.7391f,2.3151f,1.7084f,0.4781f,1.0183f,0.8205f,-1.7281f,2.2017f,0.7662f,0f,0f,0f,1f],start_interpolation: 0,interpolation_duration: 1}
$data merge entity $(bone_leftwing1) {transformation: [-1.6191f,-1.1061f,0.3936f,2.3104f,-1.0916f,1.1714f,-1.1984f,-0.6191f,0.4322f,-1.185f,-1.5521f,1.4145f,0f,0f,0f,1f],start_interpolation: 0,interpolation_duration: 1}
$data merge entity $(bone_leftwing) {transformation: [-1.082f,-0.3744f,-0.2242f,0.6875f,-0.0619f,0.725f,-0.9119f,-0.712f,0.432f,-0.8338f,-0.6922f,2.0625f,0f,0f,0f,1f],start_interpolation: 0,interpolation_duration: 1}
$data merge entity $(bone_rightwing20) {transformation: [-2.4427f,1.6361f,-0.3287f,-4.7391f,1.4206f,1.7328f,-1.9317f,1.0183f,-0.8758f,-1.7528f,-2.2164f,0.7662f,0f,0f,0f,1f],start_interpolation: 0,interpolation_duration: 1}
$data merge entity $(bone_rightwing21) {transformation: [-1.9333f,1.6361f,1.5288f,-4.7391f,-0.4027f,1.7328f,-2.3637f,1.0183f,-2.2027f,-1.7528f,-0.9097f,0.7662f,0f,0f,0f,1f],start_interpolation: 0,interpolation_duration: 1}
$data merge entity $(bone_rightwing22) {transformation: [-0.2433f,1.6361f,2.4527f,-4.7391f,-1.9801f,1.7328f,-1.3523f,1.0183f,-2.1845f,-1.7528f,0.9526f,0.7662f,0f,0f,0f,1f],start_interpolation: 0,interpolation_duration: 1}
$data merge entity $(bone_rightwing23) {transformation: [1.5729f,1.6131f,1.8523f,-4.7391f,-2.3151f,1.7084f,0.4781f,1.0183f,-0.8205f,-1.7281f,2.2017f,0.7662f,0f,0f,0f,1f],start_interpolation: 0,interpolation_duration: 1}
$data merge entity $(bone_rightwing1) {transformation: [-1.6191f,1.1061f,-0.3936f,-2.3104f,1.0916f,1.1714f,-1.1984f,-0.6191f,-0.4322f,-1.185f,-1.5521f,1.4145f,0f,0f,0f,1f],start_interpolation: 0,interpolation_duration: 1}
$data merge entity $(bone_rightwing) {transformation: [-1.082f,0.3744f,0.2242f,-0.6875f,0.0619f,0.725f,-0.9119f,-0.712f,-0.432f,-0.8338f,-0.6922f,2.0625f,0f,0f,0f,1f],start_interpolation: 0,interpolation_duration: 1}
$data merge entity $(bone_eyebrow) {transformation: [-0.8923f,0f,0f,0f,0f,0.8908f,0.0509f,0.6303f,0f,0.0509f,-0.8908f,6.0458f,0f,0f,0f,1f],start_interpolation: 0,interpolation_duration: 1}
$data merge entity $(bone_head) {transformation: [-1.2269f,0f,0f,0f,0f,1.2249f,0.07f,0.2936f,0f,0.07f,-1.2249f,4.4106f,0f,0f,0f,1f],start_interpolation: 0,interpolation_duration: 1}
$data merge entity $(bone_neck4) {transformation: [-1.0498f,0f,0f,0f,0f,1.0462f,-0.0867f,0.3209f,0f,-0.0867f,-1.0462f,4.3425f,0f,0f,0f,1f],start_interpolation: 0,interpolation_duration: 1}
$data merge entity $(bone_neck3) {transformation: [-1.1664f,0f,0f,0f,0f,1.1397f,-0.2479f,0.2124f,0f,-0.2479f,-1.1397f,3.8439f,0f,0f,0f,1f],start_interpolation: 0,interpolation_duration: 1}
$data merge entity $(bone_neck2) {transformation: [-1.296f,0f,0f,0f,0f,1.1884f,-0.517f,0.0832f,0f,-0.517f,-1.1884f,3.5468f,0f,0f,0f,1f],start_interpolation: 0,interpolation_duration: 1}
$data merge entity $(bone_neck1) {transformation: [-1.44f,0f,0f,0f,0f,1.1447f,-0.8737f,-0.1352f,0f,-0.8737f,-1.1447f,3.2606f,0f,0f,0f,1f],start_interpolation: 0,interpolation_duration: 1}
$data merge entity $(bone_neck0) {transformation: [-1.6f,0f,0f,0f,0f,1.0195f,-1.2331f,-0.5073f,0f,-1.2331f,-1.0195f,3.0828f,0f,0f,0f,1f],start_interpolation: 0,interpolation_duration: 1}
$data merge entity $(bone_frontlegl) {transformation: [-0.9925f,-0.1176f,0.032f,0.4284f,-0.1055f,0.9606f,0.257f,-0.7776f,-0.0609f,0.2517f,-0.9659f,2.6955f,0f,0f,0f,1f],start_interpolation: 0,interpolation_duration: 1}
$data merge entity $(bone_frontlegtipleft) {transformation: [-0.9925f,-0.0931f,0.0787f,0.8022f,-0.1055f,0.9792f,-0.1731f,-1.7615f,-0.0609f,-0.1801f,-0.9818f,2.4127f,0f,0f,0f,1f],start_interpolation: 0,interpolation_duration: 1}
$data merge entity $(bone_frontfootleftd) {transformation: [-0.9925f,-0.0613f,-0.1053f,0.9711f,-0.1055f,0.0004f,0.9944f,-3.6194f,-0.0609f,0.9981f,-0.0069f,2.7074f,0f,0f,0f,1f],start_interpolation: 0,interpolation_duration: 1}
$data merge entity $(bone_frontfootleft) {transformation: [0.9925f,0.1001f,-0.0695f,0.944f,0.1055f,-0.4206f,0.9011f,-3.1897f,0.0609f,-0.9017f,-0.428f,2.5774f,0f,0f,0f,1f],start_interpolation: 0,interpolation_duration: 1}
$data merge entity $(bone_frontlegr) {transformation: [-0.9925f,0.1176f,-0.032f,-0.8733f,0.1055f,0.9606f,0.257f,-0.7572f,0.0609f,0.2517f,-0.9659f,2.7395f,0f,0f,0f,1f],start_interpolation: 0,interpolation_duration: 1}
$data merge entity $(bone_frontlegtipright) {transformation: [-0.9925f,0.0931f,-0.0787f,-0.7528f,0.1055f,0.9792f,-0.1731f,-1.7639f,0.0609f,-0.1801f,-0.9818f,2.3432f,0f,0f,0f,1f],start_interpolation: 0,interpolation_duration: 1}
$data merge entity $(bone_frontfootrightd) {transformation: [-0.9925f,0.0613f,0.1053f,-0.9353f,0.1055f,0.0004f,0.9944f,-3.5735f,0.0609f,0.9981f,-0.0069f,2.6771f,0f,0f,0f,1f],start_interpolation: 0,interpolation_duration: 1}
$data merge entity $(bone_frontfootright) {transformation: [0.9925f,-0.1001f,0.0695f,-0.8869f,-0.1055f,-0.4206f,0.9011f,-3.1358f,-0.0609f,-0.9017f,-0.428f,2.5338f,0f,0f,0f,1f],start_interpolation: 0,interpolation_duration: 1}
$data merge entity $(bone_rearlegl) {transformation: [-1.0807f,0.0473f,-0.0589f,0.0006f,0.0654f,1.0085f,-0.3901f,-3.1657f,0.0378f,-0.3927f,-1.0089f,0.8826f,0f,0f,0f,1f],start_interpolation: 0,interpolation_duration: 1}
$data merge entity $(bone_rearfootleftd) {transformation: [-0.9976f,0.0361f,0.0597f,0.5323f,0.0604f,0.02f,0.998f,-6.0849f,0.0349f,0.9991f,-0.0221f,1.4353f,0f,0f,0f,1f],start_interpolation: 0,interpolation_duration: 1}
$data merge entity $(bone_rearfootleft) {transformation: [-0.9976f,0.0544f,0.0437f,0.5692f,0.0604f,0.3601f,0.9309f,-5.3998f,0.0349f,0.9313f,-0.3625f,1.3025f,0f,0f,0f,1f],start_interpolation: 0,interpolation_duration: 1}
$data merge entity $(bone_rearlegtipleft) {transformation: [-0.9976f,0.0684f,-0.0136f,0.5761f,0.0604f,0.9446f,0.3225f,-4.4716f,0.0349f,0.3209f,-0.9465f,1.6848f,0f,0f,0f,1f],start_interpolation: 0,interpolation_duration: 1}
$data merge entity $(bone_rearlegr) {transformation: [-1.0807f,-0.0473f,0.0589f,-1.3751f,-0.0654f,1.0085f,-0.3901f,-3.2547f,-0.0378f,-0.3927f,-1.0089f,0.8027f,0f,0f,0f,1f],start_interpolation: 0,interpolation_duration: 1}
$data merge entity $(bone_rearfootrightd) {transformation: [-0.9976f,-0.0597f,0.0361f,-0.5351f,-0.0604f,0.998f,-0.02f,-6.0908f,-0.0349f,-0.0221f,-0.9991f,1.4034f,0f,0f,0f,1f],start_interpolation: 0,interpolation_duration: 1}
$data merge entity $(bone_rearfootright) {transformation: [-0.9976f,-0.0544f,-0.0437f,-0.572f,-0.0604f,0.3601f,0.9309f,-5.4058f,-0.0349f,0.9313f,-0.3625f,1.2705f,0f,0f,0f,1f],start_interpolation: 0,interpolation_duration: 1}
$data merge entity $(bone_rearlegtipright) {transformation: [-0.9976f,-0.0684f,0.0136f,-0.7036f,-0.0604f,0.9446f,0.3225f,-4.4851f,-0.0349f,0.3209f,-0.9465f,1.6484f,0f,0f,0f,1f],start_interpolation: 0,interpolation_duration: 1}
$data merge entity $(bone_tail11) {transformation: [-0.2937f,0f,0f,0f,0f,0.228f,0.2292f,-6.9367f,0f,0.2378f,-0.1898f,-3.6662f,0f,0f,0f,1f],start_interpolation: 0,interpolation_duration: 1}
$data merge entity $(bone_tail10) {transformation: [-0.3916f,0f,0f,0f,0f,0.3666f,0.2269f,-7.0643f,0f,0.2498f,-0.3196f,-3.4865f,0f,0f,0f,1f],start_interpolation: 0,interpolation_duration: 1}
$data merge entity $(bone_tail9) {transformation: [-0.4896f,0f,0f,0f,0f,0.5132f,0.1644f,-7.1568f,0f,0.2064f,-0.4632f,-3.2259f,0f,0f,0f,1f],start_interpolation: 0,interpolation_duration: 1}
$data merge entity $(bone_tail8) {transformation: [-0.5759f,0f,0f,0f,0f,0.6323f,0.0454f,-7.1824f,0f,0.1073f,-0.5868f,-2.8958f,0f,0f,0f,1f],start_interpolation: 0,interpolation_duration: 1}
$data merge entity $(bone_tail7) {transformation: [-0.6776f,0f,0f,0f,0f,0.7379f,-0.1083f,-7.1214f,0f,-0.0257f,-0.7014f,-2.5013f,0f,0f,0f,1f],start_interpolation: 0,interpolation_duration: 1}
$data merge entity $(bone_tail6) {transformation: [-0.7972f,0f,0f,0f,0f,0.8294f,-0.2863f,-6.9604f,0f,-0.1828f,-0.8052f,-2.0483f,0f,0f,0f,1f],start_interpolation: 0,interpolation_duration: 1}
$data merge entity $(bone_tail5) {transformation: [-0.8857f,0f,0f,0f,0f,0.8623f,-0.4549f,-6.7045f,0f,-0.3371f,-0.8533f,-1.5684f,0f,0f,0f,1f],start_interpolation: 0,interpolation_duration: 1}
$data merge entity $(bone_tail4) {transformation: [-0.9842f,0f,0f,0f,0f,0.8881f,-0.6203f,-6.3556f,0f,-0.4892f,-0.8943f,-1.0653f,0f,0f,0f,1f],start_interpolation: 0,interpolation_duration: 1}
$data merge entity $(bone_tail3) {transformation: [-1.0935f,0f,0f,0f,0f,0.9071f,-0.791f,-5.9106f,0f,-0.647f,-0.9297f,-0.5424f,0f,0f,0f,1f],start_interpolation: 0,interpolation_duration: 1}
$data merge entity $(bone_tail2) {transformation: [-1.215f,0f,0f,0f,0f,0.9091f,-0.9809f,-5.3589f,0f,-0.8244f,-0.9509f,-0.0075f,0f,0f,0f,1f],start_interpolation: 0,interpolation_duration: 1}
$data merge entity $(bone_tail1) {transformation: [-1.35f,0f,0f,0f,0f,0.8711f,-1.2039f,-4.6817f,0f,-1.0369f,-0.9382f,0.5203f,0f,0f,0f,1f],start_interpolation: 0,interpolation_duration: 1}
$data merge entity $(bone_tail0) {transformation: [-1.5f,0f,0f,0f,0f,0.7595f,-1.466f,-3.6672f,0f,-1.2935f,-0.8607f,0.6811f,0f,0f,0f,1f],start_interpolation: 0,interpolation_duration: 1}