# This file was generated by Animated Java via MC-Build. It is not recommended to edit this file directly.
$data merge entity $(bone_leftwing20) {transformation: [-2.8309f,-0.396f,0.7621f,5.1864f,-0.7923f,2.2175f,-1.7907f,0.8558f,-0.3315f,-1.9177f,-2.2281f,2.9086f,0f,0f,0f,1f],start_interpolation: 0,interpolation_duration: 1}
$data merge entity $(bone_leftwing21) {transformation: [-2.5146f,-0.396f,-1.5069f,5.1864f,0.7377f,2.2174f,-1.8138f,0.8558f,1.3724f,-1.9176f,-1.7861f,2.9086f,0f,0f,0f,1f],start_interpolation: 0,interpolation_duration: 1}
$data merge entity $(bone_leftwing22) {transformation: [-0.6641f,-0.3968f,-2.8612f,5.1864f,1.8207f,2.2217f,-0.7307f,0.8558f,2.2425f,-1.9213f,-0.254f,2.9086f,0f,0f,0f,1f],start_interpolation: 0,interpolation_duration: 1}
$data merge entity $(bone_leftwing23) {transformation: [1.5714f,-0.3905f,-2.4259f,5.1864f,1.7619f,2.1863f,0.7894f,0.8558f,1.7127f,-1.8907f,1.4137f,2.9086f,0f,0f,0f,1f],start_interpolation: 0,interpolation_duration: 1}
$data merge entity $(bone_leftwing1) {transformation: [-1.8495f,-0.2677f,0.7124f,2.4121f,-0.6592f,1.4991f,-1.148f,-0.133f,-0.3803f,-1.2965f,-1.4746f,2.3381f,0f,0f,0f,1f],start_interpolation: 0,interpolation_duration: 1}
$data merge entity $(bone_leftwing) {transformation: [-1.1497f,0.158f,-0.1195f,0.6875f,0.1973f,0.8528f,-0.7713f,0.163f,-0.0171f,-0.7803f,-0.8672f,2.3125f,0f,0f,0f,1f],start_interpolation: 0,interpolation_duration: 1}
$data merge entity $(bone_rightwing20) {transformation: [-2.8309f,0.396f,-0.7621f,-5.1864f,0.7923f,2.2175f,-1.7907f,0.8558f,0.3315f,-1.9177f,-2.2281f,2.9086f,0f,0f,0f,1f],start_interpolation: 0,interpolation_duration: 1}
$data merge entity $(bone_rightwing21) {transformation: [-2.5147f,0.396f,1.507f,-5.1864f,-0.7378f,2.2175f,-1.8139f,0.8558f,-1.3724f,-1.9177f,-1.7862f,2.9086f,0f,0f,0f,1f],start_interpolation: 0,interpolation_duration: 1}
$data merge entity $(bone_rightwing22) {transformation: [-0.6628f,0.396f,2.8558f,-5.1864f,-1.8173f,2.2175f,-0.7293f,0.8558f,-2.2383f,-1.9177f,-0.2535f,2.9086f,0f,0f,0f,1f],start_interpolation: 0,interpolation_duration: 1}
$data merge entity $(bone_rightwing23) {transformation: [1.5714f,0.3905f,2.4259f,-5.1864f,-1.7619f,2.1863f,0.7894f,0.8558f,-1.7127f,-1.8907f,1.4137f,2.9086f,0f,0f,0f,1f],start_interpolation: 0,interpolation_duration: 1}
$data merge entity $(bone_rightwing1) {transformation: [-1.8495f,0.2677f,-0.7124f,-2.4121f,0.6592f,1.4991f,-1.148f,-0.133f,0.3803f,-1.2965f,-1.4746f,2.3381f,0f,0f,0f,1f],start_interpolation: 0,interpolation_duration: 1}
$data merge entity $(bone_rightwing) {transformation: [-1.1497f,-0.158f,0.1195f,-0.6875f,-0.1973f,0.8528f,-0.7713f,0.163f,0.0171f,-0.7803f,-0.8672f,2.3125f,0f,0f,0f,1f],start_interpolation: 0,interpolation_duration: 1}
$data merge entity $(bone_eyebrow) {transformation: [-0.8923f,0f,0f,0f,0f,0.8914f,0.0399f,1.5023f,0f,0.0399f,-0.8914f,6.3128f,0f,0f,0f,1f],start_interpolation: 0,interpolation_duration: 1}
$data merge entity $(bone_head) {transformation: [-1.2269f,0f,0f,0f,0f,1.2257f,0.0548f,1.1455f,0f,0.0548f,-1.2257f,4.682f,0f,0f,0f,1f],start_interpolation: 0,interpolation_duration: 1}
$data merge entity $(bone_neck4) {transformation: [-1.0498f,0f,0f,0f,0f,1.0447f,-0.1029f,1.1717f,0f,-0.1029f,-1.0447f,4.6135f,0f,0f,0f,1f],start_interpolation: 0,interpolation_duration: 1}
$data merge entity $(bone_neck3) {transformation: [-1.1664f,0f,0f,0f,0f,1.1401f,-0.2464f,1.0639f,0f,-0.2464f,-1.1401f,4.1147f,0f,0f,0f,1f],start_interpolation: 0,interpolation_duration: 1}
$data merge entity $(bone_neck2) {transformation: [-1.296f,0f,0f,0f,0f,1.2017f,-0.4852f,0.9425f,0f,-0.4852f,-1.2017f,3.8142f,0f,0f,0f,1f],start_interpolation: 0,interpolation_duration: 1}
$data merge entity $(bone_neck1) {transformation: [-1.44f,0f,0f,0f,0f,1.1769f,-0.8297f,0.7351f,0f,-0.8297f,-1.1769f,3.52f,0f,0f,0f,1f],start_interpolation: 0,interpolation_duration: 1}
$data merge entity $(bone_neck0) {transformation: [-1.6f,0f,0f,0f,0f,1.0504f,-1.2069f,0.3677f,0f,-1.2069f,-1.0504f,3.3328f,0f,0f,0f,1f],start_interpolation: 0,interpolation_duration: 1}
$data merge entity $(bone_frontlegl) {transformation: [-0.9925f,-0.118f,0.0305f,0.4283f,-0.1055f,0.9573f,0.2691f,0.0976f,-0.0609f,0.2639f,-0.9626f,2.9463f,0f,0f,0f,1f],start_interpolation: 0,interpolation_duration: 1}
$data merge entity $(bone_frontlegtipleft) {transformation: [-0.9925f,-0.0941f,0.0775f,0.8026f,-0.1055f,0.9814f,-0.1606f,-0.8824f,-0.0609f,-0.1676f,-0.984f,2.6507f,0f,0f,0f,1f],start_interpolation: 0,interpolation_duration: 1}
$data merge entity $(bone_frontfootleftd) {transformation: [-0.9925f,-0.06f,-0.1061f,0.9732f,-0.1055f,-0.0122f,0.9943f,-2.7437f,-0.0609f,0.9981f,0.0058f,2.9217f,0f,0f,0f,1f],start_interpolation: 0,interpolation_duration: 1}
$data merge entity $(bone_frontfootleft) {transformation: [0.9925f,0.0992f,-0.0708f,0.9456f,0.1055f,-0.4092f,0.9063f,-2.3125f,0.0609f,-0.9071f,-0.4166f,2.7971f,0f,0f,0f,1f],start_interpolation: 0,interpolation_duration: 1}
$data merge entity $(bone_frontlegr) {transformation: [-0.9925f,0.118f,-0.0305f,-0.8732f,0.1055f,0.9573f,0.2691f,0.1181f,0.0609f,0.2639f,-0.9626f,2.9893f,0f,0f,0f,1f],start_interpolation: 0,interpolation_duration: 1}
$data merge entity $(bone_frontlegtipright) {transformation: [-0.9925f,0.0941f,-0.0775f,-0.753f,0.1055f,0.9814f,-0.1606f,-0.8835f,0.0609f,-0.1676f,-0.984f,2.5805f,0f,0f,0f,1f],start_interpolation: 0,interpolation_duration: 1}
$data merge entity $(bone_frontfootrightd) {transformation: [-0.9925f,0.06f,0.1061f,-0.9374f,0.1055f,-0.0122f,0.9943f,-2.6971f,0.0609f,0.9981f,0.0058f,2.8914f,0f,0f,0f,1f],start_interpolation: 0,interpolation_duration: 1}
$data merge entity $(bone_frontfootright) {transformation: [0.9925f,-0.0992f,0.0708f,-0.8885f,-0.1055f,-0.4092f,0.9063f,-2.2577f,-0.0609f,-0.9071f,-0.4166f,2.7536f,0f,0f,0f,1f],start_interpolation: 0,interpolation_duration: 1}
$data merge entity $(bone_rearlegl) {transformation: [-1.0807f,0.0481f,-0.0583f,0.0008f,0.0654f,1.0134f,-0.3773f,-2.288f,0.0378f,-0.3799f,-1.0138f,1.1339f,0f,0f,0f,1f],start_interpolation: 0,interpolation_duration: 1}
$data merge entity $(bone_rearfootleftd) {transformation: [-0.9976f,0.0354f,0.0601f,0.5309f,0.0604f,0.0073f,0.9981f,-5.2142f,0.0349f,0.9993f,-0.0095f,1.65f,0f,0f,0f,1f],start_interpolation: 0,interpolation_duration: 1}
$data merge entity $(bone_rearfootleft) {transformation: [-0.9976f,0.0538f,0.0444f,0.5681f,0.0604f,0.3483f,0.9354f,-4.5276f,0.0349f,0.9358f,-0.3507f,1.5259f,0f,0f,0f,1f],start_interpolation: 0,interpolation_duration: 1}
$data merge entity $(bone_rearlegtipleft) {transformation: [-0.9976f,0.0686f,-0.0127f,0.5751f,0.0604f,0.9405f,0.3345f,-3.6042f,0.0349f,0.3329f,-0.9423f,1.9199f,0f,0f,0f,1f],start_interpolation: 0,interpolation_duration: 1}
$data merge entity $(bone_rearlegr) {transformation: [-1.0807f,-0.0481f,0.0583f,-1.3753f,-0.0654f,1.0134f,-0.3773f,-2.3766f,-0.0378f,-0.3799f,-1.0138f,1.0539f,0f,0f,0f,1f],start_interpolation: 0,interpolation_duration: 1}
$data merge entity $(bone_rearfootrightd) {transformation: [-0.9976f,-0.0601f,0.0354f,-0.5337f,-0.0604f,0.9981f,-0.0073f,-5.2198f,-0.0349f,-0.0095f,-0.9993f,1.618f,0f,0f,0f,1f],start_interpolation: 0,interpolation_duration: 1}
$data merge entity $(bone_rearfootright) {transformation: [-0.9976f,-0.0538f,-0.0444f,-0.5709f,-0.0604f,0.3483f,0.9354f,-4.5331f,-0.0349f,0.9358f,-0.3507f,1.4939f,0f,0f,0f,1f],start_interpolation: 0,interpolation_duration: 1}
$data merge entity $(bone_rearlegtipright) {transformation: [-0.9976f,-0.0686f,0.0127f,-0.7026f,-0.0604f,0.9405f,0.3345f,-3.6173f,-0.0349f,0.3329f,-0.9423f,1.8835f,0f,0f,0f,1f],start_interpolation: 0,interpolation_duration: 1}
$data merge entity $(bone_tail11) {transformation: [-0.2937f,0f,0f,0f,0f,0.2235f,0.2348f,-6.142f,0f,0.2406f,-0.1848f,-3.2641f,0f,0f,0f,1f],start_interpolation: 0,interpolation_duration: 1}
$data merge entity $(bone_tail10) {transformation: [-0.3916f,0f,0f,0f,0f,0.3583f,0.2417f,-6.2779f,0f,0.2604f,-0.3095f,-3.09f,0f,0f,0f,1f],start_interpolation: 0,interpolation_duration: 1}
$data merge entity $(bone_tail9) {transformation: [-0.4896f,0f,0f,0f,0f,0.5064f,0.1881f,-6.3837f,0f,0.2252f,-0.4527f,-2.8353f,0f,0f,0f,1f],start_interpolation: 0,interpolation_duration: 1}
$data merge entity $(bone_tail8) {transformation: [-0.5759f,0f,0f,0f,0f,0.6316f,0.0707f,-6.4235f,0f,0.1283f,-0.5809f,-2.5086f,0f,0f,0f,1f],start_interpolation: 0,interpolation_duration: 1}
$data merge entity $(bone_tail7) {transformation: [-0.6776f,0f,0f,0f,0f,0.7421f,-0.0917f,-6.3719f,0f,-0.0119f,-0.6997f,-2.115f,0f,0f,0f,1f],start_interpolation: 0,interpolation_duration: 1}
$data merge entity $(bone_tail6) {transformation: [-0.7972f,0f,0f,0f,0f,0.8312f,-0.2879f,-6.2099f,0f,-0.1857f,-0.8021f,-1.6638f,0f,0f,0f,1f],start_interpolation: 0,interpolation_duration: 1}
$data merge entity $(bone_tail5) {transformation: [-0.8857f,0f,0f,0f,0f,0.8522f,-0.4786f,-5.9407f,0f,-0.361f,-0.8405f,-1.191f,0f,0f,0f,1f],start_interpolation: 0,interpolation_duration: 1}
$data merge entity $(bone_tail4) {transformation: [-0.9842f,0f,0f,0f,0f,0.8602f,-0.663f,-5.5678f,0f,-0.5319f,-0.8662f,-0.7038f,0f,0f,0f,1f],start_interpolation: 0,interpolation_duration: 1}
$data merge entity $(bone_tail3) {transformation: [-1.0935f,0f,0f,0f,0f,0.8617f,-0.8447f,-5.0926f,0f,-0.7009f,-0.8856f,-0.2057f,0f,0f,0f,1f],start_interpolation: 0,interpolation_duration: 1}
$data merge entity $(bone_tail2) {transformation: [-1.215f,0f,0f,0f,0f,0.8532f,-1.0343f,-4.5108f,0f,-0.8781f,-0.8964f,0.2986f,0f,0f,0f,1f],start_interpolation: 0,interpolation_duration: 1}
$data merge entity $(bone_tail1) {transformation: [-1.35f,0f,0f,0f,0f,0.818f,-1.2451f,-3.8105f,0f,-1.0779f,-0.8845f,0.7961f,0f,0f,0f,1f],start_interpolation: 0,interpolation_duration: 1}
$data merge entity $(bone_tail0) {transformation: [-1.5f,0f,0f,0f,0f,0.7264f,-1.4874f,-2.7922f,0f,-1.3124f,-0.8233f,0.9311f,0f,0f,0f,1f],start_interpolation: 0,interpolation_duration: 1}