# This file was generated by Animated Java via MC-Build. It is not recommended to edit this file directly.
$data merge entity $(bone_leftwing20) {transformation: [-2.5291f,0.9536f,1.2026f,4.6216f,-0.0325f,2.2842f,-1.8796f,-1.1153f,-1.5344f,-1.6201f,-1.9423f,4.4291f,0f,0f,0f,1f],start_interpolation: 0,interpolation_duration: 1}
$data merge entity $(bone_leftwing21) {transformation: [-2.6218f,0.9536f,-0.9838f,4.6216f,1.3295f,2.2841f,-1.329f,-1.1153f,0.3313f,-1.62f,-2.4529f,4.4291f,0f,0f,0f,1f],start_interpolation: 0,interpolation_duration: 1}
$data merge entity $(bone_leftwing22) {transformation: [-1.1157f,0.9554f,-2.5743f,4.6216f,1.8831f,2.2885f,0.0332f,-1.1153f,1.9984f,-1.6231f,-1.4685f,4.4291f,0f,0f,0f,1f],start_interpolation: 0,interpolation_duration: 1}
$data merge entity $(bone_leftwing23) {transformation: [1.0597f,0.9402f,-2.5495f,4.6216f,1.2638f,2.252f,1.3557f,-1.1153f,2.4056f,-1.5973f,0.4108f,4.4291f,0f,0f,0f,1f],start_interpolation: 0,interpolation_duration: 1}
$data merge entity $(bone_leftwing1) {transformation: [-1.6154f,0.6447f,0.9873f,2.1985f,-0.1547f,1.5443f,-1.2615f,-1.3473f,-1.1689f,-1.0953f,-1.1975f,2.6757f,0f,0f,0f,1f],start_interpolation: 0,interpolation_duration: 1}
$data merge entity $(bone_leftwing) {transformation: [-1.0073f,0.5824f,0.0853f,0.6875f,0.4235f,0.8346f,-0.6966f,-0.712f,-0.4088f,-0.5705f,-0.932f,2.0625f,0f,0f,0f,1f],start_interpolation: 0,interpolation_duration: 1}
$data merge entity $(bone_rightwing20) {transformation: [-2.5291f,-0.9536f,-1.2026f,-4.6216f,0.0325f,2.2842f,-1.8796f,-1.1153f,1.5344f,-1.6201f,-1.9423f,4.4291f,0f,0f,0f,1f],start_interpolation: 0,interpolation_duration: 1}
$data merge entity $(bone_rightwing21) {transformation: [-2.6219f,-0.9536f,0.9839f,-4.6216f,-1.3295f,2.2842f,-1.3291f,-1.1153f,-0.3313f,-1.6201f,-2.453f,4.4291f,0f,0f,0f,1f],start_interpolation: 0,interpolation_duration: 1}
$data merge entity $(bone_rightwing22) {transformation: [-1.1136f,-0.9536f,2.5695f,-4.6216f,-1.8796f,2.2842f,0.0331f,-1.1153f,-1.9947f,-1.6201f,-1.4657f,4.4291f,0f,0f,0f,1f],start_interpolation: 0,interpolation_duration: 1}
$data merge entity $(bone_rightwing23) {transformation: [1.0597f,-0.9402f,2.5495f,-4.6216f,-1.2638f,2.252f,1.3557f,-1.1153f,-2.4056f,-1.5973f,0.4108f,4.4291f,0f,0f,0f,1f],start_interpolation: 0,interpolation_duration: 1}
$data merge entity $(bone_rightwing1) {transformation: [-1.6154f,-0.6447f,-0.9873f,-2.1985f,0.1547f,1.5443f,-1.2615f,-1.3473f,1.1689f,-1.0953f,-1.1975f,2.6757f,0f,0f,0f,1f],start_interpolation: 0,interpolation_duration: 1}
$data merge entity $(bone_rightwing) {transformation: [-1.0073f,-0.5824f,-0.0853f,-0.6875f,-0.4235f,0.8346f,-0.6966f,-0.712f,0.4088f,-0.5705f,-0.932f,2.0625f,0f,0f,0f,1f],start_interpolation: 0,interpolation_duration: 1}
$data merge entity $(bone_eyebrow) {transformation: [-0.8923f,0f,0f,0f,0f,0.892f,0.0236f,0.6525f,0f,0.0236f,-0.892f,6.0696f,0f,0f,0f,1f],start_interpolation: 0,interpolation_duration: 1}
$data merge entity $(bone_head) {transformation: [-1.2269f,0f,0f,0f,0f,1.2265f,0.0324f,0.2659f,0f,0.0324f,-1.2265f,4.4455f,0f,0f,0f,1f],start_interpolation: 0,interpolation_duration: 1}
$data merge entity $(bone_neck4) {transformation: [-1.0498f,0f,0f,0f,0f,1.0417f,-0.1297f,0.2903f,0f,-0.1297f,-1.0417f,4.3764f,0f,0f,0f,1f],start_interpolation: 0,interpolation_duration: 1}
$data merge entity $(bone_neck3) {transformation: [-1.1664f,0f,0f,0f,0f,1.1358f,-0.2655f,0.1741f,0f,-0.2655f,-1.1358f,3.8795f,0f,0f,0f,1f],start_interpolation: 0,interpolation_duration: 1}
$data merge entity $(bone_neck2) {transformation: [-1.296f,0f,0f,0f,0f,1.2056f,-0.4757f,0.0552f,0f,-0.4757f,-1.2056f,3.5781f,0f,0f,0f,1f],start_interpolation: 0,interpolation_duration: 1}
$data merge entity $(bone_neck1) {transformation: [-1.44f,0f,0f,0f,0f,1.1987f,-0.798f,-0.1443f,0f,-0.798f,-1.1987f,3.2784f,0f,0f,0f,1f],start_interpolation: 0,interpolation_duration: 1}
$data merge entity $(bone_neck0) {transformation: [-1.6f,0f,0f,0f,0f,1.0779f,-1.1824f,-0.5073f,0f,-1.1824f,-1.0779f,3.0828f,0f,0f,0f,1f],start_interpolation: 0,interpolation_duration: 1}
$data merge entity $(bone_frontlegl) {transformation: [-0.9925f,-0.1183f,0.0291f,0.4283f,-0.1055f,0.9541f,0.2801f,-0.7773f,-0.0609f,0.275f,-0.9595f,2.697f,0f,0f,0f,1f],start_interpolation: 0,interpolation_duration: 1}
$data merge entity $(bone_frontlegtipleft) {transformation: [-0.9925f,-0.0949f,0.0764f,0.8028f,-0.1055f,0.9831f,-0.1494f,-1.7535f,-0.0609f,-0.1563f,-0.9858f,2.3898f,0f,0f,0f,1f],start_interpolation: 0,interpolation_duration: 1}
$data merge entity $(bone_frontfootleftd) {transformation: [-0.9925f,-0.0588f,-0.1068f,0.9751f,-0.1055f,-0.0236f,0.9941f,-3.6177f,-0.0609f,0.998f,0.0173f,2.6394f,0f,0f,0f,1f],start_interpolation: 0,interpolation_duration: 1}
$data merge entity $(bone_frontfootleft) {transformation: [0.9925f,0.0984f,-0.0719f,0.9471f,0.1055f,-0.3987f,0.911f,-3.1851f,0.0609f,-0.9118f,-0.4061f,2.5198f,0f,0f,0f,1f],start_interpolation: 0,interpolation_duration: 1}
$data merge entity $(bone_frontlegr) {transformation: [-0.9925f,0.1183f,-0.0291f,-0.8732f,0.1055f,0.9541f,0.2801f,-0.7566f,0.0609f,0.275f,-0.9595f,2.7391f,0f,0f,0f,1f],start_interpolation: 0,interpolation_duration: 1}
$data merge entity $(bone_frontlegtipright) {transformation: [-0.9925f,0.0949f,-0.0764f,-0.7531f,0.1055f,0.9831f,-0.1494f,-1.7536f,0.0609f,-0.1563f,-0.9858f,2.3191f,0f,0f,0f,1f],start_interpolation: 0,interpolation_duration: 1}
$data merge entity $(bone_frontfootrightd) {transformation: [-0.9925f,0.0588f,0.1068f,-0.9392f,0.1055f,-0.0236f,0.9941f,-3.5705f,0.0609f,0.998f,0.0173f,2.609f,0f,0f,0f,1f],start_interpolation: 0,interpolation_duration: 1}
$data merge entity $(bone_frontfootright) {transformation: [0.9925f,-0.0984f,0.0719f,-0.8898f,-0.1055f,-0.3987f,0.911f,-3.1295f,-0.0609f,-0.9118f,-0.4061f,2.4764f,0f,0f,0f,1f],start_interpolation: 0,interpolation_duration: 1}
$data merge entity $(bone_rearlegl) {transformation: [-1.0807f,0.0488f,-0.0577f,0.001f,0.0654f,1.0177f,-0.3657f,-3.1606f,0.0378f,-0.3683f,-1.0181f,0.8851f,0f,0f,0f,1f],start_interpolation: 0,interpolation_duration: 1}
$data merge entity $(bone_rearfootleftd) {transformation: [-0.9976f,0.0347f,0.0605f,0.5295f,0.0604f,-0.0041f,0.9982f,-6.0928f,0.0349f,0.9994f,0.002f,1.3681f,0f,0f,0f,1f],start_interpolation: 0,interpolation_duration: 1}
$data merge entity $(bone_rearfootleft) {transformation: [-0.9976f,0.0533f,0.045f,0.5671f,0.0604f,0.3375f,0.9394f,-5.4048f,0.0349f,0.9398f,-0.3399f,1.2518f,0f,0f,0f,1f],start_interpolation: 0,interpolation_duration: 1}
$data merge entity $(bone_rearlegtipleft) {transformation: [-0.9976f,0.0687f,-0.0119f,0.5742f,0.0604f,0.9366f,0.3453f,-4.486f,0.0349f,0.3437f,-0.9384f,1.6564f,0f,0f,0f,1f],start_interpolation: 0,interpolation_duration: 1}
$data merge entity $(bone_rearlegr) {transformation: [-1.0807f,-0.0488f,0.0577f,-1.3755f,-0.0654f,1.0177f,-0.3657f,-3.2489f,-0.0378f,-0.3683f,-1.0181f,0.8051f,0f,0f,0f,1f],start_interpolation: 0,interpolation_duration: 1}
$data merge entity $(bone_rearfootrightd) {transformation: [-0.9976f,-0.0605f,0.0347f,-0.5324f,-0.0604f,0.9982f,0.0041f,-6.0979f,-0.0349f,0.002f,-0.9994f,1.336f,0f,0f,0f,1f],start_interpolation: 0,interpolation_duration: 1}
$data merge entity $(bone_rearfootright) {transformation: [-0.9976f,-0.0533f,-0.045f,-0.57f,-0.0604f,0.3375f,0.9394f,-5.4099f,-0.0349f,0.9398f,-0.3399f,1.2198f,0f,0f,0f,1f],start_interpolation: 0,interpolation_duration: 1}
$data merge entity $(bone_rearlegtipright) {transformation: [-0.9976f,-0.0687f,0.0119f,-0.7018f,-0.0604f,0.9366f,0.3453f,-4.4987f,-0.0349f,0.3437f,-0.9384f,1.6199f,0f,0f,0f,1f],start_interpolation: 0,interpolation_duration: 1}
$data merge entity $(bone_tail11) {transformation: [-0.2937f,0f,0f,0f,0f,0.2184f,0.2405f,-6.9864f,0f,0.2437f,-0.1794f,-3.4008f,0f,0f,0f,1f],start_interpolation: 0,interpolation_duration: 1}
$data merge entity $(bone_tail10) {transformation: [-0.3916f,0f,0f,0f,0f,0.3475f,0.2586f,-7.1318f,0f,0.2728f,-0.2973f,-3.2336f,0f,0f,0f,1f],start_interpolation: 0,interpolation_duration: 1}
$data merge entity $(bone_tail9) {transformation: [-0.4896f,0f,0f,0f,0f,0.4951f,0.2191f,-7.2551f,0f,0.2504f,-0.4378f,-2.9873f,0f,0f,0f,1f],start_interpolation: 0,interpolation_duration: 1}
$data merge entity $(bone_tail8) {transformation: [-0.5759f,0f,0f,0f,0f,0.6272f,0.1114f,-7.3177f,0f,0.1632f,-0.5705f,-2.6664f,0f,0f,0f,1f],start_interpolation: 0,interpolation_duration: 1}
$data merge entity $(bone_tail7) {transformation: [-0.6776f,0f,0f,0f,0f,0.7477f,-0.0506f,-7.2893f,0f,0.0246f,-0.6976f,-2.274f,0f,0f,0f,1f],start_interpolation: 0,interpolation_duration: 1}
$data merge entity $(bone_tail6) {transformation: [-0.7972f,0f,0f,0f,0f,0.843f,-0.2581f,-7.1441f,0f,-0.1585f,-0.8058f,-1.8208f,0f,0f,0f,1f],start_interpolation: 0,interpolation_duration: 1}
$data merge entity $(bone_tail5) {transformation: [-0.8857f,0f,0f,0f,0f,0.8597f,-0.4696f,-6.88f,0f,-0.353f,-0.8414f,-1.3475f,0f,0f,0f,1f],start_interpolation: 0,interpolation_duration: 1}
$data merge entity $(bone_tail4) {transformation: [-0.9842f,0f,0f,0f,0f,0.8534f,-0.6756f,-6.4999f,0f,-0.5444f,-0.8553f,-0.8664f,0f,0f,0f,1f],start_interpolation: 0,interpolation_duration: 1}
$data merge entity $(bone_tail3) {transformation: [-1.0935f,0f,0f,0f,0f,0.8363f,-0.8736f,-6.0085f,0f,-0.7295f,-0.8584f,-0.3835f,0f,0f,0f,1f],start_interpolation: 0,interpolation_duration: 1}
$data merge entity $(bone_tail2) {transformation: [-1.215f,0f,0f,0f,0f,0.8127f,-1.0701f,-5.4066f,0f,-0.9138f,-0.8553f,0.0976f,0f,0f,0f,1f],start_interpolation: 0,interpolation_duration: 1}
$data merge entity $(bone_tail1) {transformation: [-1.35f,0f,0f,0f,0f,0.7737f,-1.2769f,-4.6883f,0f,-1.1092f,-0.839f,0.5695f,0f,0f,0f,1f],start_interpolation: 0,interpolation_duration: 1}
$data merge entity $(bone_tail0) {transformation: [-1.5f,0f,0f,0f,0f,0.6961f,-1.5059f,-3.6672f,0f,-1.3287f,-0.7889f,0.6811f,0f,0f,0f,1f],start_interpolation: 0,interpolation_duration: 1}