# This file was generated by Animated Java via MC-Build. It is not recommended to edit this file directly.
$data merge entity $(bone_leftwing20) { transformation: [-2.529070749268829f,0.9536076643050261f,1.2025679518774097f,4.621633796551741f,-0.0324753949180126f,2.284221744290254f,-1.8796309432299798f,-1.2402606772687597f,-1.5344323396712005f,-1.620092453103037f,-1.9423063479999394f,3.8665612275704944f,0f,0f,0f,1f], start_interpolation: 0, interpolation_duration: 1 }
$data merge entity $(bone_leftwing21) { transformation: [-2.6217544597957594f,0.9535564918374062f,-0.9838345566685117f,4.621633796551741f,1.329462697081308f,2.284099168447356f,-1.3289908920856959f,-1.2402606772687597f,0.3312542152028898f,-1.6200055157474549f,-2.4528859817238717f,3.8665612275704944f,0f,0f,0f,1f], start_interpolation: 0, interpolation_duration: 1 }
$data merge entity $(bone_leftwing22) { transformation: [-1.115662462393509f,0.9553977604951467f,-2.5743225443000255f,4.621633796551741f,1.883147687360731f,2.2885096467420705f,0.03320477677774498f,-1.2402606772687597f,1.9984184322704863f,-1.6231336632741575f,-1.4684635009261313f,3.8665612275704944f,0f,0f,0f,1f], start_interpolation: 0, interpolation_duration: 1 }
$data merge entity $(bone_leftwing23) { transformation: [1.0596529189162442f,0.9401765704415749f,-2.5495388116813293f,4.621633796551741f,1.2637982536959202f,2.252049607046729f,1.3557400140883429f,-1.2402606772687597f,2.405596414578279f,-1.5972742495382053f,0.4108105480324677f,3.8665612275704944f,0f,0f,0f,1f], start_interpolation: 0, interpolation_duration: 1 }
$data merge entity $(bone_leftwing1) { transformation: [-1.6154458513342784f,0.6446925054456514f,0.9872721381813012f,2.1984650195503237f,-0.15466304809883163f,1.5442625876891856f,-1.2614802423408302f,-1.4722552494170071f,-1.1689371424330943f,-1.0952737711119123f,-1.1974812413372673f,2.113155513920853f,0f,0f,0f,1f], start_interpolation: 0, interpolation_duration: 1 }
$data merge entity $(bone_leftwing) { transformation: [-1.007310013033549f,0.5823723466296162f,0.0853234940363825f,0.6874999999999998f,0.42349079771911885f,0.8345595823765235f,-0.6966182303255194f,-0.837019052838329f,-0.408770342613902f,-0.5704944035271057f,-0.9319624743811719f,1.5f,0f,0f,0f,1f], start_interpolation: 0, interpolation_duration: 1 }
$data merge entity $(bone_rightwing20) { transformation: [-2.529070749268829f,-0.9536076643050257f,-1.202567951877409f,-4.621633796551741f,0.0324753949180126f,2.284221744290254f,-1.8796309432299798f,-1.2402606772687597f,1.5344323396711999f,-1.6200924531030374f,-1.9423063479999398f,3.866561227570493f,0f,0f,0f,1f], start_interpolation: 0, interpolation_duration: 1 }
$data merge entity $(bone_rightwing21) { transformation: [-2.6218951558597565f,-0.9536076643050257f,0.9838873540039875f,-4.621633796551741f,-1.3295340424996451f,2.284221744290254f,-1.3290622121846878f,-1.2402606772687597f,-0.33127199191118883f,-1.6200924531030374f,-2.453017615486054f,3.866561227570493f,0f,0f,0f,1f], start_interpolation: 0, interpolation_duration: 1 }
$data merge entity $(bone_rightwing22) { transformation: [-1.1135720836989256f,-0.9536076643050257f,2.5694991239726583f,-4.621633796551741f,-1.8796192977831463f,2.284221744290254f,0.03314256212028875f,-1.2402606772687597f,-1.9946740638306653f,-1.6200924531030374f,-1.4657120909615764f,3.866561227570493f,0f,0f,0f,1f], start_interpolation: 0, interpolation_duration: 1 }
$data merge entity $(bone_rightwing23) { transformation: [1.0596529189162442f,-0.9401765704415745f,2.5495388116813293f,-4.621633796551741f,-1.2637982536959202f,2.252049607046729f,1.3557400140883429f,-1.2402606772687597f,-2.4055964145782784f,-1.5972742495382057f,0.4108105480324683f,3.866561227570493f,0f,0f,0f,1f], start_interpolation: 0, interpolation_duration: 1 }
$data merge entity $(bone_rightwing1) { transformation: [-1.6154458513342784f,-0.6446925054456512f,-0.9872721381813009f,-2.1984650195503237f,0.15466304809883163f,1.5442625876891856f,-1.2614802423408302f,-1.4722552494170071f,1.1689371424330939f,-1.0952737711119125f,-1.1974812413372675f,2.1131555139208524f,0f,0f,0f,1f], start_interpolation: 0, interpolation_duration: 1 }
$data merge entity $(bone_rightwing) { transformation: [-1.007310013033549f,-0.5823723466296161f,-0.08532349403638227f,-0.6875000000000002f,-0.42349079771911885f,0.8345595823765235f,-0.6966182303255194f,-0.837019052838329f,0.4087703426139017f,-0.5704944035271059f,-0.9319624743811719f,1.4999999999999998f,0f,0f,0f,1f], start_interpolation: 0, interpolation_duration: 1 }
$data merge entity $(bone_head) { transformation: [-1.2269070000000002f,-3.9669424617110614e-18f,1.5020039671638604e-16f,-4.755332117676154e-16f,0f,1.2264793148601f,0.032392543421278654f,0.14085127080890905f,-1.5025277304014817e-16f,0.032392543421278654f,-1.2264793148601f,3.8830233508853347f,0f,0f,0f,1f], start_interpolation: 0, interpolation_duration: 1 }
$data merge entity $(bone_neck4) { transformation: [-1.0497600000000002f,1.58851163235059e-17f,1.275733387420455e-16f,-4.67063468211128e-16f,0f,1.0417153650413085f,-0.1297118184162629f,0.16529788731543352f,-1.2855852238729257e-16f,-0.1297118184162629f,-1.0417153650413085f,3.8138626462447447f,0f,0f,0f,1f], start_interpolation: 0, interpolation_duration: 1 }
$data merge entity $(bone_neck3) { transformation: [-1.1664000000000003f,3.251769889710713e-17f,1.3909229140420272e-16f,-4.0621059072178933e-16f,0f,1.1357747515532168f,-0.26552716195189685f,0.049129753961478645f,-1.428428026525473e-16f,-0.26552716195189685f,-1.1357747515532168f,3.3169611924402123f,0f,0f,0f,1f], start_interpolation: 0, interpolation_duration: 1 }
$data merge entity $(bone_neck2) { transformation: [-1.2960000000000003f,5.82504411999281e-17f,1.4763838041365634e-16f,-3.6930099561837527e-16f,0f,1.2055588641267665f,-0.4756509488326295f,-0.06978298324667873f,-1.58714225169497e-16f,-0.4756509488326295f,-1.2055588641267665f,3.0155714764085206f,0f,0f,0f,1f], start_interpolation: 0, interpolation_duration: 1 }
$data merge entity $(bone_neck1) { transformation: [-1.4400000000000002f,9.772158709403615e-17f,1.4679751451948694e-16f,-3.3260161698850355e-16f,0f,1.198692673035957f,-0.7979573144034161f,-0.26927231184753275f,-1.7634913907721887e-16f,-0.7979573144034161f,-1.198692673035957f,2.7158983081495314f,0f,0f,0f,1f], start_interpolation: 0, interpolation_duration: 1 }
$data merge entity $(bone_neck0) { transformation: [-1.6f,1.4480813221589233e-16f,1.3200172453528094e-16f,-3.086516941181766e-16f,0f,1.0778758792101175f,-1.1824481337534498f,-0.6322515877365276f,-1.9594348786357652e-16f,-1.1824481337534498f,-1.0778758792101175f,2.5203323467065926f,0f,0f,0f,1f], start_interpolation: 0, interpolation_duration: 1 }
$data merge entity $(bone_frontlegl) { transformation: [-0.992546151641322f,-0.11833909160415405f,0.029120375346231495f,0.42826083394497916f,-0.10554194733138723f,0.9541443229479241f,0.2801240945362364f,-0.9022550445166932f,-0.06093467170257386f,0.2749626708928891f,-0.9595220140257067f,2.1345371931770223f,0f,0f,0f,1f], start_interpolation: 0, interpolation_duration: 1 }
$data merge entity $(bone_frontlegtipleft) { transformation: [-0.992546151641322f,-0.09494483782162719f,0.07640428412744067f,0.8028088203468688f,-0.10554194733138723f,0.9831339877491072f,-0.14936016699922666f,-1.8785210534398855f,-0.06093467170257386f,-0.15631071589485812f,-0.9858265191609203f,1.8273369360824074f,0f,0f,0f,1f], start_interpolation: 0, interpolation_duration: 1 }
$data merge entity $(bone_frontfootleftd) { transformation: [-0.992546151641322f,-0.05875653330544314f,-0.10676987709990163f,0.9750583669963556f,-0.10554194733138723f,-0.02362837492301828f,0.9941340942005741f,-3.742733920200432f,-0.06093467170257364f,0.9979926701596677f,0.017250973655882185f,2.076899806026994f,0f,0f,0f,1f], start_interpolation: 0, interpolation_duration: 1 }
$data merge entity $(bone_frontfootleft) { transformation: [0.992546151641322f,0.09837440354023004f,-0.07193478706513104f,0.9470605462872f,0.10554194733138729f,-0.3987246426404583f,0.9109772536703302f,-3.310127392860983f,0.06093467170257375f,-0.9117791048709893f,-0.40613523573454774f,1.9572797946148295f,0f,0f,0f,1f], start_interpolation: 0, interpolation_duration: 1 }
$data merge entity $(bone_frontlegr) { transformation: [-0.992546151641322f,0.118339091604154f,-0.029120375346231263f,-0.8732140191369725f,0.10554194733138723f,0.9541443229479241f,0.2801240945362364f,-0.8815623467526177f,0.06093467170257361f,0.2749626708928891f,-0.9595220140257067f,2.1766325167543914f,0f,0f,0f,1f], start_interpolation: 0, interpolation_duration: 1 }
$data merge entity $(bone_frontlegtipright) { transformation: [-0.992546151641322f,0.09494483782162723f,-0.07640428412744044f,-0.7531413834823568f,0.10554194733138723f,0.9831339877491072f,-0.14936016699922666f,-1.87858345559544f,0.06093467170257361f,-0.15631071589485812f,-0.9858265191609203f,1.7565954920086078f,0f,0f,0f,1f], start_interpolation: 0, interpolation_duration: 1 }
$data merge entity $(bone_frontfootrightd) { transformation: [-0.992546151641322f,0.05875653330544333f,0.10676987709990163f,-0.9391962575408329f,0.10554194733138723f,-0.02362837492301828f,0.9941340942005741f,-3.695455763244167f,0.060934671702573835f,0.9979926701596677f,0.017250973655882185f,2.0465485132886148f,0f,0f,0f,1f], start_interpolation: 0, interpolation_duration: 1 }
$data merge entity $(bone_frontfootright) { transformation: [0.992546151641322f,-0.09837440354022997f,0.07193478706513096f,-0.8897932372346853f,-0.10554194733138718f,-0.3987246426404583f,0.9109772536703302f,-3.2545019395043573f,-0.060934671702573724f,-0.9117791048709893f,-0.40613523573454774f,1.9138761392442254f,0f,0f,0f,1f], start_interpolation: 0, interpolation_duration: 1 }
$data merge entity $(bone_rearlegl) { transformation: [-1.080694387781476f,0.04875230859219584f,-0.057740486105181024f,0.0010180870841313139f,0.06544511820257091f,1.0176565611938753f,-0.3656544421631153f,-3.28564151770839f,0.037784756611401064f,-0.36825187980117474f,-1.0181227707412448f,0.32263831916796215f,0f,0f,0f,1f], start_interpolation: 0, interpolation_duration: 1 }
$data merge entity $(bone_rearfootleftd) { transformation: [-0.9975640502598242f,0.03469295736135679f,0.06051747135115537f,0.529517239860525f,0.060410878340834695f,-0.004113472483909475f,0.9981651191672714f,-6.217761500123485f,0.034878236872062526f,0.9993895527038729f,0.0020076202452403713f,0.8055669431892503f,0f,0f,0f,1f], start_interpolation: 0, interpolation_duration: 1 }
$data merge entity $(bone_rearfootleft) { transformation: [-0.9975640502598242f,0.053298910250936346f,0.045002131008180755f,0.5671185687100163f,0.060410878340834695f,0.33752717738133764f,0.9393752872558846f,-5.529750092962398f,0.034878236872062526f,0.9398056345303796f,-0.33992481212416176f,0.6893443391701866f,0f,0f,0f,1f], start_interpolation: 0, interpolation_duration: 1 }
$data merge entity $(bone_rearlegtipleft) { transformation: [-0.9975640502598242f,0.06873351150642588f,-0.01190252180047791f,0.574248234687733f,0.060410878340834695f,0.9365615063588587f,0.3452579768592092f,-4.610991530260938f,0.034878236872062526f,0.34369790398374755f,-0.9384323414023383f,1.0938741542960841f,0f,0f,0f,1f], start_interpolation: 0, interpolation_duration: 1 }
$data merge entity $(bone_rearlegr) { transformation: [-1.080694387781476f,-0.04875230859219575f,0.05774048610518128f,-1.3755027858938318f,-0.06544511820257091f,1.0176565611938753f,-0.3656544421631153f,-3.373884137232003f,-0.037784756611401335f,-0.36825187980117474f,-1.0181227707412448f,0.2425873208057347f,0f,0f,0f,1f], start_interpolation: 0, interpolation_duration: 1 }
$data merge entity $(bone_rearfootrightd) { transformation: [-0.9975640502598242f,-0.03469295736135705f,-0.06051747135115538f,-0.5323513695629672f,-0.060410878340834695f,-0.004113472483909475f,0.9981651191672714f,-6.222939161928451f,-0.034878236872062776f,0.9993895527038729f,0.0020076202452403713f,0.773473520526109f,0f,0f,0f,1f], start_interpolation: 0, interpolation_duration: 1 }
$data merge entity $(bone_rearfootright) { transformation: [-0.9975640502598242f,-0.05329891025093659f,-0.04500213100818067f,-0.5699526984124585f,-0.060410878340834695f,0.33752717738133764f,0.9393752872558846f,-5.534927754767364f,-0.034878236872062776f,0.9398056345303796f,-0.33992481212416176f,0.6572509165070453f,0f,0f,0f,1f], start_interpolation: 0, interpolation_duration: 1 }
$data merge entity $(bone_rearlegtipright) { transformation: [-0.9975640502598242f,-0.06873351150642598f,0.011902521800478147f,-0.7017778706726534f,-0.060410878340834695f,0.9365615063588587f,0.3452579768592092f,-4.623720551858508f,-0.034878236872062776f,0.34369790398374755f,-0.9384323414023383f,1.057420952023935f,0f,0f,0f,1f], start_interpolation: 0, interpolation_duration: 1 }
$data merge entity $(bone_tail11) { transformation: [-0.2937340837125001f,-2.984516507143113e-17f,2.196623975074183e-17f,4.85360078968912e-16f,0f,0.2184007654853521f,0.24049465585576651f,-7.111351000753881f,-3.5972050541899386e-17f,0.243704267158584f,-0.1793679595295197f,-3.9632658110635535f,0f,0f,0f,1f], start_interpolation: 0, interpolation_duration: 1 }
$data merge entity $(bone_tail10) { transformation: [-0.39164544495000014f,-3.34088574048917e-17f,3.6403032982531073e-17f,4.648833729162383e-16f,0f,0.3474989369541859f,0.25858280021381036f,-7.25680382587415f,-4.796273405586585e-17f,0.27280402339803f,-0.29725332240999025f,-3.796060817207934f,0f,0f,0f,1f], start_interpolation: 0, interpolation_duration: 1 }
$data merge entity $(bone_tail9) { transformation: [-0.48955680618750014f,-3.066198110536385e-17f,5.3613664723184e-17f,4.3472568650944723e-16f,0f,0.49510830501691316f,0.21914587815826048f,-7.380073382338171f,-5.99534175698323e-17f,0.25037407623742547f,-0.43778879559814254f,-3.5498046196839788f,0f,0f,0f,1f], start_interpolation: 0, interpolation_duration: 1 }
$data merge entity $(bone_tail8) { transformation: [-0.5759491837500001f,-1.9981021508655878e-17f,6.986026932234017e-17f,3.9542928501563086e-16f,0f,0.6271732426977776f,0.11138924515082514f,-7.442729832735511f,-7.053343243509683e-17f,0.16315742238960199f,-0.5704523897909146f,-3.2289251504265892f,0f,0f,0f,1f], start_interpolation: 0, interpolation_duration: 1 }
$data merge entity $(bone_tail7) { transformation: [-0.6775872750000002f,-3.016224273779975e-18f,8.543092823350684e-17f,3.4737438788428325e-16f,0f,0.7476905284081696f,-0.05055575647283561f,-7.414292219719541f,-8.298050874717275e-17f,0.024629340279009232f,-0.6975964685735283f,-2.8365271368539795f,0f,0f,0f,1f], start_interpolation: 0, interpolation_duration: 1 }
$data merge entity $(bone_tail6) { transformation: [-0.7971615000000002f,1.9413523706215407e-17f,9.867805655261667e-17f,2.918679810734364e-16f,0f,0.8430295611768034f,-0.2580659987695193f,-7.269130095411686f,-9.76241279378503e-17f,-0.15852345116756827f,-0.8057674802344659f,-2.3832829292220925f,0f,0f,0f,1f], start_interpolation: 0, interpolation_duration: 1 }
$data merge entity $(bone_tail5) { transformation: [-0.8857350000000002f,4.3225118482599775e-17f,1.0304518333396113e-16f,2.3390506544808324e-16f,0f,0.8596897974643112f,-0.469637365971964f,-7.004959077052456f,-1.0847125326427811e-16f,-0.3529598780047831f,-0.8414277766104088f,-1.9099798048787375f,0f,0f,0f,1f], start_interpolation: 0, interpolation_duration: 1 }
$data merge entity $(bone_tail4) { transformation: [-0.9841500000000002f,6.667075593935271e-17f,1.0474118025375642e-16f,1.7498815155534523e-16f,0f,0.8533864116757605f,-0.675614421410743f,-6.624925965008914f,-1.205236147380868e-16f,-0.5444080365520205f,-0.8552766424301383f,-1.4288866935117848f,0f,0f,0f,1f], start_interpolation: 0, interpolation_duration: 1 }
$data merge entity $(bone_tail3) { transformation: [-1.0935000000000001f,8.93351456849807e-17f,1.0512357368145404e-16f,1.1585614135952732e-16f,0f,0.8363309561548538f,-0.8735970373644402f,-6.133527631491416f,-1.339151274867631e-16f,-0.7294768234169993f,-0.8583991217275477f,-0.9460371875400393f,0f,0f,0f,1f], start_interpolation: 0, interpolation_duration: 1 }
$data merge entity $(bone_tail2) { transformation: [-1.215f,1.1191144232755714e-16f,1.0474634587934564e-16f,5.69363218023954e-17f,0f,0.8127306849389841f,-1.0701280685208494f,-5.531580592948439f,-1.4879458609640342e-16f,-0.9138262755063278f,-0.8553188229640916f,-0.4649203496227377f,0f,0f,0f,1f], start_interpolation: 0, interpolation_duration: 1 }
$data merge entity $(bone_tail1) { transformation: [-1.35f,1.3583476331278406e-16f,1.0274378254761503e-16f,-8.570558806380586e-19f,0f,0.7737452708207404f,-1.2769432233781466f,-4.813300029798231f,-1.6532731788489269e-16f,-1.109175016072859f,-0.8389666524188791f,0.0069983923628818f,0f,0f,0f,1f], start_interpolation: 0, interpolation_duration: 1 }
$data merge entity $(bone_tail0) { transformation: [-1.5f,1.6272032307376834e-16f,9.661087731128904e-17f,-1.4520593599796056e-17f,0f,0.6960773653644939f,-1.5058739081232944f,-3.7922266151377544f,-1.8369701987210297e-16f,-1.3287122718734952f,-0.7888876807464266f,0.11856964481437293f,0f,0f,0f,1f], start_interpolation: 0, interpolation_duration: 1 }