# This file was generated by Animated Java via MC-Build. It is not recommended to edit this file directly.
$data merge entity $(bone_leftwing20) {transformation: [-1.7147f,2.0081f,1.3338f,3.4488f,0.6212f,1.9495f,-2.1366f,-1.9606f,-2.3293f,-0.9584f,-1.5517f,5.5588f,0f,0f,0f,1f],start_interpolation: 0,interpolation_duration: 1}
$data merge entity $(bone_leftwing21) {transformation: [-2.1505f,2.008f,-0.3069f,3.4488f,1.9684f,1.9494f,-1.0373f,-1.9606f,-0.5019f,-0.9583f,-2.7533f,5.5588f,0f,0f,0f,1f],start_interpolation: 0,interpolation_duration: 1}
$data merge entity $(bone_leftwing22) {transformation: [-1.2755f,2.0119f,-1.7635f,3.4488f,2.1176f,1.9532f,0.6967f,-1.9606f,1.6351f,-0.9602f,-2.278f,5.5588f,0f,0f,0f,1f],start_interpolation: 0,interpolation_duration: 1}
$data merge entity $(bone_leftwing23) {transformation: [0.3764f,1.9798f,-2.1084f,3.4488f,0.9544f,1.9221f,1.9753f,-1.9606f,2.7303f,-0.9449f,-0.3998f,5.5588f,0f,0f,0f,1f],start_interpolation: 0,interpolation_duration: 1}
$data merge entity $(bone_leftwing1) {transformation: [-1.0586f,1.3576f,1.0179f,1.8609f,0.2667f,1.318f,-1.4805f,-1.5606f,-1.6758f,-0.6479f,-0.8787f,3.0452f,0f,0f,0f,1f],start_interpolation: 0,interpolation_duration: 1}
$data merge entity $(bone_leftwing) {transformation: [-0.7822f,0.8291f,0.2487f,0.6875f,0.5657f,0.7434f,-0.6989f,-0.712f,-0.6551f,-0.348f,-0.9005f,2.0625f,0f,0f,0f,1f],start_interpolation: 0,interpolation_duration: 1}
$data merge entity $(bone_rightwing20) {transformation: [-1.7147f,-2.0081f,-1.3338f,-3.4488f,-0.6212f,1.9495f,-2.1366f,-1.9606f,2.3293f,-0.9584f,-1.5517f,5.5588f,0f,0f,0f,1f],start_interpolation: 0,interpolation_duration: 1}
$data merge entity $(bone_rightwing21) {transformation: [-2.1506f,-2.0081f,0.3069f,-3.4488f,-1.9685f,1.9495f,-1.0374f,-1.9606f,0.5019f,-0.9584f,-2.7534f,5.5588f,0f,0f,0f,1f],start_interpolation: 0,interpolation_duration: 1}
$data merge entity $(bone_rightwing22) {transformation: [-1.2731f,-2.0081f,1.7602f,-3.4488f,-2.1136f,1.9495f,0.6954f,-1.9606f,-1.632f,-0.9584f,-2.2737f,5.5588f,0f,0f,0f,1f],start_interpolation: 0,interpolation_duration: 1}
$data merge entity $(bone_rightwing23) {transformation: [0.3764f,-1.9798f,2.1084f,-3.4488f,-0.9544f,1.9221f,1.9753f,-1.9606f,-2.7303f,-0.9449f,-0.3998f,5.5588f,0f,0f,0f,1f],start_interpolation: 0,interpolation_duration: 1}
$data merge entity $(bone_rightwing1) {transformation: [-1.0586f,-1.3576f,-1.0179f,-1.8609f,-0.2667f,1.318f,-1.4805f,-1.5606f,1.6758f,-0.6479f,-0.8787f,3.0452f,0f,0f,0f,1f],start_interpolation: 0,interpolation_duration: 1}
$data merge entity $(bone_rightwing) {transformation: [-0.7822f,-0.8291f,-0.2487f,-0.6875f,-0.5657f,0.7434f,-0.6989f,-0.712f,0.6551f,-0.348f,-0.9005f,2.0625f,0f,0f,0f,1f],start_interpolation: 0,interpolation_duration: 1}
$data merge entity $(bone_eyebrow) {transformation: [-0.8923f,0f,0f,0f,0f,0.8923f,0.0041f,0.7026f,0f,0.0041f,-0.8923f,6.0648f,0f,0f,0f,1f],start_interpolation: 0,interpolation_duration: 1}
$data merge entity $(bone_head) {transformation: [-1.2269f,0f,0f,0f,0f,1.2269f,0.0056f,0.2807f,0f,0.0056f,-1.2269f,4.4495f,0f,0f,0f,1f],start_interpolation: 0,interpolation_duration: 1}
$data merge entity $(bone_neck4) {transformation: [-1.0498f,0f,0f,0f,0f,1.037f,-0.1634f,0.3029f,0f,-0.1634f,-1.037f,4.3796f,0f,0f,0f,1f],start_interpolation: 0,interpolation_duration: 1}
$data merge entity $(bone_neck3) {transformation: [-1.1664f,0f,0f,0f,0f,1.1265f,-0.3024f,0.1705f,0f,-0.3024f,-1.1265f,3.8868f,0f,0f,0f,1f],start_interpolation: 0,interpolation_duration: 1}
$data merge entity $(bone_neck2) {transformation: [-1.296f,0f,0f,0f,0f,1.1999f,-0.4897f,0.0481f,0f,-0.4897f,-1.1999f,3.5868f,0f,0f,0f,1f],start_interpolation: 0,interpolation_duration: 1}
$data merge entity $(bone_neck1) {transformation: [-1.44f,0f,0f,0f,0f,1.2082f,-0.7835f,-0.1478f,0f,-0.7835f,-1.2082f,3.2847f,0f,0f,0f,1f],start_interpolation: 0,interpolation_duration: 1}
$data merge entity $(bone_neck0) {transformation: [-1.6f,0f,0f,0f,0f,1.0984f,-1.1634f,-0.5073f,0f,-1.1634f,-1.0984f,3.0828f,0f,0f,0f,1f],start_interpolation: 0,interpolation_duration: 1}
$data merge entity $(bone_frontlegl) {transformation: [-0.9925f,-0.1186f,0.0281f,0.4282f,-0.1055f,0.9517f,0.2885f,-0.7772f,-0.0609f,0.2834f,-0.9571f,2.6976f,0f,0f,0f,1f],start_interpolation: 0,interpolation_duration: 1}
$data merge entity $(bone_frontlegtipleft) {transformation: [-0.9925f,-0.0956f,0.0756f,0.803f,-0.1055f,0.9844f,-0.1407f,-1.7505f,-0.0609f,-0.1477f,-0.9872f,2.3816f,0f,0f,0f,1f],start_interpolation: 0,interpolation_duration: 1}
$data merge entity $(bone_frontfootleftd) {transformation: [-0.9925f,-0.0578f,-0.1073f,0.9765f,-0.1055f,-0.0323f,0.9939f,-3.6167f,-0.0609f,0.9978f,0.026f,2.6148f,0f,0f,0f,1f],start_interpolation: 0,interpolation_duration: 1}
$data merge entity $(bone_frontfootleft) {transformation: [0.9925f,0.0977f,-0.0728f,0.9481f,0.1055f,-0.3907f,0.9144f,-3.1831f,0.0609f,-0.9153f,-0.3981f,2.4989f,0f,0f,0f,1f],start_interpolation: 0,interpolation_duration: 1}
$data merge entity $(bone_frontlegr) {transformation: [-0.9925f,0.1186f,-0.0281f,-0.8732f,0.1055f,0.9517f,0.2885f,-0.7563f,0.0609f,0.2834f,-0.9571f,2.739f,0f,0f,0f,1f],start_interpolation: 0,interpolation_duration: 1}
$data merge entity $(bone_frontlegtipright) {transformation: [-0.9925f,0.0956f,-0.0756f,-0.7533f,0.1055f,0.9844f,-0.1407f,-1.7497f,0.0609f,-0.1477f,-0.9872f,2.3104f,0f,0f,0f,1f],start_interpolation: 0,interpolation_duration: 1}
$data merge entity $(bone_frontfootrightd) {transformation: [-0.9925f,0.0578f,0.1073f,-0.9405f,0.1055f,-0.0323f,0.9939f,-3.5689f,0.0609f,0.9978f,0.026f,2.5844f,0f,0f,0f,1f],start_interpolation: 0,interpolation_duration: 1}
$data merge entity $(bone_frontfootright) {transformation: [0.9925f,-0.0977f,0.0728f,-0.8908f,-0.1055f,-0.3907f,0.9144f,-3.1269f,-0.0609f,-0.9153f,-0.3981f,2.4556f,0f,0f,0f,1f],start_interpolation: 0,interpolation_duration: 1}
$data merge entity $(bone_rearlegl) {transformation: [-1.0807f,0.0493f,-0.0573f,0.0012f,0.0654f,1.0208f,-0.3567f,-3.1588f,0.0378f,-0.3593f,-1.0213f,0.8861f,0f,0f,0f,1f],start_interpolation: 0,interpolation_duration: 1}
$data merge entity $(bone_rearfootleftd) {transformation: [-0.9976f,0.0342f,0.0608f,0.5285f,0.0604f,-0.0129f,0.9981f,-6.0952f,0.0349f,0.9993f,0.0108f,1.3436f,0f,0f,0f,1f],start_interpolation: 0,interpolation_duration: 1}
$data merge entity $(bone_rearfootleft) {transformation: [-0.9976f,0.0529f,0.0455f,0.5664f,0.0604f,0.3293f,0.9423f,-5.4062f,0.0349f,0.9427f,-0.3317f,1.2335f,0f,0f,0f,1f],start_interpolation: 0,interpolation_duration: 1}
$data merge entity $(bone_rearlegtipleft) {transformation: [-0.9976f,0.0688f,-0.0113f,0.5736f,0.0604f,0.9335f,0.3534f,-4.491f,0.0349f,0.3519f,-0.9354f,1.646f,0f,0f,0f,1f],start_interpolation: 0,interpolation_duration: 1}
$data merge entity $(bone_rearlegr) {transformation: [-1.0807f,-0.0493f,0.0573f,-1.3757f,-0.0654f,1.0208f,-0.3567f,-3.2468f,-0.0378f,-0.3593f,-1.0213f,0.806f,0f,0f,0f,1f],start_interpolation: 0,interpolation_duration: 1}
$data merge entity $(bone_rearfootrightd) {transformation: [-0.9976f,-0.0608f,0.0342f,-0.5314f,-0.0604f,0.9981f,0.0129f,-6.1001f,-0.0349f,0.0108f,-0.9993f,1.3115f,0f,0f,0f,1f],start_interpolation: 0,interpolation_duration: 1}
$data merge entity $(bone_rearfootright) {transformation: [-0.9976f,-0.0529f,-0.0455f,-0.5692f,-0.0604f,0.3293f,0.9423f,-5.4111f,-0.0349f,0.9427f,-0.3317f,1.2013f,0f,0f,0f,1f],start_interpolation: 0,interpolation_duration: 1}
$data merge entity $(bone_rearlegtipright) {transformation: [-0.9976f,-0.0688f,0.0113f,-0.7011f,-0.0604f,0.9335f,0.3534f,-4.5035f,-0.0349f,0.3519f,-0.9354f,1.6095f,0f,0f,0f,1f],start_interpolation: 0,interpolation_duration: 1}
$data merge entity $(bone_tail11) {transformation: [-0.2937f,0f,0f,0f,0f,0.2135f,0.2456f,-6.8524f,0f,0.2466f,-0.1743f,-3.3398f,0f,0f,0f,1f],start_interpolation: 0,interpolation_duration: 1}
$data merge entity $(bone_tail10) {transformation: [-0.3916f,0f,0f,0f,0f,0.3355f,0.2751f,-7.0072f,0f,0.2852f,-0.2843f,-3.1799f,0f,0f,0f,1f],start_interpolation: 0,interpolation_duration: 1}
$data merge entity $(bone_tail9) {transformation: [-0.4896f,0f,0f,0f,0f,0.4798f,0.2529f,-7.1494f,0f,0.2781f,-0.4196f,-2.9439f,0f,0f,0f,1f],start_interpolation: 0,interpolation_duration: 1}
$data merge entity $(bone_tail8) {transformation: [-0.5759f,0f,0f,0f,0f,0.6172f,0.1617f,-7.2404f,0f,0.2067f,-0.555f,-2.6317f,0f,0f,0f,1f],start_interpolation: 0,interpolation_duration: 1}
$data merge entity $(bone_tail7) {transformation: [-0.6776f,0f,0f,0f,0f,0.7506f,0.0099f,-7.246f,0f,0.0789f,-0.6922f,-2.2423f,0f,0f,0f,1f],start_interpolation: 0,interpolation_duration: 1}
$data merge entity $(bone_tail6) {transformation: [-0.7972f,0f,0f,0f,0f,0.8602f,-0.1997f,-7.1336f,0f,-0.1045f,-0.813f,-1.785f,0f,0f,0f,1f],start_interpolation: 0,interpolation_duration: 1}
$data merge entity $(bone_tail5) {transformation: [-0.8857f,0f,0f,0f,0f,0.8827f,-0.4286f,-6.8926f,0f,-0.3138f,-0.855f,-1.3041f,0f,0f,0f,1f],start_interpolation: 0,interpolation_duration: 1}
$data merge entity $(bone_tail4) {transformation: [-0.9842f,0f,0f,0f,0f,0.8699f,-0.6571f,-6.5229f,0f,-0.526f,-0.8644f,-0.8179f,0f,0f,0f,1f],start_interpolation: 0,interpolation_duration: 1}
$data merge entity $(bone_tail3) {transformation: [-1.0935f,0f,0f,0f,0f,0.8369f,-0.8759f,-6.0303f,0f,-0.7311f,-0.8542f,-0.3374f,0f,0f,0f,1f],start_interpolation: 0,interpolation_duration: 1}
$data merge entity $(bone_tail2) {transformation: [-1.215f,0f,0f,0f,0f,0.7952f,-1.086f,-5.4194f,0f,-0.929f,-0.8352f,0.1324f,0f,0f,0f,1f],start_interpolation: 0,interpolation_duration: 1}
$data merge entity $(bone_tail1) {transformation: [-1.35f,0f,0f,0f,0f,0.7454f,-1.2965f,-4.6901f,0f,-1.1281f,-0.8088f,0.5874f,0f,0f,0f,1f],start_interpolation: 0,interpolation_duration: 1}
$data merge entity $(bone_tail0) {transformation: [-1.5f,0f,0f,0f,0f,0.6727f,-1.5195f,-3.6672f,0f,-1.3407f,-0.7624f,0.6811f,0f,0f,0f,1f],start_interpolation: 0,interpolation_duration: 1}