# This file was generated by Animated Java via MC-Build. It is not recommended to edit this file directly.
$data merge entity $(bone_leftwing20) {transformation: [-0.8417f,2.6021f,1.128f,2.3498f,1.0312f,1.3768f,-2.4068f,-2.438f,-2.642f,-0.2916f,-1.2987f,6.0076f,0f,0f,0f,1f],start_interpolation: 0,interpolation_duration: 1}
$data merge entity $(bone_leftwing21) {transformation: [-1.396f,2.602f,0.1781f,2.3498f,2.4475f,1.3768f,-0.9301f,-2.438f,-0.901f,-0.2916f,-2.8025f,6.0076f,0f,0f,0f,1f],start_interpolation: 0,interpolation_duration: 1}
$data merge entity $(bone_leftwing22) {transformation: [-1.1f,2.607f,-0.8822f,2.3498f,2.3738f,1.3794f,1.1166f,-2.438f,1.3928f,-0.2921f,-2.5999f,6.0076f,0f,0f,0f,1f],start_interpolation: 0,interpolation_duration: 1}
$data merge entity $(bone_leftwing23) {transformation: [-0.1275f,2.5655f,-1.3817f,2.3498f,0.8323f,1.3575f,2.4437f,-2.438f,2.7925f,-0.2875f,-0.7914f,6.0076f,0f,0f,0f,1f],start_interpolation: 0,interpolation_duration: 1}
$data merge entity $(bone_leftwing1) {transformation: [-0.4862f,1.7592f,0.8179f,1.6205f,0.5232f,0.9308f,-1.6911f,-1.6531f,-1.8681f,-0.1971f,-0.6865f,3.2054f,0f,0f,0f,1f],start_interpolation: 0,interpolation_duration: 1}
$data merge entity $(bone_leftwing) {transformation: [-0.622f,0.9415f,0.2963f,0.6875f,0.6274f,0.6475f,-0.7404f,-0.712f,-0.762f,-0.2354f,-0.8515f,2.0625f,0f,0f,0f,1f],start_interpolation: 0,interpolation_duration: 1}
$data merge entity $(bone_rightwing20) {transformation: [-0.8417f,-2.6021f,-1.128f,-2.3498f,-1.0312f,1.3768f,-2.4068f,-2.438f,2.642f,-0.2916f,-1.2987f,6.0076f,0f,0f,0f,1f],start_interpolation: 0,interpolation_duration: 1}
$data merge entity $(bone_rightwing21) {transformation: [-1.3961f,-2.6021f,-0.1781f,-2.3498f,-2.4476f,1.3768f,-0.9301f,-2.438f,0.901f,-0.2916f,-2.8027f,6.0076f,0f,0f,0f,1f],start_interpolation: 0,interpolation_duration: 1}
$data merge entity $(bone_rightwing22) {transformation: [-1.0979f,-2.6021f,0.8805f,-2.3498f,-2.3694f,1.3768f,1.1145f,-2.438f,-1.3901f,-0.2916f,-2.595f,6.0076f,0f,0f,0f,1f],start_interpolation: 0,interpolation_duration: 1}
$data merge entity $(bone_rightwing23) {transformation: [-0.1275f,-2.5655f,1.3817f,-2.3498f,-0.8323f,1.3575f,2.4437f,-2.438f,-2.7925f,-0.2875f,-0.7914f,6.0076f,0f,0f,0f,1f],start_interpolation: 0,interpolation_duration: 1}
$data merge entity $(bone_rightwing1) {transformation: [-0.4862f,-1.7592f,-0.8179f,-1.6205f,-0.5232f,0.9308f,-1.6911f,-1.6531f,1.8681f,-0.1971f,-0.6865f,3.2054f,0f,0f,0f,1f],start_interpolation: 0,interpolation_duration: 1}
$data merge entity $(bone_rightwing) {transformation: [-0.622f,-0.9415f,-0.2963f,-0.6875f,-0.6274f,0.6475f,-0.7404f,-0.712f,0.762f,-0.2354f,-0.8515f,2.0625f,0f,0f,0f,1f],start_interpolation: 0,interpolation_duration: 1}
$data merge entity $(bone_eyebrow) {transformation: [-0.8923f,0f,0f,0f,0f,0.8922f,-0.0159f,0.771f,0f,-0.0159f,-0.8922f,6.0482f,0f,0f,0f,1f],start_interpolation: 0,interpolation_duration: 1}
$data merge entity $(bone_head) {transformation: [-1.2269f,0f,0f,0f,0f,1.2267f,-0.0219f,0.3129f,0f,-0.0219f,-1.2267f,4.4428f,0f,0f,0f,1f],start_interpolation: 0,interpolation_duration: 1}
$data merge entity $(bone_neck4) {transformation: [-1.0498f,0f,0f,0f,0f,1.0306f,-0.1994f,0.3327f,0f,-0.1994f,-1.0306f,4.3721f,0f,0f,0f,1f],start_interpolation: 0,interpolation_duration: 1}
$data merge entity $(bone_neck3) {transformation: [-1.1664f,0f,0f,0f,0f,1.1121f,-0.3519f,0.1787f,0f,-0.3519f,-1.1121f,3.8856f,0f,0f,0f,1f],start_interpolation: 0,interpolation_duration: 1}
$data merge entity $(bone_neck2) {transformation: [-1.296f,0f,0f,0f,0f,1.1848f,-0.5252f,0.0474f,0f,-0.5252f,-1.1848f,3.5894f,0f,0f,0f,1f],start_interpolation: 0,interpolation_duration: 1}
$data merge entity $(bone_neck1) {transformation: [-1.44f,0f,0f,0f,0f,1.2048f,-0.7887f,-0.1497f,0f,-0.7887f,-1.2048f,3.2882f,0f,0f,0f,1f],start_interpolation: 0,interpolation_duration: 1}
$data merge entity $(bone_neck0) {transformation: [-1.6f,0f,0f,0f,0f,1.1097f,-1.1526f,-0.5073f,0f,-1.1526f,-1.1097f,3.0828f,0f,0f,0f,1f],start_interpolation: 0,interpolation_duration: 1}
$data merge entity $(bone_frontlegl) {transformation: [-0.9925f,-0.1187f,0.0275f,0.4282f,-0.1055f,0.9502f,0.2931f,-0.7771f,-0.0609f,0.288f,-0.9557f,2.6979f,0f,0f,0f,1f],start_interpolation: 0,interpolation_duration: 1}
$data merge entity $(bone_frontlegtipleft) {transformation: [-0.9925f,-0.096f,0.0751f,0.8031f,-0.1055f,0.9851f,-0.136f,-1.7488f,-0.0609f,-0.1429f,-0.9879f,2.377f,0f,0f,0f,1f],start_interpolation: 0,interpolation_duration: 1}
$data merge entity $(bone_frontfootleftd) {transformation: [-0.9925f,-0.0573f,-0.1076f,0.9772f,-0.1055f,-0.0372f,0.9937f,-3.6161f,-0.0609f,0.9977f,0.0308f,2.6011f,0f,0f,0f,1f],start_interpolation: 0,interpolation_duration: 1}
$data merge entity $(bone_frontfootleft) {transformation: [0.9925f,0.0974f,-0.0733f,0.9487f,0.1055f,-0.3863f,0.9163f,-3.1819f,0.0609f,-0.9172f,-0.3937f,2.4874f,0f,0f,0f,1f],start_interpolation: 0,interpolation_duration: 1}
$data merge entity $(bone_frontlegr) {transformation: [-0.9925f,0.1187f,-0.0275f,-0.8732f,0.1055f,0.9502f,0.2931f,-0.7562f,0.0609f,0.288f,-0.9557f,2.7389f,0f,0f,0f,1f],start_interpolation: 0,interpolation_duration: 1}
$data merge entity $(bone_frontlegtipright) {transformation: [-0.9925f,0.096f,-0.0751f,-0.7533f,0.1055f,0.9851f,-0.136f,-1.7475f,0.0609f,-0.1429f,-0.9879f,2.3056f,0f,0f,0f,1f],start_interpolation: 0,interpolation_duration: 1}
$data merge entity $(bone_frontfootrightd) {transformation: [-0.9925f,0.0573f,0.1076f,-0.9413f,0.1055f,-0.0372f,0.9937f,-3.568f,0.0609f,0.9977f,0.0308f,2.5707f,0f,0f,0f,1f],start_interpolation: 0,interpolation_duration: 1}
$data merge entity $(bone_frontfootright) {transformation: [0.9925f,-0.0974f,0.0733f,-0.8913f,-0.1055f,-0.3863f,0.9163f,-3.1253f,-0.0609f,-0.9172f,-0.3937f,2.4441f,0f,0f,0f,1f],start_interpolation: 0,interpolation_duration: 1}
$data merge entity $(bone_rearlegl) {transformation: [-1.0807f,0.0495f,-0.0571f,0.0012f,0.0654f,1.0225f,-0.3518f,-3.1578f,0.0378f,-0.3543f,-1.023f,0.8866f,0f,0f,0f,1f],start_interpolation: 0,interpolation_duration: 1}
$data merge entity $(bone_rearfootleftd) {transformation: [-0.9976f,0.0339f,0.061f,0.528f,0.0604f,-0.0177f,0.998f,-6.0965f,0.0349f,0.9993f,0.0156f,1.3301f,0f,0f,0f,1f],start_interpolation: 0,interpolation_duration: 1}
$data merge entity $(bone_rearfootleft) {transformation: [-0.9976f,0.0527f,0.0457f,0.566f,0.0604f,0.3247f,0.9439f,-5.407f,0.0349f,0.9444f,-0.3271f,1.2232f,0f,0f,0f,1f],start_interpolation: 0,interpolation_duration: 1}
$data merge entity $(bone_rearlegtipleft) {transformation: [-0.9976f,0.0689f,-0.011f,0.5732f,0.0604f,0.9318f,0.358f,-4.4938f,0.0349f,0.3565f,-0.9337f,1.6402f,0f,0f,0f,1f],start_interpolation: 0,interpolation_duration: 1}
$data merge entity $(bone_rearlegr) {transformation: [-1.0807f,-0.0495f,0.0571f,-1.3757f,-0.0654f,1.0225f,-0.3518f,-3.2456f,-0.0378f,-0.3543f,-1.023f,0.8065f,0f,0f,0f,1f],start_interpolation: 0,interpolation_duration: 1}
$data merge entity $(bone_rearfootrightd) {transformation: [-0.9976f,-0.061f,0.0339f,-0.5308f,-0.0604f,0.998f,0.0177f,-6.1012f,-0.0349f,0.0156f,-0.9993f,1.2979f,0f,0f,0f,1f],start_interpolation: 0,interpolation_duration: 1}
$data merge entity $(bone_rearfootright) {transformation: [-0.9976f,-0.0527f,-0.0457f,-0.5688f,-0.0604f,0.3247f,0.9439f,-5.4117f,-0.0349f,0.9444f,-0.3271f,1.1911f,0f,0f,0f,1f],start_interpolation: 0,interpolation_duration: 1}
$data merge entity $(bone_rearlegtipright) {transformation: [-0.9976f,-0.0689f,0.011f,-0.7008f,-0.0604f,0.9318f,0.358f,-4.5061f,-0.0349f,0.3565f,-0.9337f,1.6037f,0f,0f,0f,1f],start_interpolation: 0,interpolation_duration: 1}
$data merge entity $(bone_tail11) {transformation: [-0.2937f,0f,0f,0f,0f,0.2094f,0.2494f,-6.6332f,0f,0.2491f,-0.1702f,-3.332f,0f,0f,0f,1f],start_interpolation: 0,interpolation_duration: 1}
$data merge entity $(bone_tail10) {transformation: [-0.3916f,0f,0f,0f,0f,0.324f,0.2891f,-6.7959f,0f,0.2961f,-0.2723f,-3.1788f,0f,0f,0f,1f],start_interpolation: 0,interpolation_duration: 1}
$data merge entity $(bone_tail9) {transformation: [-0.4896f,0f,0f,0f,0f,0.4623f,0.2844f,-6.9558f,0f,0.3044f,-0.4002f,-2.9537f,0f,0f,0f,1f],start_interpolation: 0,interpolation_duration: 1}
$data merge entity $(bone_tail8) {transformation: [-0.5759f,0f,0f,0f,0f,0.6016f,0.2142f,-7.0764f,0f,0.2525f,-0.535f,-2.6527f,0f,0f,0f,1f],start_interpolation: 0,interpolation_duration: 1}
$data merge entity $(bone_tail7) {transformation: [-0.6776f,0f,0f,0f,0f,0.7469f,0.0813f,-7.1221f,0f,0.1431f,-0.6811f,-2.2696f,0f,0f,0f,1f],start_interpolation: 0,interpolation_duration: 1}
$data merge entity $(bone_tail6) {transformation: [-0.7972f,0f,0f,0f,0f,0.8758f,-0.1197f,-7.0547f,0f,-0.0303f,-0.8182f,-1.8094f,0f,0f,0f,1f],start_interpolation: 0,interpolation_duration: 1}
$data merge entity $(bone_tail5) {transformation: [-0.8857f,0f,0f,0f,0f,0.9142f,-0.3589f,-6.8528f,0f,-0.2473f,-0.8755f,-1.3169f,0f,0f,0f,1f],start_interpolation: 0,interpolation_duration: 1}
$data merge entity $(bone_tail4) {transformation: [-0.9842f,0f,0f,0f,0f,0.9057f,-0.6086f,-6.5105f,0f,-0.4783f,-0.8906f,-0.816f,0f,0f,0f,1f],start_interpolation: 0,interpolation_duration: 1}
$data merge entity $(bone_tail3) {transformation: [-1.0935f,0f,0f,0f,0f,0.8634f,-0.8512f,-6.0317f,0f,-0.7058f,-0.8737f,-0.3245f,0f,0f,0f,1f],start_interpolation: 0,interpolation_duration: 1}
$data merge entity $(bone_tail2) {transformation: [-1.215f,0f,0f,0f,0f,0.804f,-1.0809f,-5.4237f,0f,-0.923f,-0.84f,0.148f,0f,0f,0f,1f],start_interpolation: 0,interpolation_duration: 1}
$data merge entity $(bone_tail1) {transformation: [-1.35f,0f,0f,0f,0f,0.7376f,-1.3026f,-4.691f,0f,-1.1333f,-0.7989f,0.5974f,0f,0f,0f,1f],start_interpolation: 0,interpolation_duration: 1}
$data merge entity $(bone_tail0) {transformation: [-1.5f,0f,0f,0f,0f,0.6596f,-1.5268f,-3.6672f,0f,-1.3472f,-0.7476f,0.6811f,0f,0f,0f,1f],start_interpolation: 0,interpolation_duration: 1}