# This file was generated by Animated Java via MC-Build. It is not recommended to edit this file directly.
$data merge entity $(bone_leftwing20) { transformation: [-0.8416556514532276f,2.602119496075376f,1.1279742920972895f,2.3497628285344527f,1.0311781961943538f,1.3768433909448856f,-2.4068049184792395f,-2.562981319077484f,-2.641973391838251f,-0.2915690588298559f,-1.29873022289576f,5.445121498410748f,0f,0f,0f,1f], start_interpolation: 0, interpolation_duration: 1 }
$data merge entity $(bone_leftwing21) { transformation: [-1.3959850300610366f,2.601979861212276f,0.17811081710711518f,2.3497628285344527f,2.44749579043579f,1.376769506813625f,-0.9300897517909738f,-2.562981319077484f,-0.9009922403239183f,-0.2915534126592342f,-2.8025000367390147f,5.445121498410748f,0f,0f,0f,1f], start_interpolation: 0, interpolation_duration: 1 }
$data merge entity $(bone_leftwing22) { transformation: [-1.0999747872356864f,2.607004150813924f,-0.88216154865717f,2.3497628285344527f,2.373798863843047f,1.3794279780877747f,1.1166385181116472f,-2.562981319077484f,1.3927521654291934f,-0.2921163873391635f,-2.5999103051422083f,5.445121498410748f,0f,0f,0f,1f], start_interpolation: 0, interpolation_duration: 1 }
$data merge entity $(bone_leftwing23) { transformation: [-0.12746909277731638f,2.5654699257081166f,-1.3816874230874925f,2.3497628285344527f,0.8322626277320908f,1.357451230509042f,2.443687688661218f,-2.562981319077484f,2.7924961939654356f,-0.28746245236746354f,-0.7913752520845472f,5.445121498410748f,0f,0f,0f,1f], start_interpolation: 0, interpolation_duration: 1 }
$data merge entity $(bone_leftwing1) { transformation: [-0.48617885366016916f,1.759179377628423f,0.8178740976339547f,1.6204945480441992f,0.5232335828470855f,0.930823700920486f,-1.6910925035567073f,-1.7781309448068556f,-1.8681158261828108f,-0.19711711019483216f,-0.6865042642502321f,2.642947759136532f,0f,0f,0f,1f], start_interpolation: 0, interpolation_duration: 1 }
$data merge entity $(bone_leftwing) { transformation: [-0.6219963653627998f,0.9414959010370678f,0.2963395027953195f,0.6874999999999998f,0.6274079279790178f,0.6475341678621287f,-0.7403849704520529f,-0.837019052838329f,-0.7619651727576879f,-0.23536372042566603f,-0.8515421925676065f,1.5f,0f,0f,0f,1f], start_interpolation: 0, interpolation_duration: 1 }
$data merge entity $(bone_rightwing20) { transformation: [-0.8416556514532285f,-2.6021194960753764f,-1.1279742920972893f,-2.349762828534455f,-1.0311781961943538f,1.3768433909448856f,-2.4068049184792395f,-2.562981319077484f,2.641973391838251f,-0.2915690588298567f,-1.2987302228957605f,5.445121498410747f,0f,0f,0f,1f], start_interpolation: 0, interpolation_duration: 1 }
$data merge entity $(bone_rightwing21) { transformation: [-1.3960599453905012f,-2.6021194960753764f,-0.17812037539768116f,-2.349762828534455f,-2.447627134934158f,1.3768433909448856f,-0.9301396649194716f,-2.562981319077484f,0.9010405919387812f,-0.2915690588298567f,-2.802650432487576f,5.445121498410747f,0f,0f,0f,1f], start_interpolation: 0, interpolation_duration: 1 }
$data merge entity $(bone_rightwing22) { transformation: [-1.0979138020028558f,-2.6021194960753764f,0.8805086726586929f,-2.349762828534455f,-2.369351157894819f,1.3768433909448856f,1.1145463106147637f,-2.562981319077484f,-1.3901426132110428f,-0.2915690588298567f,-2.5950389419002864f,5.445121498410747f,0f,0f,0f,1f], start_interpolation: 0, interpolation_duration: 1 }
$data merge entity $(bone_rightwing23) { transformation: [-0.12746909277731533f,-2.565469925708117f,1.381687423087493f,-2.349762828534455f,-0.8322626277320908f,1.357451230509042f,2.443687688661218f,-2.562981319077484f,-2.7924961939654356f,-0.2874624523674643f,-0.7913752520845462f,5.445121498410747f,0f,0f,0f,1f], start_interpolation: 0, interpolation_duration: 1 }
$data merge entity $(bone_rightwing1) { transformation: [-0.48617885366016983f,-1.7591793776284232f,-0.8178740976339545f,-1.6204945480442001f,-0.5232335828470855f,0.930823700920486f,-1.6910925035567073f,-1.7781309448068556f,1.8681158261828106f,-0.1971171101948327f,-0.6865042642502326f,2.642947759136531f,0f,0f,0f,1f], start_interpolation: 0, interpolation_duration: 1 }
$data merge entity $(bone_rightwing) { transformation: [-0.6219963653628f,-0.9414959010370678f,-0.29633950279531923f,-0.6875000000000002f,-0.6274079279790178f,0.6475341678621287f,-0.7403849704520529f,-0.837019052838329f,0.7619651727576877f,-0.23536372042566628f,-0.8515421925676068f,1.4999999999999998f,0f,0f,0f,1f], start_interpolation: 0, interpolation_duration: 1 }
$data merge entity $(bone_head) { transformation: [-1.2269070000000002f,2.67685279598575e-18f,1.5022892619386885e-16f,-4.751991954209128e-16f,0f,1.2267122757227968f,-0.02185816186225702f,0.18793544631640438f,-1.5025277304014817e-16f,-0.02185816186225702f,-1.2267122757227968f,3.880295900432394f,0f,0f,0f,1f], start_interpolation: 0, interpolation_duration: 1 }
$data merge entity $(bone_neck4) { transformation: [-1.0497600000000002f,2.442222699288672e-17f,1.2621746514295047e-16f,-4.665474092559507e-16f,0f,1.0306438169015586f,-0.1994226172794511f,0.2076791520146124f,-1.2855852238729257e-16f,-0.1994226172794511f,-1.0306438169015586f,3.8096487050860635f,0f,0f,0f,1f], start_interpolation: 0, interpolation_duration: 1 }
$data merge entity $(bone_neck3) { transformation: [-1.1664000000000003f,4.3093503976514123e-17f,1.3618743034752044e-16f,-4.069654084789105e-16f,0f,1.1120547609509894f,-0.3518851640041645f,0.05372939276279043f,-1.428428026525473e-16f,-0.3518851640041645f,-1.1120547609509894f,3.323124747170006f,0f,0f,0f,1f], start_interpolation: 0, interpolation_duration: 1 }
$data merge entity $(bone_neck2) { transformation: [-1.2960000000000003f,6.431349177285753e-17f,1.450998967854091e-16f,-3.706904342825582e-16f,0f,1.1848305722632297f,-0.5251595138911489f,-0.0775604857099968f,-1.58714225169497e-16f,-0.5251595138911489f,-1.1848305722632297f,3.0269171041041982f,0f,0f,0f,1f], start_interpolation: 0, interpolation_duration: 1 }
$data merge entity $(bone_neck1) { transformation: [-1.4400000000000002f,9.658818590318639e-17f,1.4754572578427268e-16f,-3.3380400283649004e-16f,0f,1.2048022816619435f,-0.7887023913379341f,-0.2747360835444803f,-1.7634913907721887e-16f,-0.7887023913379341f,-1.2048022816619435f,2.725716533688712f,0f,0f,0f,1f], start_interpolation: 0, interpolation_duration: 1 }
$data merge entity $(bone_neck0) { transformation: [-1.6f,1.4115743851616346e-16f,1.358985945022946e-16f,-3.086516941181766e-16f,0f,1.1096962372899069f,-1.1526379574457124f,-0.6322515877365276f,-1.9594348786357652e-16f,-1.1526379574457124f,-1.1096962372899069f,2.5203323467065926f,0f,0f,0f,1f], start_interpolation: 0, interpolation_duration: 1 }
$data merge entity $(bone_frontlegl) { transformation: [-0.9925461516413221f,-0.11872489380137864f,0.027505207758770533f,0.42819023216418484f,-0.10554194733138722f,0.9502388310855422f,0.2930990638857129f,-0.9020990446061294f,-0.060934671702573856f,0.28801139472082327f,-0.9556863514226127f,2.1354170041283913f,0f,0f,0f,1f], start_interpolation: 0, interpolation_duration: 1 }
$data merge entity $(bone_frontlegtipleft) { transformation: [-0.9925461516413221f,-0.09597709267546034f,0.07510349221952241f,0.8030952779850867f,-0.10554194733138722f,0.9850778690546369f,-0.1359503190591118f,-1.8738063439678367f,-0.060934671702573856f,-0.14286353481676745f,-0.9878648572573869f,1.8145047992487204f,0f,0f,0f,1f], start_interpolation: 0, interpolation_duration: 1 }
$data merge entity $(bone_frontfootleftd) { transformation: [-0.9925461516413221f,-0.057296254175213716f,-0.10756056953870712f,0.9772345783661289f,-0.10554194733138723f,-0.037172048587464146f,0.9937198479236036f,-3.7410783791311824f,-0.060934671702573634f,0.9976649628313606f,0.030847815533665557f,2.038584686189175f,0f,0f,0f,1f], start_interpolation: 0, interpolation_duration: 1 }
$data merge entity $(bone_frontfootleft) { transformation: [0.9925461516413221f,0.09738510225731549f,-0.07326853840724523f,0.9487091210430173f,0.10554194733138728f,-0.386274837691782f,0.9163256228654124f,-3.30691738689976f,0.060934671702573745f,-0.9172283748470276f,-0.39367381696015785f,1.9248667733498135f,0f,0f,0f,1f], start_interpolation: 0, interpolation_duration: 1 }
$data merge entity $(bone_frontlegr) { transformation: [-0.9925461516413221f,0.11872489380137859f,-0.027505207758770307f,-0.8731858957862952f,0.10554194733138722f,0.9502388310855422f,0.2930990638857129f,-0.8811761813587723f,0.060934671702573606f,0.28801139472082327f,-0.9556863514226127f,2.1764217512933883f,0f,0f,0f,1f], start_interpolation: 0, interpolation_duration: 1 }
$data merge entity $(bone_frontlegtipright) { transformation: [-0.9925461516413221f,0.0959770926754604f,-0.07510349221952217f,-0.7533251290011118f,0.10554194733138722f,0.9850778690546369f,-0.1359503190591118f,-1.8725261976833385f,0.060934671702573606f,-0.14286353481676745f,-0.9878648572573869f,1.7431110392316418f,0f,0f,0f,1f], start_interpolation: 0, interpolation_duration: 1 }
$data merge entity $(bone_frontfootrightd) { transformation: [-0.9925461516413221f,0.05729625417521392f,0.10756056953870712f,-0.9412892036365911f,0.1055419473313872f,-0.037172048587464146f,0.9937198479236036f,-3.6929966446632787f,0.06093467170257383f,0.9976649628313606f,0.030847815533665557f,2.008197838846815f,0f,0f,0f,1f], start_interpolation: 0, interpolation_duration: 1 }
$data merge entity $(bone_frontfootright) { transformation: [0.9925461516413221f,-0.09738510225731543f,0.07326853840724516f,-0.8913328829906167f,-0.10554194733138716f,-0.386274837691782f,0.9163256228654124f,-3.2503305875060957f,-0.06093467170257372f,-0.9172283748470276f,-0.39367381696015785f,1.8815723288216488f,0f,0f,0f,1f], start_interpolation: 0, interpolation_duration: 1 }
$data merge entity $(bone_rearlegl) { transformation: [-1.080694387781476f,0.049534542667482036f,-0.05707083678600391f,0.0012394488479662291f,0.06544511820257091f,1.0225444190000836f,-0.35175411694299247f,-3.282831816126881f,0.037784756611401064f,-0.35434496097110846f,-1.0230459774190561f,0.3241030146878867f,0f,0f,0f,1f], start_interpolation: 0, interpolation_duration: 1 }
$data merge entity $(bone_rearfootleftd) { transformation: [-0.9975640502598242f,0.03386513797585959f,0.06098457230390998f,0.5279622146386928f,0.060410878340834695f,-0.01771388374234817f,0.998016404725319f,-6.2214988725465865f,0.034878236872062526f,0.9992694185016565f,0.01562491088159318f,0.7675644686764854f,0f,0f,0f,1f], start_interpolation: 0, interpolation_duration: 1 }
$data merge entity $(bone_rearfootleft) { transformation: [-0.9975640502598242f,0.05268077241784978f,0.045724193231521854f,0.5659826940375953f,0.060410878340834695f,0.32469610794737813f,0.943887156000077f,-5.5319894393031115f,0.034878236872062526f,0.9443501330022056f,-0.32708765628102365f,0.6607354716085574f,0f,0f,0f,1f], start_interpolation: 0, interpolation_duration: 1 }
$data merge entity $(bone_rearlegtipleft) { transformation: [-0.9975640502598242f,0.06888931192001593f,-0.010964868097773967f,0.5732095570724831f,0.060410878340834695f,0.9317701458872526f,0.3579873196236665f,-4.6188178209960356f,0.034878236872062526f,0.3564528831927649f,-0.9336620644838589f,1.0777221236360675f,0f,0f,0f,1f], start_interpolation: 0, interpolation_duration: 1 }
$data merge entity $(bone_rearlegr) { transformation: [-1.080694387781476f,-0.049534542667481946f,0.057070836786004164f,-1.3757482359365996f,-0.06544511820257091f,1.0225444190000836f,-0.35175411694299247f,-3.3706390926137852f,-0.03778475661140133f,-0.35434496097110846f,-1.0230459774190561f,0.2439869369427929f,0f,0f,0f,1f], start_interpolation: 0, interpolation_duration: 1 }
$data merge entity $(bone_rearfootrightd) { transformation: [-0.9975640502598242f,-0.03386513797585983f,-0.060984572303909974f,-0.5308204326200681f,-0.060410878340834695f,-0.01771388374234817f,0.998016404725319f,-6.226241191314842f,-0.03487823687206277f,0.9992694185016565f,0.01562491088159318f,0.7354059666304776f,0f,0f,0f,1f], start_interpolation: 0, interpolation_duration: 1 }
$data merge entity $(bone_rearfootright) { transformation: [-0.9975640502598242f,-0.052680772417850005f,-0.04572419323152176f,-0.5688409120189706f,-0.060410878340834695f,0.32469610794737813f,0.943887156000077f,-5.536731758071367f,-0.03487823687206277f,0.9443501330022056f,-0.32708765628102365f,0.6285769695625496f,0f,0f,0f,1f], start_interpolation: 0, interpolation_duration: 1 }
$data merge entity $(bone_rearlegtipright) { transformation: [-0.9975640502598242f,-0.06888931192001602f,0.0109648680977742f,-0.7007632813363365f,-0.060410878340834695f,0.9317701458872526f,0.3579873196236665f,-4.631111499556896f,-0.03487823687206277f,0.3564528831927649f,-0.9336620644838589f,1.0412038419810519f,0f,0f,0f,1f], start_interpolation: 0, interpolation_duration: 1 }
$data merge entity $(bone_tail11) { transformation: [-0.2937340837125001f,-3.050373059675132e-17f,2.0849104786775282e-17f,4.769329813534726e-16f,0f,0.20940870317932966f,0.24944694089879524f,-6.758230346100864f,-3.5972050541899386e-17f,0.2490818627704674f,-0.17024586028633923f,-3.8944533369583123f,0f,0f,0f,1f], start_interpolation: 0, interpolation_duration: 1 }
$data merge entity $(bone_tail10) { transformation: [-0.39164544495000014f,-3.626385012900463e-17f,3.334500225097161e-17f,4.581764175873011e-16f,0f,0.32402962985995226f,0.2891089166947393f,-6.920854111741654f,-4.796273405586585e-17f,0.29611680816258973f,-0.27228260649672786f,-3.741294370803903f,0f,0f,0f,1f], start_interpolation: 0, interpolation_duration: 1 }
$data merge entity $(bone_tail9) { transformation: [-0.48955680618750014f,-3.7283976907660306e-17f,4.9010446008727385e-17f,4.3060804170739197e-16f,0f,0.46233204519545235f,0.2844363338534464f,-7.080849549534218f,-5.99534175698323e-17f,0.3044467754590048f,-0.4002006622876928f,-3.516181498267076f,0f,0f,0f,1f], start_interpolation: 0, interpolation_duration: 1 }
$data merge entity $(bone_tail8) { transformation: [-0.5759491837500001f,-3.0916926894865333e-17f,6.551908806307337e-17f,3.937535546719132e-16f,0f,0.6016077880608939f,0.2142311532758226f,-7.2013545732518685f,-7.053343243509683e-17f,0.25245586659264463f,-0.5350039546805684f,-3.2152417737592565f,0f,0f,0f,1f], start_interpolation: 0, interpolation_duration: 1 }
$data merge entity $(bone_tail7) { transformation: [-0.6775872750000002f,-1.7530577368374557e-17f,8.340975475481491e-17f,3.468355676223298e-16f,0f,0.746903246628666f,0.08125184451460682f,-7.2470587357913345f,-8.298050874717275e-17f,0.14314802750131744f,-0.681092334646104f,-2.832127335520823f,0f,0f,0f,1f], start_interpolation: 0, interpolation_duration: 1 }
$data merge entity $(bone_tail6) { transformation: [-0.7971615000000002f,3.710961143449401e-18f,1.0020434910042658e-16f,2.9047062125333984e-16f,0f,0.8757540459375164f,-0.11967922481822638f,-7.179739171831082f,-9.76241279378503e-17f,-0.030302297332039763f,-0.8182306046951069f,-2.3718726203798255f,0f,0f,0f,1f], start_interpolation: 0, interpolation_duration: 1 }
$data merge entity $(bone_tail5) { transformation: [-0.8857350000000002f,3.028937333583838e-17f,1.0721820050152103e-16f,2.3016038347123426e-16f,0f,0.91416894292906f,-0.35892041879735676f,-6.977846436257569f,-1.0847125326427811e-16f,-0.24733150290293507f,-0.875503047704616f,-1.8794021560459793f,0f,0f,0f,1f], start_interpolation: 0, interpolation_duration: 1 }
$data merge entity $(bone_tail4) { transformation: [-0.9841500000000002f,5.857075428026812e-17f,1.0906140935058994e-16f,1.688133407115274e-16f,0f,0.9057468529982267f,-0.6086040090417709f,-6.635506681171573f,-1.205236147380868e-16f,-0.47826650362412537f,-0.8905539901506521f,-1.3784655365862375f,0f,0f,0f,1f], start_interpolation: 0, interpolation_duration: 1 }
$data merge entity $(bone_tail3) { transformation: [-1.0935000000000001f,8.643594182157259e-17f,1.0699760534556365e-16f,1.0862718770464786e-16f,0f,0.8634147859427428f,-0.8512396744678742f,-6.156684364283394f,-1.339151274867631e-16f,-0.7058030273034859f,-0.8737017515585683f,-0.8870083013345429f,0f,0f,0f,1f], start_interpolation: 0, interpolation_duration: 1 }
$data merge entity $(bone_tail2) { transformation: [-1.215f,1.1303256717582115e-16f,1.0286516994397606e-16f,5.076552961116132e-17f,0f,0.8040399364163903f,-1.0809489990922538f,-5.548650552294001f,-1.4879458609640342e-16f,-0.9229809546272347f,-0.8399578557310958f,-0.41453200748580155f,0f,0f,0f,1f], start_interpolation: 0, interpolation_duration: 1 }
$data merge entity $(bone_tail1) { transformation: [-1.35f,1.3879435445501188e-16f,9.784005238336183e-17f,-4.269499854479707e-18f,0f,0.7375604714751929f,-1.3025590407386172f,-4.8159610918785285f,-1.6532731788489269e-16f,-1.1333419117385186f,-0.7989246569009276f,0.034863112020970255f,0f,0f,0f,1f], start_interpolation: 0, interpolation_duration: 1 }
$data merge entity $(bone_tail0) { transformation: [-1.5f,1.649827441704048e-16f,9.154983073407565e-17f,-1.4520593599796056e-17f,0f,0.659612734615902f,-1.5268111877098647f,-3.7922266151377544f,-1.8369701987210297e-16f,-1.3471863420969394f,-0.7475610992313556f,0.11856964481437293f,0f,0f,0f,1f], start_interpolation: 0, interpolation_duration: 1 }