# This file was generated by Animated Java via MC-Build. It is not recommended to edit this file directly.
$data merge entity $(bone_leftwing20) {transformation: [-0.2805f,2.8549f,0.7228f,1.8092f,1.1828f,0.7741f,-2.5988f,-1.701f,-2.6971f,0.0425f,-1.2148f,6.3139f,0f,0f,0f,1f],start_interpolation: 0,interpolation_duration: 1}
$data merge entity $(bone_leftwing21) {transformation: [-0.7147f,2.8548f,0.3003f,1.8092f,2.6909f,0.7741f,-0.9544f,-1.701f,-0.9996f,0.0425f,-2.7838f,6.3139f,0f,0f,0f,1f],start_interpolation: 0,interpolation_duration: 1}
$data merge entity $(bone_leftwing22) {transformation: [-0.7139f,2.8603f,-0.3062f,1.8092f,2.5607f,0.7756f,1.2751f,-1.701f,1.3107f,0.0426f,-2.658f,6.3139f,0f,0f,0f,1f],start_interpolation: 0,interpolation_duration: 1}
$data merge entity $(bone_leftwing23) {transformation: [-0.2713f,2.8147f,-0.7146f,1.8092f,0.8478f,0.7632f,2.6843f,-1.701f,2.7775f,0.0419f,-0.8892f,6.3139f,0f,0f,0f,1f],start_interpolation: 0,interpolation_duration: 1}
$data merge entity $(bone_leftwing1) {transformation: [-0.1375f,1.9301f,0.5058f,1.6029f,0.6116f,0.5234f,-1.8309f,-0.7837f,-1.8992f,0.0288f,-0.6262f,3.465f,0f,0f,0f,1f],start_interpolation: 0,interpolation_duration: 1}
$data merge entity $(bone_leftwing) {transformation: [-0.6103f,0.9682f,0.2265f,0.6875f,0.6311f,0.5825f,-0.7896f,0.163f,-0.7684f,-0.2906f,-0.8284f,2.3125f,0f,0f,0f,1f],start_interpolation: 0,interpolation_duration: 1}
$data merge entity $(bone_rightwing20) {transformation: [-0.2805f,-2.8549f,-0.7228f,-1.8092f,-1.1828f,0.7741f,-2.5988f,-1.701f,2.6971f,0.0425f,-1.2148f,6.3139f,0f,0f,0f,1f],start_interpolation: 0,interpolation_duration: 1}
$data merge entity $(bone_rightwing21) {transformation: [-0.7148f,-2.8549f,-0.3003f,-1.8092f,-2.691f,0.7741f,-0.9544f,-1.701f,0.9997f,0.0425f,-2.784f,6.3139f,0f,0f,0f,1f],start_interpolation: 0,interpolation_duration: 1}
$data merge entity $(bone_rightwing22) {transformation: [-0.7125f,-2.8549f,0.3056f,-1.8092f,-2.5559f,0.7741f,1.2727f,-1.701f,-1.3082f,0.0425f,-2.653f,6.3139f,0f,0f,0f,1f],start_interpolation: 0,interpolation_duration: 1}
$data merge entity $(bone_rightwing23) {transformation: [-0.2713f,-2.8147f,0.7146f,-1.8092f,-0.8478f,0.7632f,2.6843f,-1.701f,-2.7775f,0.0419f,-0.8892f,6.3139f,0f,0f,0f,1f],start_interpolation: 0,interpolation_duration: 1}
$data merge entity $(bone_rightwing1) {transformation: [-0.1375f,-1.9301f,-0.5058f,-1.6029f,-0.6116f,0.5234f,-1.8309f,-0.7837f,1.8992f,0.0288f,-0.6262f,3.465f,0f,0f,0f,1f],start_interpolation: 0,interpolation_duration: 1}
$data merge entity $(bone_rightwing) {transformation: [-0.6103f,-0.9682f,-0.2265f,-0.6875f,-0.6311f,0.5825f,-0.7896f,0.163f,0.7684f,-0.2906f,-0.8284f,2.3125f,0f,0f,0f,1f],start_interpolation: 0,interpolation_duration: 1}
$data merge entity $(bone_eyebrow) {transformation: [-0.8923f,0f,0f,0f,0f,0.8917f,-0.0338f,1.7231f,0f,-0.0338f,-0.8917f,6.2712f,0f,0f,0f,1f],start_interpolation: 0,interpolation_duration: 1}
$data merge entity $(bone_head) {transformation: [-1.2269f,0f,0f,0f,0f,1.226f,-0.0464f,1.233f,0f,-0.0464f,-1.226f,4.6753f,0f,0f,0f,1f],start_interpolation: 0,interpolation_duration: 1}
$data merge entity $(bone_neck4) {transformation: [-1.0498f,0f,0f,0f,0f,1.0236f,-0.2329f,1.2504f,0f,-0.2329f,-1.0236f,4.6041f,0f,0f,0f,1f],start_interpolation: 0,interpolation_duration: 1}
$data merge entity $(bone_neck3) {transformation: [-1.1664f,0f,0f,0f,0f,1.0932f,-0.4068f,1.0725f,0f,-0.4068f,-1.0932f,4.1258f,0f,0f,0f,1f],start_interpolation: 0,interpolation_duration: 1}
$data merge entity $(bone_neck2) {transformation: [-1.296f,0f,0f,0f,0f,1.1607f,-0.5766f,0.9283f,0f,-0.5766f,-1.1607f,3.8356f,0f,0f,0f,1f],start_interpolation: 0,interpolation_duration: 1}
$data merge entity $(bone_neck1) {transformation: [-1.44f,0f,0f,0f,0f,1.1887f,-0.8127f,0.7251f,0f,-0.8127f,-1.1887f,3.5385f,0f,0f,0f,1f],start_interpolation: 0,interpolation_duration: 1}
$data merge entity $(bone_neck0) {transformation: [-1.6f,0f,0f,0f,0f,1.1105f,-1.1519f,0.3677f,0f,-1.1519f,-1.1105f,3.3328f,0f,0f,0f,1f],start_interpolation: 0,interpolation_duration: 1}
$data merge entity $(bone_frontlegl) {transformation: [-0.9925f,-0.1187f,0.0275f,0.4282f,-0.1055f,0.9501f,0.2934f,0.0979f,-0.0609f,0.2883f,-0.9556f,2.9479f,0f,0f,0f,1f],start_interpolation: 0,interpolation_duration: 1}
$data merge entity $(bone_frontlegtipleft) {transformation: [-0.9925f,-0.096f,0.0751f,0.8031f,-0.1055f,0.9851f,-0.1356f,-0.8737f,-0.0609f,-0.1425f,-0.9879f,2.6267f,0f,0f,0f,1f],start_interpolation: 0,interpolation_duration: 1}
$data merge entity $(bone_frontfootleftd) {transformation: [-0.9925f,-0.0573f,-0.1076f,0.9773f,-0.1055f,-0.0375f,0.9937f,-2.741f,-0.0609f,0.9977f,0.0312f,2.8501f,0f,0f,0f,1f],start_interpolation: 0,interpolation_duration: 1}
$data merge entity $(bone_frontfootleft) {transformation: [0.9925f,0.0974f,-0.0733f,0.9487f,0.1055f,-0.386f,0.9165f,-2.3068f,0.0609f,-0.9174f,-0.3934f,2.7366f,0f,0f,0f,1f],start_interpolation: 0,interpolation_duration: 1}
$data merge entity $(bone_frontlegr) {transformation: [-0.9925f,0.1187f,-0.0275f,-0.8732f,0.1055f,0.9501f,0.2934f,0.1188f,0.0609f,0.2883f,-0.9556f,2.9889f,0f,0f,0f,1f],start_interpolation: 0,interpolation_duration: 1}
$data merge entity $(bone_frontlegtipright) {transformation: [-0.9925f,0.096f,-0.0751f,-0.7533f,0.1055f,0.9851f,-0.1356f,-0.8724f,0.0609f,-0.1425f,-0.9879f,2.5553f,0f,0f,0f,1f],start_interpolation: 0,interpolation_duration: 1}
$data merge entity $(bone_frontfootrightd) {transformation: [-0.9925f,0.0573f,0.1076f,-0.9413f,0.1055f,-0.0375f,0.9937f,-2.6929f,0.0609f,0.9977f,0.0312f,2.8198f,0f,0f,0f,1f],start_interpolation: 0,interpolation_duration: 1}
$data merge entity $(bone_frontfootright) {transformation: [0.9925f,-0.0974f,0.0733f,-0.8914f,-0.1055f,-0.386f,0.9165f,-2.2502f,-0.0609f,-0.9174f,-0.3934f,2.6933f,0f,0f,0f,1f],start_interpolation: 0,interpolation_duration: 1}
$data merge entity $(bone_rearlegl) {transformation: [-1.0807f,0.0496f,-0.0571f,0.0012f,0.0654f,1.0227f,-0.3514f,-2.2828f,0.0378f,-0.354f,-1.0232f,1.1366f,0f,0f,0f,1f],start_interpolation: 0,interpolation_duration: 1}
$data merge entity $(bone_rearfootleftd) {transformation: [-0.9976f,0.0338f,0.061f,0.5279f,0.0604f,-0.018f,0.998f,-5.2216f,0.0349f,0.9993f,0.016f,1.5791f,0f,0f,0f,1f],start_interpolation: 0,interpolation_duration: 1}
$data merge entity $(bone_rearfootleft) {transformation: [-0.9976f,0.0527f,0.0457f,0.566f,0.0604f,0.3244f,0.944f,-4.532f,0.0349f,0.9445f,-0.3268f,1.4725f,0f,0f,0f,1f],start_interpolation: 0,interpolation_duration: 1}
$data merge entity $(bone_rearlegtipleft) {transformation: [-0.9976f,0.0689f,-0.0109f,0.5732f,0.0604f,0.9317f,0.3583f,-3.619f,0.0349f,0.3568f,-0.9335f,1.8898f,0f,0f,0f,1f],start_interpolation: 0,interpolation_duration: 1}
$data merge entity $(bone_rearlegr) {transformation: [-1.0807f,-0.0496f,0.0571f,-1.3758f,-0.0654f,1.0227f,-0.3514f,-2.3706f,-0.0378f,-0.354f,-1.0232f,1.0565f,0f,0f,0f,1f],start_interpolation: 0,interpolation_duration: 1}
$data merge entity $(bone_rearfootrightd) {transformation: [-0.9976f,-0.061f,0.0338f,-0.5308f,-0.0604f,0.998f,0.018f,-5.2263f,-0.0349f,0.016f,-0.9993f,1.547f,0f,0f,0f,1f],start_interpolation: 0,interpolation_duration: 1}
$data merge entity $(bone_rearfootright) {transformation: [-0.9976f,-0.0527f,-0.0457f,-0.5688f,-0.0604f,0.3244f,0.944f,-4.5368f,-0.0349f,0.9445f,-0.3268f,1.4404f,0f,0f,0f,1f],start_interpolation: 0,interpolation_duration: 1}
$data merge entity $(bone_rearlegtipright) {transformation: [-0.9976f,-0.0689f,0.0109f,-0.7007f,-0.0604f,0.9317f,0.3583f,-3.6313f,-0.0349f,0.3568f,-0.9335f,1.8533f,0f,0f,0f,1f],start_interpolation: 0,interpolation_duration: 1}
$data merge entity $(bone_tail11) {transformation: [-0.2937f,0f,0f,0f,0f,0.2069f,0.2516f,-5.4801f,0f,0.2508f,-0.1677f,-3.1191f,0f,0f,0f,1f],start_interpolation: 0,interpolation_duration: 1}
$data merge entity $(bone_tail10) {transformation: [-0.3916f,0f,0f,0f,0f,0.3151f,0.2989f,-5.6482f,0f,0.3043f,-0.2631f,-2.9711f,0f,0f,0f,1f],start_interpolation: 0,interpolation_duration: 1}
$data merge entity $(bone_tail9) {transformation: [-0.4896f,0f,0f,0f,0f,0.4458f,0.3098f,-5.8225f,0f,0.3262f,-0.3826f,-2.7559f,0f,0f,0f,1f],start_interpolation: 0,interpolation_duration: 1}
$data merge entity $(bone_tail8) {transformation: [-0.5759f,0f,0f,0f,0f,0.5827f,0.2615f,-5.9696f,0f,0.2942f,-0.5132f,-2.4672f,0f,0f,0f,1f],start_interpolation: 0,interpolation_duration: 1}
$data merge entity $(bone_tail7) {transformation: [-0.6776f,0f,0f,0f,0f,0.7356f,0.1532f,-6.0557f,0f,0.2083f,-0.664f,-2.0937f,0f,0f,0f,1f],start_interpolation: 0,interpolation_duration: 1}
$data merge entity $(bone_tail6) {transformation: [-0.7972f,0f,0f,0f,0f,0.8835f,-0.0287f,-6.0396f,0f,0.0542f,-0.8169f,-1.6342f,0f,0f,0f,1f],start_interpolation: 0,interpolation_duration: 1}
$data merge entity $(bone_tail5) {transformation: [-0.8857f,0f,0f,0f,0f,0.9448f,-0.2684f,-5.8886f,0f,-0.1611f,-0.8953f,-1.1305f,0f,0f,0f,1f],start_interpolation: 0,interpolation_duration: 1}
$data merge entity $(bone_tail4) {transformation: [-0.9842f,0f,0f,0f,0f,0.9518f,-0.5338f,-5.5884f,0f,-0.4052f,-0.926f,-0.6096f,0f,0f,0f,1f],start_interpolation: 0,interpolation_duration: 1}
$data merge entity $(bone_tail3) {transformation: [-1.0935f,0f,0f,0f,0f,0.9103f,-0.801f,-5.1378f,0f,-0.6552f,-0.9122f,-0.0966f,0f,0f,0f,1f],start_interpolation: 0,interpolation_duration: 1}
$data merge entity $(bone_tail2) {transformation: [-1.215f,0f,0f,0f,0f,0.8377f,-1.0552f,-4.5443f,0f,-0.8961f,-0.8684f,0.3919f,0f,0f,0f,1f],start_interpolation: 0,interpolation_duration: 1}
$data merge entity $(bone_tail1) {transformation: [-1.35f,0f,0f,0f,0f,0.7516f,-1.2946f,-3.816f,0f,-1.1247f,-0.8109f,0.848f,0f,0f,0f,1f],start_interpolation: 0,interpolation_duration: 1}
$data merge entity $(bone_tail0) {transformation: [-1.5f,0f,0f,0f,0f,0.6587f,-1.5273f,-2.7922f,0f,-1.3476f,-0.7465f,0.9311f,0f,0f,0f,1f],start_interpolation: 0,interpolation_duration: 1}