# This file was generated by Animated Java via MC-Build. It is not recommended to edit this file directly.
$data merge entity $(bone_leftwing20) {transformation: [-0.907f,-2.4374f,1.4101f,1.6038f,-2.6262f,1.2667f,0.5002f,4.1657f,-1.0158f,-1.0984f,-2.5521f,3.364f,0f,0f,0f,1f],start_interpolation: 0,interpolation_duration: 1}
$data merge entity $(bone_leftwing21) {transformation: [-1.6443f,-2.4372f,0.327f,1.6038f,-2.184f,1.2666f,-1.5416f,4.1657f,1.1301f,-1.0984f,-2.5034f,3.364f,0f,0f,0f,1f],start_interpolation: 0,interpolation_duration: 1}
$data merge entity $(bone_leftwing22) {transformation: [-1.3801f,-2.4419f,-0.9575f,1.6038f,-0.409f,1.269f,-2.6471f,4.1657f,2.5909f,-1.1005f,-0.9279f,3.364f,0f,0f,0f,1f],start_interpolation: 0,interpolation_duration: 1}
$data merge entity $(bone_leftwing23) {transformation: [-0.2657f,-2.403f,-1.6315f,1.6038f,1.5942f,1.2488f,-2.099f,4.1657f,2.4279f,-1.083f,1.1997f,3.364f,0f,0f,0f,1f],start_interpolation: 0,interpolation_duration: 1}
$data merge entity $(bone_leftwing1) {transformation: [-0.5102f,-1.6478f,1.0122f,0.8385f,-1.7304f,0.8563f,0.5219f,1.5701f,-0.8633f,-0.7426f,-1.6441f,2.0689f,0f,0f,0f,1f],start_interpolation: 0,interpolation_duration: 1}
$data merge entity $(bone_leftwing) {transformation: [-0.1007f,-1.0946f,0.391f,0.6875f,-1.1509f,0.0391f,-0.187f,-0.1562f,0.1624f,-0.4018f,-1.0832f,2.3125f,0f,0f,0f,1f],start_interpolation: 0,interpolation_duration: 1}
$data merge entity $(bone_rightwing20) {transformation: [-0.907f,2.4374f,-1.4101f,-1.6038f,2.6262f,1.2667f,0.5002f,4.1657f,1.0158f,-1.0984f,-2.5521f,3.364f,0f,0f,0f,1f],start_interpolation: 0,interpolation_duration: 1}
$data merge entity $(bone_rightwing21) {transformation: [-1.6444f,2.4374f,-0.3271f,-1.6038f,2.1841f,1.2667f,-1.5417f,4.1657f,-1.1302f,-1.0984f,-2.5036f,3.364f,0f,0f,0f,1f],start_interpolation: 0,interpolation_duration: 1}
$data merge entity $(bone_rightwing22) {transformation: [-1.3776f,2.4374f,0.9557f,-1.6038f,0.4082f,1.2667f,-2.6421f,4.1657f,-2.586f,-1.0984f,-0.9261f,3.364f,0f,0f,0f,1f],start_interpolation: 0,interpolation_duration: 1}
$data merge entity $(bone_rightwing23) {transformation: [-0.2657f,2.403f,1.6315f,-1.6038f,-1.5942f,1.2488f,-2.099f,4.1657f,-2.4279f,-1.083f,1.1997f,3.364f,0f,0f,0f,1f],start_interpolation: 0,interpolation_duration: 1}
$data merge entity $(bone_rightwing1) {transformation: [-0.5102f,1.6478f,-1.0122f,-0.8385f,1.7304f,0.8563f,0.5219f,1.5701f,0.8633f,-0.7426f,-1.6441f,2.0689f,0f,0f,0f,1f],start_interpolation: 0,interpolation_duration: 1}
$data merge entity $(bone_rightwing) {transformation: [-0.1007f,1.0946f,-0.391f,-0.6875f,1.1509f,0.0391f,-0.187f,-0.1562f,-0.1624f,-0.4018f,-1.0832f,2.3125f,0f,0f,0f,1f],start_interpolation: 0,interpolation_duration: 1}
$data merge entity $(bone_eyebrow) {transformation: [-0.8923f,0f,0f,0f,0f,0.8915f,0.0371f,-0.361f,0f,0.0371f,-0.8915f,6.2678f,0f,0f,0f,1f],start_interpolation: 0,interpolation_duration: 1}
$data merge entity $(bone_head) {transformation: [-1.2269f,0f,0f,0f,0f,1.2258f,0.051f,-0.7229f,0f,0.051f,-1.2258f,4.638f,0f,0f,0f,1f],start_interpolation: 0,interpolation_duration: 1}
$data merge entity $(bone_neck4) {transformation: [-1.0498f,0f,0f,0f,0f,1.0482f,0.0564f,-0.6866f,0f,0.0564f,-1.0482f,4.5743f,0f,0f,0f,1f],start_interpolation: 0,interpolation_duration: 1}
$data merge entity $(bone_neck3) {transformation: [-1.1664f,0f,0f,0f,0f,1.1661f,-0.0252f,-0.6976f,0f,-0.0252f,-1.1661f,4.0641f,0f,0f,0f,1f],start_interpolation: 0,interpolation_duration: 1}
$data merge entity $(bone_neck2) {transformation: [-1.296f,0f,0f,0f,0f,1.286f,-0.1604f,-0.7377f,0f,-0.1604f,-1.286f,3.7426f,0f,0f,0f,1f],start_interpolation: 0,interpolation_duration: 1}
$data merge entity $(bone_neck1) {transformation: [-1.44f,0f,0f,0f,0f,1.4208f,-0.2341f,-0.7962f,0f,-0.2341f,-1.4208f,3.3874f,0f,0f,0f,1f],start_interpolation: 0,interpolation_duration: 1}
$data merge entity $(bone_neck0) {transformation: [-1.6f,0f,0f,0f,0f,1.5912f,-0.1672f,-0.9375f,0f,-0.1672f,-1.5912f,3f,0f,0f,0f,1f],start_interpolation: 0,interpolation_duration: 1}
$data merge entity $(bone_frontlegl) {transformation: [-0.9925f,-0.1122f,0.0476f,0.4292f,0f,0.3907f,0.9205f,-0.731f,-0.1219f,0.9136f,-0.3878f,2.5659f,0f,0f,0f,1f],start_interpolation: 0,interpolation_duration: 1}
$data merge entity $(bone_frontlegtipleft) {transformation: [-0.9925f,-0.0733f,0.0973f,0.7984f,0f,0.7986f,0.6018f,-1.0992f,-0.1219f,0.5973f,-0.7927f,1.6101f,0f,0f,0f,1f],start_interpolation: 0,interpolation_duration: 1}
$data merge entity $(bone_frontfootleftd) {transformation: [-0.9925f,-0.1192f,-0.0253f,0.8987f,0f,-0.2079f,0.9781f,-2.6403f,-0.1219f,0.9709f,0.2064f,0.7064f,0f,0f,0f,1f],start_interpolation: 0,interpolation_duration: 1}
$data merge entity $(bone_frontfootleft) {transformation: [0.9925f,0.1187f,0.0274f,0.9135f,0f,-0.225f,0.9744f,-2.1921f,0.1219f,-0.9671f,-0.2233f,0.6724f,0f,0f,0f,1f],start_interpolation: 0,interpolation_duration: 1}
$data merge entity $(bone_frontlegr) {transformation: [-0.9925f,0.1122f,-0.0476f,-0.8735f,0f,0.3907f,0.9205f,-0.7691f,0.1219f,0.9136f,-0.3878f,2.6099f,0f,0f,0f,1f],start_interpolation: 0,interpolation_duration: 1}
$data merge entity $(bone_frontlegtipright) {transformation: [-0.9925f,0.0733f,-0.0973f,-0.7499f,0f,0.7986f,0.6018f,-1.0608f,0.1219f,0.5973f,-0.7927f,1.5649f,0f,0f,0f,1f],start_interpolation: 0,interpolation_duration: 1}
$data merge entity $(bone_frontfootrightd) {transformation: [-0.9925f,0.1192f,0.0253f,-0.8628f,0f,-0.2079f,0.9781f,-2.5953f,0.1219f,0.9709f,0.2064f,0.7322f,0f,0f,0f,1f],start_interpolation: 0,interpolation_duration: 1}
$data merge entity $(bone_frontfootright) {transformation: [0.9925f,-0.1187f,-0.0274f,-0.8578f,0f,-0.225f,0.9744f,-2.1345f,-0.1219f,-0.9671f,-0.2233f,0.6861f,0f,0f,0f,1f],start_interpolation: 0,interpolation_duration: 1}
$data merge entity $(bone_rearlegl) {transformation: [-1.0807f,0.0496f,-0.057f,0.0013f,0f,0.8176f,0.7107f,-0.3608f,0.0756f,0.709f,-0.8156f,-0.3934f,0f,0f,0f,1f],start_interpolation: 0,interpolation_duration: 1}
$data merge entity $(bone_rearfootleftd) {transformation: [-0.9976f,0.0338f,0.061f,0.5279f,0f,-0.8746f,0.4848f,-2.2124f,0.0698f,0.4836f,0.8725f,-2.718f,0f,0f,0f,1f],start_interpolation: 0,interpolation_duration: 1}
$data merge entity $(bone_rearfootleft) {transformation: [-0.9976f,0.0526f,0.0458f,0.5659f,0f,-0.6561f,0.7547f,-1.7756f,0.0698f,0.7529f,0.6545f,-2.174f,0f,0f,0f,1f],start_interpolation: 0,interpolation_duration: 1}
$data merge entity $(bone_rearlegtipleft) {transformation: [-0.9976f,0.0689f,-0.0109f,0.5732f,0f,0.1564f,0.9877f,-1.6809f,0.0698f,0.9853f,-0.1561f,-1.1746f,0f,0f,0f,1f],start_interpolation: 0,interpolation_duration: 1}
$data merge entity $(bone_rearlegr) {transformation: [-1.0807f,-0.0496f,0.057f,-1.3758f,0f,0.8176f,0.7107f,-0.3353f,-0.0756f,0.709f,-0.8156f,-0.5095f,0f,0f,0f,1f],start_interpolation: 0,interpolation_duration: 1}
$data merge entity $(bone_rearfootrightd) {transformation: [-0.9976f,-0.061f,0.0338f,-0.5307f,0f,0.4848f,0.8746f,-2.1869f,-0.0698f,0.8725f,-0.4836f,-2.7382f,0f,0f,0f,1f],start_interpolation: 0,interpolation_duration: 1}
$data merge entity $(bone_rearfootright) {transformation: [-0.9976f,-0.0526f,-0.0458f,-0.5688f,0f,-0.6561f,0.7547f,-1.7501f,-0.0698f,0.7529f,0.6545f,-2.1942f,0f,0f,0f,1f],start_interpolation: 0,interpolation_duration: 1}
$data merge entity $(bone_rearlegtipright) {transformation: [-0.9976f,-0.0689f,0.0109f,-0.7007f,0f,0.1564f,0.9877f,-1.6554f,-0.0698f,0.9853f,-0.1561f,-1.2035f,0f,0f,0f,1f],start_interpolation: 0,interpolation_duration: 1}
$data merge entity $(bone_tail11) {transformation: [-0.2937f,0f,0f,0f,0f,0.2936f,-0.0131f,-0.3245f,0f,-0.0207f,-0.3321f,-7.2669f,0f,0f,0f,1f],start_interpolation: 0,interpolation_duration: 1}
$data merge entity $(bone_tail10) {transformation: [-0.3916f,0f,0f,0f,0f,0.3904f,-0.0343f,-0.3052f,0f,-0.0465f,-0.4412f,-7.0188f,0f,0f,0f,1f],start_interpolation: 0,interpolation_duration: 1}
$data merge entity $(bone_tail9) {transformation: [-0.4896f,0f,0f,0f,0f,0.4875f,-0.0488f,-0.2778f,0f,-0.0649f,-0.5507f,-6.709f,0f,0f,0f,1f],start_interpolation: 0,interpolation_duration: 1}
$data merge entity $(bone_tail8) {transformation: [-0.5759f,0f,0f,0f,0f,0.5746f,-0.045f,-0.2524f,0f,-0.0623f,-0.6494f,-6.3437f,0f,0f,0f,1f],start_interpolation: 0,interpolation_duration: 1}
$data merge entity $(bone_tail7) {transformation: [-0.6776f,0f,0f,0f,0f,0.6778f,-0.019f,-0.2418f,0f,-0.0349f,-0.7667f,-5.9124f,0f,0f,0f,1f],start_interpolation: 0,interpolation_duration: 1}
$data merge entity $(bone_tail6) {transformation: [-0.7972f,0f,0f,0f,0f,0.7971f,0.0312f,-0.2593f,0f,0.0196f,-0.9028f,-5.4046f,0f,0f,0f,1f],start_interpolation: 0,interpolation_duration: 1}
$data merge entity $(bone_tail5) {transformation: [-0.8857f,0f,0f,0f,0f,0.8812f,0.095f,-0.3128f,0f,0.0901f,-0.9992f,-4.8425f,0f,0f,0f,1f],start_interpolation: 0,interpolation_duration: 1}
$data merge entity $(bone_tail4) {transformation: [-0.9842f,0f,0f,0f,0f,0.9721f,0.1578f,-0.4015f,0f,0.1594f,-1.1033f,-4.2219f,0f,0f,0f,1f],start_interpolation: 0,interpolation_duration: 1}
$data merge entity $(bone_tail3) {transformation: [-1.0935f,0f,0f,0f,0f,1.0752f,0.2035f,-0.516f,0f,0.2091f,-1.2209f,-3.5352f,0f,0f,0f,1f],start_interpolation: 0,interpolation_duration: 1}
$data merge entity $(bone_tail2) {transformation: [-1.215f,0f,0f,0f,0f,1.1962f,0.2174f,-0.6383f,0f,0.2224f,-1.3582f,-2.7712f,0f,0f,0f,1f],start_interpolation: 0,interpolation_duration: 1}
$data merge entity $(bone_tail1) {transformation: [-1.35f,0f,0f,0f,0f,1.3376f,0.1895f,-0.7449f,0f,0.188f,-1.5176f,-1.9176f,0f,0f,0f,1f],start_interpolation: 0,interpolation_duration: 1}
$data merge entity $(bone_tail0) {transformation: [-1.5f,0f,0f,0f,0f,1.4963f,0.1186f,-0.4375f,0f,0.1046f,-1.6959f,-0.9375f,0f,0f,0f,1f],start_interpolation: 0,interpolation_duration: 1}
$data merge entity $(bone_saddle) {transformation: [-3.005f,0f,0f,0f,0f,3.005f,0f,2.8438f,0f,0f,-3.005f,2.6875f,0f,0f,0f,1f],start_interpolation: 0,interpolation_duration: 1}
$data merge entity $(bone_body) {transformation: [-2.6667f,0f,0f,0f,0f,2.6667f,0f,-0.1562f,0f,0f,-2.6667f,3.0625f,0f,0f,0f,1f],start_interpolation: 0,interpolation_duration: 1}