# This file was generated by Animated Java via MC-Build. It is not recommended to edit this file directly.
$data merge entity $(bone_leftwing20) {transformation: [-0.7344f,-2.6233f,1.1536f,1.5108f,-2.7364f,0.9956f,0.522f,4.2377f,-0.8511f,-0.9375f,-2.6737f,3.2107f,0f,0f,0f,1f],start_interpolation: 0,interpolation_duration: 1}
$data merge entity $(bone_leftwing21) {transformation: [-1.3399f,-2.6231f,0.2731f,1.5108f,-2.2762f,0.9956f,-1.6057f,4.2377f,1.332f,-0.9374f,-2.4694f,3.2107f,0f,0f,0f,1f],start_interpolation: 0,interpolation_duration: 1}
$data merge entity $(bone_leftwing22) {transformation: [-1.1294f,-2.6282f,-0.7757f,1.5108f,-0.427f,0.9975f,-2.7581f,4.2377f,2.7068f,-0.9392f,-0.7587f,3.2107f,0f,0f,0f,1f],start_interpolation: 0,interpolation_duration: 1}
$data merge entity $(bone_leftwing23) {transformation: [-0.223f,-2.5863f,-1.3297f,1.5108f,1.6606f,0.9816f,-2.1877f,4.2377f,2.3874f,-0.9243f,1.3975f,3.2107f,0f,0f,0f,1f],start_interpolation: 0,interpolation_duration: 1}
$data merge entity $(bone_leftwing1) {transformation: [-0.4123f,-1.7735f,0.8275f,0.8924f,-1.803f,0.6731f,0.5443f,1.5333f,-0.7612f,-0.6338f,-1.7375f,2.0689f,0f,0f,0f,1f],start_interpolation: 0,interpolation_duration: 1}
$data merge entity $(bone_leftwing) {transformation: [-0.1366f,-1.1133f,0.3209f,0.6875f,-1.1472f,0.0847f,-0.1946f,-0.1875f,0.1624f,-0.3384f,-1.1047f,2.3125f,0f,0f,0f,1f],start_interpolation: 0,interpolation_duration: 1}
$data merge entity $(bone_rightwing20) {transformation: [-0.7344f,2.6233f,-1.1536f,-1.5108f,2.7364f,0.9956f,0.522f,4.2377f,0.8511f,-0.9375f,-2.6737f,3.2107f,0f,0f,0f,1f],start_interpolation: 0,interpolation_duration: 1}
$data merge entity $(bone_rightwing21) {transformation: [-1.34f,2.6233f,-0.2731f,-1.5108f,2.2764f,0.9956f,-1.6058f,4.2377f,-1.332f,-0.9375f,-2.4695f,3.2107f,0f,0f,0f,1f],start_interpolation: 0,interpolation_duration: 1}
$data merge entity $(bone_rightwing22) {transformation: [-1.1273f,2.6233f,0.7742f,-1.5108f,0.4262f,0.9956f,-2.753f,4.2377f,-2.7017f,-0.9375f,-0.7573f,3.2107f,0f,0f,0f,1f],start_interpolation: 0,interpolation_duration: 1}
$data merge entity $(bone_rightwing23) {transformation: [-0.223f,2.5863f,1.3297f,-1.5108f,-1.6606f,0.9816f,-2.1877f,4.2377f,-2.3874f,-0.9243f,1.3975f,3.2107f,0f,0f,0f,1f],start_interpolation: 0,interpolation_duration: 1}
$data merge entity $(bone_rightwing1) {transformation: [-0.4123f,1.7735f,-0.8275f,-0.8924f,1.803f,0.6731f,0.5443f,1.5333f,0.7612f,-0.6338f,-1.7375f,2.0689f,0f,0f,0f,1f],start_interpolation: 0,interpolation_duration: 1}
$data merge entity $(bone_rightwing) {transformation: [-0.1366f,1.1133f,-0.3209f,-0.6875f,1.1472f,0.0847f,-0.1946f,-0.1875f,-0.1624f,-0.3384f,-1.1047f,2.3125f,0f,0f,0f,1f],start_interpolation: 0,interpolation_duration: 1}
$data merge entity $(bone_eyebrow) {transformation: [-0.8923f,0f,0f,0f,0f,0.891f,0.0489f,-0.4625f,0f,0.0489f,-0.891f,6.2744f,0f,0f,0f,1f],start_interpolation: 0,interpolation_duration: 1}
$data merge entity $(bone_head) {transformation: [-1.2269f,0f,0f,0f,0f,1.2251f,0.0672f,-0.8029f,0f,0.0672f,-1.2251f,4.64f,0f,0f,0f,1f],start_interpolation: 0,interpolation_duration: 1}
$data merge entity $(bone_neck4) {transformation: [-1.0498f,0f,0f,0f,0f,1.0462f,0.0858f,-0.7648f,0f,0.0858f,-1.0462f,4.5773f,0f,0f,0f,1f],start_interpolation: 0,interpolation_duration: 1}
$data merge entity $(bone_neck3) {transformation: [-1.1664f,0f,0f,0f,0f,1.1661f,0.0286f,-0.7523f,0f,0.0286f,-1.1661f,4.0672f,0f,0f,0f,1f],start_interpolation: 0,interpolation_duration: 1}
$data merge entity $(bone_neck2) {transformation: [-1.296f,0f,0f,0f,0f,1.2918f,-0.1039f,-0.7783f,0f,-0.1039f,-1.2918f,3.7442f,0f,0f,0f,1f],start_interpolation: 0,interpolation_duration: 1}
$data merge entity $(bone_neck1) {transformation: [-1.44f,0f,0f,0f,0f,1.4259f,-0.2009f,-0.8285f,0f,-0.2009f,-1.4259f,3.3877f,0f,0f,0f,1f],start_interpolation: 0,interpolation_duration: 1}
$data merge entity $(bone_neck0) {transformation: [-1.6f,0f,0f,0f,0f,1.5917f,-0.1631f,-0.9687f,0f,-0.1631f,-1.5917f,3f,0f,0f,0f,1f],start_interpolation: 0,interpolation_duration: 1}
$data merge entity $(bone_frontlegl) {transformation: [-0.9925f,-0.1121f,0.0477f,0.4292f,0f,0.3915f,0.9202f,-0.7622f,-0.1219f,0.9133f,-0.3886f,2.5658f,0f,0f,0f,1f],start_interpolation: 0,interpolation_duration: 1}
$data merge entity $(bone_frontlegtipleft) {transformation: [-0.9925f,-0.0733f,0.0974f,0.7984f,0f,0.7992f,0.6011f,-1.1312f,-0.1219f,0.5966f,-0.7932f,1.6104f,0f,0f,0f,1f],start_interpolation: 0,interpolation_duration: 1}
$data merge entity $(bone_frontfootleftd) {transformation: [-0.9925f,-0.1192f,-0.0252f,0.8985f,0f,-0.2071f,0.9783f,-2.6732f,-0.1219f,0.971f,0.2055f,0.708f,0f,0f,0f,1f],start_interpolation: 0,interpolation_duration: 1}
$data merge entity $(bone_frontfootleft) {transformation: [0.9925f,0.1187f,0.0275f,0.9134f,0f,-0.2258f,0.9742f,-2.225f,0.1219f,-0.9669f,-0.2241f,0.6736f,0f,0f,0f,1f],start_interpolation: 0,interpolation_duration: 1}
$data merge entity $(bone_frontlegr) {transformation: [-0.9925f,0.1121f,-0.0477f,-0.8735f,0f,0.3915f,0.9202f,-0.8004f,0.1219f,0.9133f,-0.3886f,2.6099f,0f,0f,0f,1f],start_interpolation: 0,interpolation_duration: 1}
$data merge entity $(bone_frontlegtipright) {transformation: [-0.9925f,0.0733f,-0.0974f,-0.7499f,0f,0.7992f,0.6011f,-1.093f,0.1219f,0.5966f,-0.7932f,1.5651f,0f,0f,0f,1f],start_interpolation: 0,interpolation_duration: 1}
$data merge entity $(bone_frontfootrightd) {transformation: [-0.9925f,0.1192f,0.0252f,-0.8626f,0f,-0.2071f,0.9783f,-2.6282f,0.1219f,0.971f,0.2055f,0.7338f,0f,0f,0f,1f],start_interpolation: 0,interpolation_duration: 1}
$data merge entity $(bone_frontfootright) {transformation: [0.9925f,-0.1187f,-0.0275f,-0.8577f,0f,-0.2258f,0.9742f,-2.1674f,-0.1219f,-0.9669f,-0.2241f,0.6873f,0f,0f,0f,1f],start_interpolation: 0,interpolation_duration: 1}
$data merge entity $(bone_rearlegl) {transformation: [-1.0807f,0.0495f,-0.0571f,0.0012f,0f,0.8182f,0.71f,-0.3921f,0.0756f,0.7083f,-0.8162f,-0.3936f,0f,0f,0f,1f],start_interpolation: 0,interpolation_duration: 1}
$data merge entity $(bone_rearfootleftd) {transformation: [-0.9976f,0.0339f,0.061f,0.528f,0f,-0.8742f,0.4856f,-2.2457f,0.0698f,0.4844f,0.8721f,-2.7166f,0f,0f,0f,1f],start_interpolation: 0,interpolation_duration: 1}
$data merge entity $(bone_rearfootleft) {transformation: [-0.9976f,0.0527f,0.0457f,0.566f,0f,-0.6554f,0.7553f,-1.8083f,0.0698f,0.7534f,0.6538f,-2.173f,0f,0f,0f,1f],start_interpolation: 0,interpolation_duration: 1}
$data merge entity $(bone_rearlegtipleft) {transformation: [-0.9976f,0.0689f,-0.011f,0.5732f,0f,0.1573f,0.9876f,-1.7128f,0.0698f,0.9851f,-0.1569f,-1.1737f,0f,0f,0f,1f],start_interpolation: 0,interpolation_duration: 1}
$data merge entity $(bone_rearlegr) {transformation: [-1.0807f,-0.0495f,0.0571f,-1.3757f,0f,0.8182f,0.71f,-0.3666f,-0.0756f,0.7083f,-0.8162f,-0.5097f,0f,0f,0f,1f],start_interpolation: 0,interpolation_duration: 1}
$data merge entity $(bone_rearfootrightd) {transformation: [-0.9976f,-0.061f,0.0339f,-0.5308f,0f,0.4856f,0.8742f,-2.2202f,-0.0698f,0.8721f,-0.4844f,-2.7368f,0f,0f,0f,1f],start_interpolation: 0,interpolation_duration: 1}
$data merge entity $(bone_rearfootright) {transformation: [-0.9976f,-0.0527f,-0.0457f,-0.5688f,0f,-0.6554f,0.7553f,-1.7829f,-0.0698f,0.7534f,0.6538f,-2.1932f,0f,0f,0f,1f],start_interpolation: 0,interpolation_duration: 1}
$data merge entity $(bone_rearlegtipright) {transformation: [-0.9976f,-0.0689f,0.011f,-0.7008f,0f,0.1573f,0.9876f,-1.6873f,-0.0698f,0.9851f,-0.1569f,-1.2026f,0f,0f,0f,1f],start_interpolation: 0,interpolation_duration: 1}
$data merge entity $(bone_tail11) {transformation: [-0.2937f,0f,0f,0f,0f,0.2936f,-0.0145f,-0.5445f,0f,-0.0221f,-0.332f,-7.2746f,0f,0f,0f,1f],start_interpolation: 0,interpolation_duration: 1}
$data merge entity $(bone_tail10) {transformation: [-0.3916f,0f,0f,0f,0f,0.3898f,-0.0405f,-0.5217f,0f,-0.0533f,-0.4404f,-7.0269f,0f,0f,0f,1f],start_interpolation: 0,interpolation_duration: 1}
$data merge entity $(bone_tail9) {transformation: [-0.4896f,0f,0f,0f,0f,0.4857f,-0.0638f,-0.4859f,0f,-0.0815f,-0.5485f,-6.7184f,0f,0f,0f,1f],start_interpolation: 0,interpolation_duration: 1}
$data merge entity $(bone_tail8) {transformation: [-0.5759f,0f,0f,0f,0f,0.5719f,-0.0714f,-0.4457f,0f,-0.0918f,-0.6459f,-6.355f,0f,0f,0f,1f],start_interpolation: 0,interpolation_duration: 1}
$data merge entity $(bone_tail7) {transformation: [-0.6776f,0f,0f,0f,0f,0.6755f,-0.0582f,-0.413f,0f,-0.0789f,-0.7635f,-5.9256f,0f,0f,0f,1f],start_interpolation: 0,interpolation_duration: 1}
$data merge entity $(bone_tail6) {transformation: [-0.7972f,0f,0f,0f,0f,0.7974f,-0.0198f,-0.4019f,0f,-0.0378f,-0.9022f,-5.4181f,0f,0f,0f,1f],start_interpolation: 0,interpolation_duration: 1}
$data merge entity $(bone_tail5) {transformation: [-0.8857f,0f,0f,0f,0f,0.8854f,0.0399f,-0.4243f,0f,0.0281f,-1.0029f,-4.8539f,0f,0f,0f,1f],start_interpolation: 0,interpolation_duration: 1}
$data merge entity $(bone_tail4) {transformation: [-0.9842f,0f,0f,0f,0f,0.9792f,0.1053f,-0.4835f,0f,0.1003f,-1.1103f,-4.2294f,0f,0f,0f,1f],start_interpolation: 0,interpolation_duration: 1}
$data merge entity $(bone_tail3) {transformation: [-1.0935f,0f,0f,0f,0f,1.0824f,0.1602f,-0.5736f,0f,0.1605f,-1.2282f,-3.5385f,0f,0f,0f,1f],start_interpolation: 0,interpolation_duration: 1}
$data merge entity $(bone_tail2) {transformation: [-1.215f,0f,0f,0f,0f,1.2012f,0.188f,-0.6793f,0f,0.1896f,-1.3632f,-2.7717f,0f,0f,0f,1f],start_interpolation: 0,interpolation_duration: 1}
$data merge entity $(bone_tail1) {transformation: [-1.35f,0f,0f,0f,0f,1.3395f,0.1751f,-0.7778f,0f,0.1723f,-1.5195f,-1.917f,0f,0f,0f,1f],start_interpolation: 0,interpolation_duration: 1}
$data merge entity $(bone_tail0) {transformation: [-1.5f,0f,0f,0f,0f,1.4965f,0.1156f,-0.4687f,0f,0.102f,-1.6961f,-0.9375f,0f,0f,0f,1f],start_interpolation: 0,interpolation_duration: 1}