# This file was generated by Animated Java via MC-Build. It is not recommended to edit this file directly.
$data merge entity $(bone_leftwing20) {transformation: [-2.4672f,1.0719f,1.2311f,4.5256f,1.4321f,2.4921f,0.7002f,-2.482f,-0.7834f,1.1799f,-2.5973f,3.1343f,0f,0f,0f,1f],start_interpolation: 0,interpolation_duration: 1}
$data merge entity $(bone_leftwing21) {transformation: [-2.5993f,1.0718f,-0.9196f,4.5256f,0.4911f,2.492f,1.5165f,-2.482f,1.3241f,1.1798f,-2.3676f,3.1343f,0f,0f,0f,1f],start_interpolation: 0,interpolation_duration: 1}
$data merge entity $(bone_leftwing22) {transformation: [-1.1464f,1.0739f,-2.5134f,4.5256f,-0.7512f,2.4968f,1.4094f,-2.482f,2.628f,1.1821f,-0.6935f,3.1343f,0f,0f,0f,1f],start_interpolation: 0,interpolation_duration: 1}
$data merge entity $(bone_leftwing23) {transformation: [0.9955f,1.0568f,-2.5296f,4.5256f,-1.5112f,2.457f,0.4317f,-2.482f,2.2874f,1.1633f,1.3862f,3.1343f,0f,0f,0f,1f],start_interpolation: 0,interpolation_duration: 1}
$data merge entity $(bone_leftwing1) {transformation: [-1.5719f,0.7247f,1.0021f,2.1678f,1.0123f,1.6848f,0.3696f,-0.9635f,-0.7102f,0.7977f,-1.6909f,2.0689f,0f,0f,0f,1f],start_interpolation: 0,interpolation_duration: 1}
$data merge entity $(bone_leftwing) {transformation: [-0.9869f,0.6134f,0.1046f,0.6875f,0.6007f,0.888f,0.4602f,-0.0625f,0.1624f,0.4431f,-1.067f,2.3125f,0f,0f,0f,1f],start_interpolation: 0,interpolation_duration: 1}
$data merge entity $(bone_rightwing20) {transformation: [-2.4672f,-1.0719f,-1.2311f,-4.5256f,-1.4321f,2.4921f,0.7002f,-2.482f,0.7834f,1.1799f,-2.5973f,3.1343f,0f,0f,0f,1f],start_interpolation: 0,interpolation_duration: 1}
$data merge entity $(bone_rightwing21) {transformation: [-2.5994f,-1.0719f,0.9196f,-4.5256f,-0.4911f,2.4921f,1.5165f,-2.482f,-1.3242f,1.1799f,-2.3677f,3.1343f,0f,0f,0f,1f],start_interpolation: 0,interpolation_duration: 1}
$data merge entity $(bone_rightwing22) {transformation: [-1.1442f,-1.0719f,2.5087f,-4.5256f,0.7497f,2.4921f,1.4068f,-2.482f,-2.6231f,1.1799f,-0.6922f,3.1343f,0f,0f,0f,1f],start_interpolation: 0,interpolation_duration: 1}
$data merge entity $(bone_rightwing23) {transformation: [0.9955f,-1.0568f,2.5296f,-4.5256f,1.5112f,2.457f,0.4317f,-2.482f,-2.2874f,1.1633f,1.3862f,3.1343f,0f,0f,0f,1f],start_interpolation: 0,interpolation_duration: 1}
$data merge entity $(bone_rightwing1) {transformation: [-1.5719f,-0.7247f,-1.0021f,-2.1678f,-1.0123f,1.6848f,0.3696f,-0.9635f,0.7102f,0.7977f,-1.6909f,2.0689f,0f,0f,0f,1f],start_interpolation: 0,interpolation_duration: 1}
$data merge entity $(bone_rightwing) {transformation: [-0.9869f,-0.6134f,-0.1046f,-0.6875f,-0.6007f,0.888f,0.4602f,-0.0625f,-0.1624f,0.4431f,-1.067f,2.3125f,0f,0f,0f,1f],start_interpolation: 0,interpolation_duration: 1}
$data merge entity $(bone_eyebrow) {transformation: [-0.8923f,0f,0f,0f,0f,0.892f,0.0223f,-0.6389f,0f,0.0223f,-0.892f,6.2657f,0f,0f,0f,1f],start_interpolation: 0,interpolation_duration: 1}
$data merge entity $(bone_head) {transformation: [-1.2269f,0f,0f,0f,0f,1.2265f,0.0306f,-1.0278f,0f,0.0306f,-1.2265f,4.6421f,0f,0f,0f,1f],start_interpolation: 0,interpolation_duration: 1}
$data merge entity $(bone_neck4) {transformation: [-1.0498f,0f,0f,0f,0f,1.0471f,0.0752f,-0.9904f,0f,0.0752f,-1.0471f,4.5791f,0f,0f,0f,1f],start_interpolation: 0,interpolation_duration: 1}
$data merge entity $(bone_neck3) {transformation: [-1.1664f,0f,0f,0f,0f,1.1485f,0.2035f,-0.9014f,0f,0.2035f,-1.1485f,4.0766f,0f,0f,0f,1f],start_interpolation: 0,interpolation_duration: 1}
$data merge entity $(bone_neck2) {transformation: [-1.296f,0f,0f,0f,0f,1.2644f,0.2845f,-0.8303f,0f,0.2845f,-1.2644f,3.7605f,0f,0f,0f,1f],start_interpolation: 0,interpolation_duration: 1}
$data merge entity $(bone_neck1) {transformation: [-1.44f,0f,0f,0f,0f,1.4195f,0.2421f,-0.7697f,0f,0.2421f,-1.4195f,3.4056f,0f,0f,0f,1f],start_interpolation: 0,interpolation_duration: 1}
$data merge entity $(bone_neck0) {transformation: [-1.6f,0f,0f,0f,0f,1.5967f,0.1031f,-0.8437f,0f,0.1031f,-1.5967f,3f,0f,0f,0f,1f],start_interpolation: 0,interpolation_duration: 1}
$data merge entity $(bone_frontlegl) {transformation: [-0.9925f,-0.1093f,0.0539f,0.4295f,0f,0.442f,0.897f,-0.6349f,-0.1219f,0.8903f,-0.4387f,2.563f,0f,0f,0f,1f],start_interpolation: 0,interpolation_duration: 1}
$data merge entity $(bone_frontlegtipleft) {transformation: [-0.9925f,-0.0677f,0.1013f,0.796f,0f,0.8313f,0.5558f,-1.0585f,-0.1219f,0.5517f,-0.8251f,1.6294f,0f,0f,0f,1f],start_interpolation: 0,interpolation_duration: 1}
$data merge entity $(bone_frontfootleftd) {transformation: [-0.9925f,-0.1204f,-0.0186f,0.8856f,0f,-0.1524f,0.9883f,-2.6485f,-0.1219f,0.9809f,0.1513f,0.8133f,0f,0f,0f,1f],start_interpolation: 0,interpolation_duration: 1}
$data merge entity $(bone_frontfootleft) {transformation: [0.9925f,0.117f,0.0341f,0.9035f,0f,-0.2795f,0.9601f,-2.203f,0.1219f,-0.953f,-0.2774f,0.7543f,0f,0f,0f,1f],start_interpolation: 0,interpolation_duration: 1}
$data merge entity $(bone_frontlegr) {transformation: [-0.9925f,0.1093f,-0.0539f,-0.8736f,0f,0.442f,0.897f,-0.6771f,0.1219f,0.8903f,-0.4387f,2.6093f,0f,0f,0f,1f],start_interpolation: 0,interpolation_duration: 1}
$data merge entity $(bone_frontlegtipright) {transformation: [-0.9925f,0.0677f,-0.1013f,-0.7478f,0f,0.8313f,0.5558f,-1.026f,0.1219f,0.5517f,-0.8251f,1.5822f,0f,0f,0f,1f],start_interpolation: 0,interpolation_duration: 1}
$data merge entity $(bone_frontfootrightd) {transformation: [-0.9925f,0.1204f,0.0186f,-0.85f,0f,-0.1524f,0.9883f,-2.6054f,0.1219f,0.9809f,0.1513f,0.8367f,0f,0f,0f,1f],start_interpolation: 0,interpolation_duration: 1}
$data merge entity $(bone_frontfootright) {transformation: [0.9925f,-0.117f,-0.0341f,-0.8482f,0f,-0.2795f,0.9601f,-2.1478f,-0.1219f,-0.953f,-0.2774f,0.7649f,0f,0f,0f,1f],start_interpolation: 0,interpolation_duration: 1}
$data merge entity $(bone_rearlegl) {transformation: [-1.0807f,0.0463f,-0.0597f,0.0003f,0f,0.8564f,0.6635f,-0.2679f,0.0756f,0.6619f,-0.8543f,-0.4065f,0f,0f,0f,1f],start_interpolation: 0,interpolation_duration: 1}
$data merge entity $(bone_rearfootleftd) {transformation: [-0.9976f,0.0372f,0.059f,0.5345f,0f,-0.8459f,0.5333f,-2.2452f,0.0698f,0.532f,0.8438f,-2.6234f,0f,0f,0f,1f],start_interpolation: 0,interpolation_duration: 1}
$data merge entity $(bone_rearfootleft) {transformation: [-0.9976f,0.0551f,0.0427f,0.5708f,0f,-0.6125f,0.7905f,-1.7783f,0.0698f,0.7886f,0.611f,-2.1048f,0f,0f,0f,1f],start_interpolation: 0,interpolation_duration: 1}
$data merge entity $(bone_rearlegtipleft) {transformation: [-0.9976f,0.0682f,-0.0148f,0.5775f,0f,0.2119f,0.9773f,-1.6275f,0.0698f,0.9749f,-0.2113f,-1.1123f,0f,0f,0f,1f],start_interpolation: 0,interpolation_duration: 1}
$data merge entity $(bone_rearlegr) {transformation: [-1.0807f,-0.0463f,0.0597f,-1.3747f,0f,0.8564f,0.6635f,-0.2435f,-0.0756f,0.6619f,-0.8543f,-0.524f,0f,0f,0f,1f],start_interpolation: 0,interpolation_duration: 1}
$data merge entity $(bone_rearfootrightd) {transformation: [-0.9976f,-0.059f,0.0372f,-0.5373f,0f,0.5333f,0.8459f,-2.2209f,-0.0698f,0.8438f,-0.532f,-2.645f,0f,0f,0f,1f],start_interpolation: 0,interpolation_duration: 1}
$data merge entity $(bone_rearfootright) {transformation: [-0.9976f,-0.0551f,-0.0427f,-0.5735f,0f,-0.6125f,0.7905f,-1.754f,-0.0698f,0.7886f,0.611f,-2.1263f,0f,0f,0f,1f],start_interpolation: 0,interpolation_duration: 1}
$data merge entity $(bone_rearlegtipright) {transformation: [-0.9976f,-0.0682f,0.0148f,-0.705f,0f,0.2119f,0.9773f,-1.6032f,-0.0698f,0.9749f,-0.2113f,-1.1426f,0f,0f,0f,1f],start_interpolation: 0,interpolation_duration: 1}
$data merge entity $(bone_tail11) {transformation: [-0.2937f,0f,0f,0f,0f,0.2938f,0.002f,-1.6439f,0f,0.0058f,-0.3328f,-7.1688f,0f,0f,0f,1f],start_interpolation: 0,interpolation_duration: 1}
$data merge entity $(bone_tail10) {transformation: [-0.3916f,0f,0f,0f,0f,0.3917f,-0.004f,-1.6417f,0f,0.0003f,-0.4438f,-6.9192f,0f,0f,0f,1f],start_interpolation: 0,interpolation_duration: 1}
$data merge entity $(bone_tail9) {transformation: [-0.4896f,0f,0f,0f,0f,0.4889f,-0.0278f,-1.626f,0f,-0.0256f,-0.5541f,-6.6075f,0f,0f,0f,1f],start_interpolation: 0,interpolation_duration: 1}
$data merge entity $(bone_tail8) {transformation: [-0.5759f,0f,0f,0f,0f,0.5718f,-0.0704f,-1.5864f,0f,-0.0727f,-0.6485f,-6.2427f,0f,0f,0f,1f],start_interpolation: 0,interpolation_duration: 1}
$data merge entity $(bone_tail7) {transformation: [-0.6776f,0f,0f,0f,0f,0.6654f,-0.1291f,-1.5138f,0f,-0.1381f,-0.7553f,-5.8179f,0f,0f,0f,1f],start_interpolation: 0,interpolation_duration: 1}
$data merge entity $(bone_tail6) {transformation: [-0.7972f,0f,0f,0f,0f,0.773f,-0.1958f,-1.4037f,0f,-0.2123f,-0.878f,-5.324f,0f,0f,0f,1f],start_interpolation: 0,interpolation_duration: 1}
$data merge entity $(bone_tail5) {transformation: [-0.8857f,0f,0f,0f,0f,0.8518f,-0.2437f,-1.2666f,0f,-0.2657f,-0.9678f,-4.7796f,0f,0f,0f,1f],start_interpolation: 0,interpolation_duration: 1}
$data merge entity $(bone_tail4) {transformation: [-0.9842f,0f,0f,0f,0f,0.9471f,-0.2685f,-1.1156f,0f,-0.2926f,-1.0761f,-4.1743f,0f,0f,0f,1f],start_interpolation: 0,interpolation_duration: 1}
$data merge entity $(bone_tail3) {transformation: [-1.0935f,0f,0f,0f,0f,1.0621f,-0.2614f,-0.9686f,0f,-0.2831f,-1.2063f,-3.4958f,0f,0f,0f,1f],start_interpolation: 0,interpolation_duration: 1}
$data merge entity $(bone_tail2) {transformation: [-1.215f,0f,0f,0f,0f,1.1952f,-0.2201f,-0.8447f,0f,-0.2347f,-1.3566f,-2.7328f,0f,0f,0f,1f],start_interpolation: 0,interpolation_duration: 1}
$data merge entity $(bone_tail1) {transformation: [-1.35f,0f,0f,0f,0f,1.3418f,-0.1516f,-0.7595f,0f,-0.1553f,-1.5218f,-1.8768f,0f,0f,0f,1f],start_interpolation: 0,interpolation_duration: 1}
$data merge entity $(bone_tail0) {transformation: [-1.5f,0f,0f,0f,0f,1.4986f,-0.073f,-0.3437f,0f,-0.0645f,-1.6984f,-0.9375f,0f,0f,0f,1f],start_interpolation: 0,interpolation_duration: 1}