# This file was generated by Animated Java via MC-Build. It is not recommended to edit this file directly.
$data merge entity $(bone_leftwing20) {transformation: [-1.9826f,1.7439f,1.3341f,3.8172f,2.0862f,2.0566f,0.412f,-3.4813f,-0.6846f,1.217f,-2.6081f,3.0358f,0f,0f,0f,1f],start_interpolation: 0,interpolation_duration: 1}
$data merge entity $(bone_leftwing21) {transformation: [-2.3368f,1.7438f,-0.4994f,3.8172f,1.1528f,2.0565f,1.7868f,-3.4813f,1.4005f,1.2169f,-2.3041f,3.0358f,0f,0f,0f,1f],start_interpolation: 0,interpolation_duration: 1}
$data merge entity $(bone_leftwing22) {transformation: [-1.2665f,1.7472f,-2.0318f,3.8172f,-0.4855f,2.0605f,2.0745f,-3.4813f,2.6353f,1.2192f,-0.5943f,3.0358f,0f,0f,0f,1f],start_interpolation: 0,interpolation_duration: 1}
$data merge entity $(bone_leftwing23) {transformation: [0.5725f,1.7193f,-2.2854f,3.8172f,-1.8003f,2.0276f,1.0744f,-3.4813f,2.2222f,1.1998f,1.4592f,3.0358f,0f,0f,0f,1f],start_interpolation: 0,interpolation_duration: 1}
$data merge entity $(bone_leftwing1) {transformation: [-1.2387f,1.179f,1.0371f,1.9591f,1.4318f,1.3904f,0.1296f,-1.3336f,-0.6446f,0.8227f,-1.7052f,2.0689f,0f,0f,0f,1f],start_interpolation: 0,interpolation_duration: 1}
$data merge entity $(bone_leftwing) {transformation: [-0.8477f,0.7733f,0.211f,0.6875f,0.7849f,0.7387f,0.4465f,-0.1562f,0.1624f,0.4664f,-1.057f,2.3125f,0f,0f,0f,1f],start_interpolation: 0,interpolation_duration: 1}
$data merge entity $(bone_rightwing20) {transformation: [-1.9826f,-1.7439f,-1.3341f,-3.8172f,-2.0862f,2.0566f,0.412f,-3.4813f,0.6846f,1.217f,-2.6081f,3.0358f,0f,0f,0f,1f],start_interpolation: 0,interpolation_duration: 1}
$data merge entity $(bone_rightwing21) {transformation: [-2.3369f,-1.7439f,0.4994f,-3.8172f,-1.1528f,2.0566f,1.7869f,-3.4813f,-1.4005f,1.217f,-2.3042f,3.0358f,0f,0f,0f,1f],start_interpolation: 0,interpolation_duration: 1}
$data merge entity $(bone_rightwing22) {transformation: [-1.2641f,-1.7439f,2.0279f,-3.8172f,0.4846f,2.0566f,2.0706f,-3.4813f,-2.6304f,1.217f,-0.5932f,3.0358f,0f,0f,0f,1f],start_interpolation: 0,interpolation_duration: 1}
$data merge entity $(bone_rightwing23) {transformation: [0.5725f,-1.7193f,2.2854f,-3.8172f,1.8003f,2.0276f,1.0744f,-3.4813f,-2.2222f,1.1998f,1.4592f,3.0358f,0f,0f,0f,1f],start_interpolation: 0,interpolation_duration: 1}
$data merge entity $(bone_rightwing1) {transformation: [-1.2387f,-1.179f,-1.0371f,-1.9591f,-1.4318f,1.3904f,0.1296f,-1.3336f,0.6446f,0.8227f,-1.7052f,2.0689f,0f,0f,0f,1f],start_interpolation: 0,interpolation_duration: 1}
$data merge entity $(bone_rightwing) {transformation: [-0.8477f,-0.7733f,-0.211f,-0.6875f,-0.7849f,0.7387f,0.4465f,-0.1562f,-0.1624f,0.4664f,-1.057f,2.3125f,0f,0f,0f,1f],start_interpolation: 0,interpolation_duration: 1}
$data merge entity $(bone_eyebrow) {transformation: [-0.8923f,0f,0f,0f,0f,0.8923f,0.0074f,-0.6978f,0f,0.0074f,-0.8923f,6.2634f,0f,0f,0f,1f],start_interpolation: 0,interpolation_duration: 1}
$data merge entity $(bone_head) {transformation: [-1.2269f,0f,0f,0f,0f,1.2269f,0.0102f,-1.1137f,0f,0.0102f,-1.2269f,4.6466f,0f,0f,0f,1f],start_interpolation: 0,interpolation_duration: 1}
$data merge entity $(bone_neck4) {transformation: [-1.0498f,0f,0f,0f,0f,1.0488f,0.0445f,-1.0781f,0f,0.0445f,-1.0488f,4.5824f,0f,0f,0f,1f],start_interpolation: 0,interpolation_duration: 1}
$data merge entity $(bone_neck3) {transformation: [-1.1664f,0f,0f,0f,0f,1.1539f,0.1706f,-1.0035f,0f,0.1706f,-1.1539f,4.0776f,0f,0f,0f,1f],start_interpolation: 0,interpolation_duration: 1}
$data merge entity $(bone_neck2) {transformation: [-1.296f,0f,0f,0f,0f,1.2669f,0.2732f,-0.9352f,0f,0.2732f,-1.2669f,3.7609f,0f,0f,0f,1f],start_interpolation: 0,interpolation_duration: 1}
$data merge entity $(bone_neck1) {transformation: [-1.44f,0f,0f,0f,0f,1.4164f,0.2598f,-0.8703f,0f,0.2598f,-1.4164f,3.4068f,0f,0f,0f,1f],start_interpolation: 0,interpolation_duration: 1}
$data merge entity $(bone_neck0) {transformation: [-1.6f,0f,0f,0f,0f,1.5947f,0.1297f,-0.9375f,0f,0.1297f,-1.5947f,3f,0f,0f,0f,1f],start_interpolation: 0,interpolation_duration: 1}
$data merge entity $(bone_frontlegl) {transformation: [-0.9925f,-0.109f,0.0545f,0.4296f,0f,0.447f,0.8945f,-0.7285f,-0.1219f,0.8879f,-0.4436f,2.5627f,0f,0f,0f,1f],start_interpolation: 0,interpolation_duration: 1}
$data merge entity $(bone_frontlegtipleft) {transformation: [-0.9925f,-0.0672f,0.1017f,0.7958f,0f,0.8344f,0.5512f,-1.1574f,-0.1219f,0.5471f,-0.8281f,1.6314f,0f,0f,0f,1f],start_interpolation: 0,interpolation_duration: 1}
$data merge entity $(bone_frontfootleftd) {transformation: [-0.9925f,-0.1205f,-0.0179f,0.8842f,0f,-0.1469f,0.9891f,-2.7519f,-0.1219f,0.9818f,0.1459f,0.8242f,0f,0f,0f,1f],start_interpolation: 0,interpolation_duration: 1}
$data merge entity $(bone_frontfootleft) {transformation: [0.9925f,0.1168f,0.0347f,0.9025f,0f,-0.2849f,0.9586f,-2.3068f,0.1219f,-0.9514f,-0.2827f,0.7627f,0f,0f,0f,1f],start_interpolation: 0,interpolation_duration: 1}
$data merge entity $(bone_frontlegr) {transformation: [-0.9925f,0.109f,-0.0545f,-0.8736f,0f,0.447f,0.8945f,-0.771f,0.1219f,0.8879f,-0.4436f,2.6093f,0f,0f,0f,1f],start_interpolation: 0,interpolation_duration: 1}
$data merge entity $(bone_frontlegtipright) {transformation: [-0.9925f,0.0672f,-0.1017f,-0.7476f,0f,0.8344f,0.5512f,-1.1255f,0.1219f,0.5471f,-0.8281f,1.5841f,0f,0f,0f,1f],start_interpolation: 0,interpolation_duration: 1}
$data merge entity $(bone_frontfootrightd) {transformation: [-0.9925f,0.1205f,0.0179f,-0.8487f,0f,-0.1469f,0.9891f,-2.709f,0.1219f,0.9818f,0.1459f,0.8473f,0f,0f,0f,1f],start_interpolation: 0,interpolation_duration: 1}
$data merge entity $(bone_frontfootright) {transformation: [0.9925f,-0.1168f,-0.0347f,-0.8472f,0f,-0.2849f,0.9586f,-2.2519f,-0.1219f,-0.9514f,-0.2827f,0.773f,0f,0f,0f,1f],start_interpolation: 0,interpolation_duration: 1}
$data merge entity $(bone_rearlegl) {transformation: [-1.0807f,0.046f,-0.06f,0.0002f,0f,0.86f,0.6587f,-0.3618f,0.0756f,0.6571f,-0.8579f,-0.4078f,0f,0f,0f,1f],start_interpolation: 0,interpolation_duration: 1}
$data merge entity $(bone_rearfootleftd) {transformation: [-0.9976f,0.0375f,0.0588f,0.5352f,0f,-0.8429f,0.538f,-2.3512f,0.0698f,0.5367f,0.8409f,-2.6137f,0f,0f,0f,1f],start_interpolation: 0,interpolation_duration: 1}
$data merge entity $(bone_rearfootleft) {transformation: [-0.9976f,0.0554f,0.0424f,0.5713f,0f,-0.6081f,0.7939f,-1.8814f,0.0698f,0.7919f,0.6066f,-2.0977f,0f,0f,0f,1f],start_interpolation: 0,interpolation_duration: 1}
$data merge entity $(bone_rearlegtipleft) {transformation: [-0.9976f,0.0681f,-0.0152f,0.5779f,0f,0.2173f,0.9761f,-1.7251f,0.0698f,0.9737f,-0.2168f,-1.106f,0f,0f,0f,1f],start_interpolation: 0,interpolation_duration: 1}
$data merge entity $(bone_rearlegr) {transformation: [-1.0807f,-0.046f,0.06f,-1.3746f,0f,0.86f,0.6587f,-0.3375f,-0.0756f,0.6571f,-0.8579f,-0.5254f,0f,0f,0f,1f],start_interpolation: 0,interpolation_duration: 1}
$data merge entity $(bone_rearfootrightd) {transformation: [-0.9976f,-0.0588f,0.0375f,-0.5379f,0f,0.538f,0.8429f,-2.3269f,-0.0698f,0.8409f,-0.5367f,-2.6354f,0f,0f,0f,1f],start_interpolation: 0,interpolation_duration: 1}
$data merge entity $(bone_rearfootright) {transformation: [-0.9976f,-0.0554f,-0.0424f,-0.574f,0f,-0.6081f,0.7939f,-1.8572f,-0.0698f,0.7919f,0.6066f,-2.1194f,0f,0f,0f,1f],start_interpolation: 0,interpolation_duration: 1}
$data merge entity $(bone_rearlegtipright) {transformation: [-0.9976f,-0.0681f,0.0152f,-0.7054f,0f,0.2173f,0.9761f,-1.7009f,-0.0698f,0.9737f,-0.2168f,-1.1364f,0f,0f,0f,1f],start_interpolation: 0,interpolation_duration: 1}
$data merge entity $(bone_tail11) {transformation: [-0.2937f,0f,0f,0f,0f,0.2938f,0.0053f,-1.6914f,0f,0.0105f,-0.3326f,-7.1757f,0f,0f,0f,1f],start_interpolation: 0,interpolation_duration: 1}
$data merge entity $(bone_tail10) {transformation: [-0.3916f,0f,0f,0f,0f,0.3918f,0.0065f,-1.695f,0f,0.0133f,-0.4435f,-6.9262f,0f,0f,0f,1f],start_interpolation: 0,interpolation_duration: 1}
$data merge entity $(bone_tail9) {transformation: [-0.4896f,0f,0f,0f,0f,0.4897f,-0.0086f,-1.6902f,0f,-0.0022f,-0.5546f,-6.6142f,0f,0f,0f,1f],start_interpolation: 0,interpolation_duration: 1}
$data merge entity $(bone_tail8) {transformation: [-0.5759f,0f,0f,0f,0f,0.5745f,-0.0439f,-1.6655f,0f,-0.0409f,-0.6512f,-6.2479f,0f,0f,0f,1f],start_interpolation: 0,interpolation_duration: 1}
$data merge entity $(bone_tail7) {transformation: [-0.6776f,0f,0f,0f,0f,0.6707f,-0.0985f,-1.6101f,0f,-0.1012f,-0.761f,-5.8198f,0f,0f,0f,1f],start_interpolation: 0,interpolation_duration: 1}
$data merge entity $(bone_tail6) {transformation: [-0.7972f,0f,0f,0f,0f,0.78f,-0.1662f,-1.5166f,0f,-0.1763f,-0.8858f,-5.3216f,0f,0f,0f,1f],start_interpolation: 0,interpolation_duration: 1}
$data merge entity $(bone_tail5) {transformation: [-0.8857f,0f,0f,0f,0f,0.8577f,-0.2224f,-1.3915f,0f,-0.2387f,-0.9747f,-4.7733f,0f,0f,0f,1f],start_interpolation: 0,interpolation_duration: 1}
$data merge entity $(bone_tail4) {transformation: [-0.9842f,0f,0f,0f,0f,0.9497f,-0.2596f,-1.2455f,0f,-0.2794f,-1.0794f,-4.1661f,0f,0f,0f,1f],start_interpolation: 0,interpolation_duration: 1}
$data merge entity $(bone_tail3) {transformation: [-1.0935f,0f,0f,0f,0f,1.061f,-0.2666f,-1.0955f,0f,-0.2856f,-1.2055f,-3.488f,0f,0f,0f,1f],start_interpolation: 0,interpolation_duration: 1}
$data merge entity $(bone_tail2) {transformation: [-1.215f,0f,0f,0f,0f,1.1921f,-0.2374f,-0.962f,0f,-0.2506f,-1.3536f,-2.7266f,0f,0f,0f,1f],start_interpolation: 0,interpolation_duration: 1}
$data merge entity $(bone_tail1) {transformation: [-1.35f,0f,0f,0f,0f,1.3392f,-0.1748f,-0.8637f,0f,-0.1774f,-1.5192f,-1.8721f,0f,0f,0f,1f],start_interpolation: 0,interpolation_duration: 1}
$data merge entity $(bone_tail0) {transformation: [-1.5f,0f,0f,0f,0f,1.4978f,-0.0919f,-0.4375f,0f,-0.0811f,-1.6975f,-0.9375f,0f,0f,0f,1f],start_interpolation: 0,interpolation_duration: 1}