# This file was generated by Animated Java via MC-Build. It is not recommended to edit this file directly.
$data merge entity $(bone_leftwing20) {transformation: [-1.4251f,2.2429f,1.3f,3.066f,2.5308f,1.5252f,0.1429f,-3.9861f,-0.5619f,1.181f,-2.6535f,2.9169f,0f,0f,0f,1f],start_interpolation: 0,interpolation_duration: 1}
$data merge entity $(bone_leftwing21) {transformation: [-1.925f,2.2428f,-0.1221f,3.066f,1.6551f,1.5251f,1.9197f,-3.9861f,1.5184f,1.1809f,-2.2474f,2.9169f,0f,0f,0f,1f],start_interpolation: 0,interpolation_duration: 1}
$data merge entity $(bone_leftwing22) {transformation: [-1.2518f,2.2471f,-1.4724f,3.066f,-0.2316f,1.5281f,2.529f,-3.9861f,2.6765f,1.1832f,-0.4698f,2.9169f,0f,0f,0f,1f],start_interpolation: 0,interpolation_duration: 1}
$data merge entity $(bone_leftwing23) {transformation: [0.1865f,2.2113f,-1.8927f,3.066f,-1.9486f,1.5037f,1.5649f,-3.9861f,2.1622f,1.1644f,1.5735f,2.9169f,0f,0f,0f,1f],start_interpolation: 0,interpolation_duration: 1}
$data merge entity $(bone_leftwing1) {transformation: [-0.8663f,1.5163f,0.9748f,1.7665f,1.7117f,1.0311f,-0.0827f,-1.4186f,-0.5653f,0.7984f,-1.7444f,2.0689f,0f,0f,0f,1f],start_interpolation: 0,interpolation_duration: 1}
$data merge entity $(bone_leftwing) {transformation: [-0.7193f,0.8757f,0.2772f,0.6875f,0.904f,0.6127f,0.4103f,-0.0625f,0.1624f,0.4678f,-1.0564f,2.3125f,0f,0f,0f,1f],start_interpolation: 0,interpolation_duration: 1}
$data merge entity $(bone_rightwing20) {transformation: [-1.4251f,-2.2429f,-1.3f,-3.066f,-2.5308f,1.5252f,0.1429f,-3.9861f,0.5619f,1.181f,-2.6535f,2.9169f,0f,0f,0f,1f],start_interpolation: 0,interpolation_duration: 1}
$data merge entity $(bone_rightwing21) {transformation: [-1.9251f,-2.2429f,0.1221f,-3.066f,-1.6552f,1.5252f,1.9198f,-3.9861f,-1.5185f,1.181f,-2.2475f,2.9169f,0f,0f,0f,1f],start_interpolation: 0,interpolation_duration: 1}
$data merge entity $(bone_rightwing22) {transformation: [-1.2495f,-2.2429f,1.4696f,-3.066f,0.2312f,1.5252f,2.5243f,-3.9861f,-2.6715f,1.181f,-0.4689f,2.9169f,0f,0f,0f,1f],start_interpolation: 0,interpolation_duration: 1}
$data merge entity $(bone_rightwing23) {transformation: [0.1865f,-2.2113f,1.8927f,-3.066f,1.9486f,1.5037f,1.5649f,-3.9861f,-2.1622f,1.1644f,1.5735f,2.9169f,0f,0f,0f,1f],start_interpolation: 0,interpolation_duration: 1}
$data merge entity $(bone_rightwing1) {transformation: [-0.8663f,-1.5163f,-0.9748f,-1.7665f,-1.7117f,1.0311f,-0.0827f,-1.4186f,0.5653f,0.7984f,-1.7444f,2.0689f,0f,0f,0f,1f],start_interpolation: 0,interpolation_duration: 1}
$data merge entity $(bone_rightwing) {transformation: [-0.7193f,-0.8757f,-0.2772f,-0.6875f,-0.904f,0.6127f,0.4103f,-0.0625f,-0.1624f,0.4678f,-1.0564f,2.3125f,0f,0f,0f,1f],start_interpolation: 0,interpolation_duration: 1}
$data merge entity $(bone_eyebrow) {transformation: [-0.8923f,0f,0f,0f,0f,0.8923f,-0.0078f,-0.5565f,0f,-0.0078f,-0.8923f,6.2614f,0f,0f,0f,1f],start_interpolation: 0,interpolation_duration: 1}
$data merge entity $(bone_head) {transformation: [-1.2269f,0f,0f,0f,0f,1.2269f,-0.0107f,-0.9999f,0f,-0.0107f,-1.2269f,4.6519f,0f,0f,0f,1f],start_interpolation: 0,interpolation_duration: 1}
$data merge entity $(bone_neck4) {transformation: [-1.0498f,0f,0f,0f,0f,1.0497f,0.0115f,-0.9664f,0f,0.0115f,-1.0497f,4.5866f,0f,0f,0f,1f],start_interpolation: 0,interpolation_duration: 1}
$data merge entity $(bone_neck3) {transformation: [-1.1664f,0f,0f,0f,0f,1.1592f,0.129f,-0.9099f,0f,0.129f,-1.1592f,4.0795f,0f,0f,0f,1f],start_interpolation: 0,interpolation_duration: 1}
$data merge entity $(bone_neck2) {transformation: [-1.296f,0f,0f,0f,0f,1.272f,0.2484f,-0.8478f,0f,0.2484f,-1.272f,3.7615f,0f,0f,0f,1f],start_interpolation: 0,interpolation_duration: 1}
$data merge entity $(bone_neck1) {transformation: [-1.44f,0f,0f,0f,0f,1.4155f,0.2647f,-0.7817f,0f,0.2647f,-1.4155f,3.4076f,0f,0f,0f,1f],start_interpolation: 0,interpolation_duration: 1}
$data merge entity $(bone_neck0) {transformation: [-1.6f,0f,0f,0f,0f,1.593f,0.1499f,-0.8437f,0f,0.1499f,-1.593f,3f,0f,0f,0f,1f],start_interpolation: 0,interpolation_duration: 1}
$data merge entity $(bone_frontlegl) {transformation: [-0.9925f,-0.1088f,0.0549f,0.4296f,0f,0.4507f,0.8927f,-0.6345f,-0.1219f,0.886f,-0.4474f,2.5625f,0f,0f,0f,1f],start_interpolation: 0,interpolation_duration: 1}
$data merge entity $(bone_frontlegtipleft) {transformation: [-0.9925f,-0.0667f,0.102f,0.7956f,0f,0.8367f,0.5477f,-1.0676f,-0.1219f,0.5436f,-0.8304f,1.633f,0f,0f,0f,1f],start_interpolation: 0,interpolation_duration: 1}
$data merge entity $(bone_frontfootleftd) {transformation: [-0.9925f,-0.1206f,-0.0174f,0.8832f,0f,-0.1428f,0.9898f,-2.6655f,-0.1219f,0.9824f,0.1417f,0.8324f,0f,0f,0f,1f],start_interpolation: 0,interpolation_duration: 1}
$data merge entity $(bone_frontfootleft) {transformation: [0.9925f,0.1167f,0.0352f,0.9017f,0f,-0.2889f,0.9574f,-2.2207f,0.1219f,-0.9502f,-0.2867f,0.7691f,0f,0f,0f,1f],start_interpolation: 0,interpolation_duration: 1}
$data merge entity $(bone_frontlegr) {transformation: [-0.9925f,0.1088f,-0.0549f,-0.8736f,0f,0.4507f,0.8927f,-0.6774f,0.1219f,0.886f,-0.4474f,2.6092f,0f,0f,0f,1f],start_interpolation: 0,interpolation_duration: 1}
$data merge entity $(bone_frontlegtipright) {transformation: [-0.9925f,0.0667f,-0.102f,-0.7474f,0f,0.8367f,0.5477f,-1.0361f,0.1219f,0.5436f,-0.8304f,1.5855f,0f,0f,0f,1f],start_interpolation: 0,interpolation_duration: 1}
$data merge entity $(bone_frontfootrightd) {transformation: [-0.9925f,0.1206f,0.0174f,-0.8477f,0f,-0.1428f,0.9898f,-2.6227f,0.1219f,0.9824f,0.1417f,0.8554f,0f,0f,0f,1f],start_interpolation: 0,interpolation_duration: 1}
$data merge entity $(bone_frontfootright) {transformation: [0.9925f,-0.1167f,-0.0352f,-0.8464f,0f,-0.2889f,0.9574f,-2.1659f,-0.1219f,-0.9502f,-0.2867f,0.7792f,0f,0f,0f,1f],start_interpolation: 0,interpolation_duration: 1}
$data merge entity $(bone_rearlegl) {transformation: [-1.0807f,0.0457f,-0.0602f,0.0002f,0f,0.8628f,0.6551f,-0.2681f,0.0756f,0.6535f,-0.8607f,-0.4088f,0f,0f,0f,1f],start_interpolation: 0,interpolation_duration: 1}
$data merge entity $(bone_rearfootleftd) {transformation: [-0.9976f,0.0378f,0.0586f,0.5357f,0f,-0.8406f,0.5416f,-2.2666f,0.0698f,0.5403f,0.8386f,-2.6063f,0f,0f,0f,1f],start_interpolation: 0,interpolation_duration: 1}
$data merge entity $(bone_rearfootleft) {transformation: [-0.9976f,0.0556f,0.0422f,0.5716f,0f,-0.6047f,0.7964f,-1.7946f,0.0698f,0.7945f,0.6032f,-2.0922f,0f,0f,0f,1f],start_interpolation: 0,interpolation_duration: 1}
$data merge entity $(bone_rearlegtipleft) {transformation: [-0.9976f,0.068f,-0.0154f,0.5783f,0f,0.2214f,0.9752f,-1.6342f,0.0698f,0.9728f,-0.2209f,-1.1013f,0f,0f,0f,1f],start_interpolation: 0,interpolation_duration: 1}
$data merge entity $(bone_rearlegr) {transformation: [-1.0807f,-0.0457f,0.0602f,-1.3746f,0f,0.8628f,0.6551f,-0.244f,-0.0756f,0.6535f,-0.8607f,-0.5265f,0f,0f,0f,1f],start_interpolation: 0,interpolation_duration: 1}
$data merge entity $(bone_rearfootrightd) {transformation: [-0.9976f,-0.0586f,0.0378f,-0.5384f,0f,0.5416f,0.8406f,-2.2425f,-0.0698f,0.8386f,-0.5403f,-2.6281f,0f,0f,0f,1f],start_interpolation: 0,interpolation_duration: 1}
$data merge entity $(bone_rearfootright) {transformation: [-0.9976f,-0.0556f,-0.0422f,-0.5744f,0f,-0.6047f,0.7964f,-1.7705f,-0.0698f,0.7945f,0.6032f,-2.114f,0f,0f,0f,1f],start_interpolation: 0,interpolation_duration: 1}
$data merge entity $(bone_rearlegtipright) {transformation: [-0.9976f,-0.068f,0.0154f,-0.7057f,0f,0.2214f,0.9752f,-1.6101f,-0.0698f,0.9728f,-0.2209f,-1.1318f,0f,0f,0f,1f],start_interpolation: 0,interpolation_duration: 1}
$data merge entity $(bone_tail11) {transformation: [-0.2937f,0f,0f,0f,0f,0.2938f,0.0083f,-1.5077f,0f,0.0146f,-0.3324f,-7.1873f,0f,0f,0f,1f],start_interpolation: 0,interpolation_duration: 1}
$data merge entity $(bone_tail10) {transformation: [-0.3916f,0f,0f,0f,0f,0.3915f,0.0166f,-1.517f,0f,0.0257f,-0.4429f,-6.9382f,0f,0f,0f,1f],start_interpolation: 0,interpolation_duration: 1}
$data merge entity $(bone_tail9) {transformation: [-0.4896f,0f,0f,0f,0f,0.4897f,0.0111f,-1.5233f,0f,0.0212f,-0.5542f,-6.6264f,0f,0f,0f,1f],start_interpolation: 0,interpolation_duration: 1}
$data merge entity $(bone_tail8) {transformation: [-0.5759f,0f,0f,0f,0f,0.5761f,-0.0151f,-1.5148f,0f,-0.0069f,-0.6524f,-6.2595f,0f,0f,0f,1f],start_interpolation: 0,interpolation_duration: 1}
$data merge entity $(bone_tail7) {transformation: [-0.6776f,0f,0f,0f,0f,0.675f,-0.0628f,-1.4794f,0f,-0.0591f,-0.7653f,-5.829f,0f,0f,0f,1f],start_interpolation: 0,interpolation_duration: 1}
$data merge entity $(bone_tail6) {transformation: [-0.7972f,0f,0f,0f,0f,0.7872f,-0.1282f,-1.4073f,0f,-0.1312f,-0.8935f,-5.3264f,0f,0f,0f,1f],start_interpolation: 0,interpolation_duration: 1}
$data merge entity $(bone_tail5) {transformation: [-0.8857f,0f,0f,0f,0f,0.8656f,-0.1901f,-1.3004f,0f,-0.1998f,-0.9833f,-4.7733f,0f,0f,0f,1f],start_interpolation: 0,interpolation_duration: 1}
$data merge entity $(bone_tail4) {transformation: [-0.9842f,0f,0f,0f,0f,0.9555f,-0.238f,-1.1666f,0f,-0.2525f,-1.0859f,-4.1624f,0f,0f,0f,1f],start_interpolation: 0,interpolation_duration: 1}
$data merge entity $(bone_tail3) {transformation: [-1.0935f,0f,0f,0f,0f,1.0631f,-0.2587f,-1.021f,0f,-0.2741f,-1.2081f,-3.4829f,0f,0f,0f,1f],start_interpolation: 0,interpolation_duration: 1}
$data merge entity $(bone_tail2) {transformation: [-1.215f,0f,0f,0f,0f,1.1911f,-0.2431f,-0.8843f,0f,-0.2541f,-1.3527f,-2.722f,0f,0f,0f,1f],start_interpolation: 0,interpolation_duration: 1}
$data merge entity $(bone_tail1) {transformation: [-1.35f,0f,0f,0f,0f,1.3374f,-0.1893f,-0.7778f,0f,-0.1906f,-1.5174f,-1.8684f,0f,0f,0f,1f],start_interpolation: 0,interpolation_duration: 1}
$data merge entity $(bone_tail0) {transformation: [-1.5f,0f,0f,0f,0f,1.4971f,-0.1062f,-0.3437f,0f,-0.0937f,-1.6967f,-0.9375f,0f,0f,0f,1f],start_interpolation: 0,interpolation_duration: 1}