# This file was generated by Animated Java via MC-Build. It is not recommended to edit this file directly.
$data merge entity $(bone_leftwing20) {transformation: [-0.9006f,2.5714f,1.1526f,2.4179f,2.7831f,1.0012f,-0.059f,-4.4412f,-0.4414f,1.0664f,-2.7239f,2.8028f,0f,0f,0f,1f],start_interpolation: 0,interpolation_duration: 1}
$data merge entity $(bone_leftwing21) {transformation: [-1.4546f,2.5713f,0.1528f,2.4179f,1.9757f,1.0011f,1.9609f,-4.4412f,1.6527f,1.0663f,-2.2096f,2.8028f,0f,0f,0f,1f],start_interpolation: 0,interpolation_duration: 1}
$data merge entity $(bone_leftwing22) {transformation: [-1.1226f,2.5762f,-0.942f,2.4179f,-0.0382f,1.0031f,2.7887f,-4.4412f,2.7428f,1.0684f,-0.3467f,2.8028f,0f,0f,0f,1f],start_interpolation: 0,interpolation_duration: 1}
$data merge entity $(bone_leftwing23) {transformation: [-0.1005f,2.5352f,-1.4386f,2.4179f,-2.0002f,0.9871f,1.8793f,-4.4412f,2.1204f,1.0514f,1.7046f,2.8028f,0f,0f,0f,1f],start_interpolation: 0,interpolation_duration: 1}
$data merge entity $(bone_leftwing1) {transformation: [-0.5241f,1.7384f,0.8386f,1.6318f,1.8671f,0.6769f,-0.2363f,-1.6406f,-0.4892f,0.7209f,-1.8002f,2.0689f,0f,0f,0f,1f],start_interpolation: 0,interpolation_duration: 1}
$data merge entity $(bone_leftwing) {transformation: [-0.6295f,0.9362f,0.2971f,0.6875f,0.9687f,0.5335f,0.3716f,-0.1875f,0.1624f,0.4472f,-1.0653f,2.3125f,0f,0f,0f,1f],start_interpolation: 0,interpolation_duration: 1}
$data merge entity $(bone_rightwing20) {transformation: [-0.9006f,-2.5714f,-1.1526f,-2.4179f,-2.7831f,1.0012f,-0.059f,-4.4412f,0.4414f,1.0664f,-2.7239f,2.8028f,0f,0f,0f,1f],start_interpolation: 0,interpolation_duration: 1}
$data merge entity $(bone_rightwing21) {transformation: [-1.4547f,-2.5714f,-0.1528f,-2.4179f,-1.9758f,1.0012f,1.961f,-4.4412f,-1.6528f,1.0664f,-2.2097f,2.8028f,0f,0f,0f,1f],start_interpolation: 0,interpolation_duration: 1}
$data merge entity $(bone_rightwing22) {transformation: [-1.1205f,-2.5714f,0.9403f,-2.4179f,0.0382f,1.0012f,2.7835f,-4.4412f,-2.7377f,1.0664f,-0.346f,2.8028f,0f,0f,0f,1f],start_interpolation: 0,interpolation_duration: 1}
$data merge entity $(bone_rightwing23) {transformation: [-0.1005f,-2.5352f,1.4386f,-2.4179f,2.0002f,0.9871f,1.8793f,-4.4412f,-2.1204f,1.0514f,1.7046f,2.8028f,0f,0f,0f,1f],start_interpolation: 0,interpolation_duration: 1}
$data merge entity $(bone_rightwing1) {transformation: [-0.5241f,-1.7384f,-0.8386f,-1.6318f,-1.8671f,0.6769f,-0.2363f,-1.6406f,0.4892f,0.7209f,-1.8002f,2.0689f,0f,0f,0f,1f],start_interpolation: 0,interpolation_duration: 1}
$data merge entity $(bone_rightwing) {transformation: [-0.6295f,-0.9362f,-0.2971f,-0.6875f,-0.9687f,0.5335f,0.3716f,-0.1875f,-0.1624f,0.4472f,-1.0653f,2.3125f,0f,0f,0f,1f],start_interpolation: 0,interpolation_duration: 1}
$data merge entity $(bone_eyebrow) {transformation: [-0.8923f,0f,0f,0f,0f,0.892f,-0.0226f,-0.6236f,0f,-0.0226f,-0.892f,6.2593f,0f,0f,0f,1f],start_interpolation: 0,interpolation_duration: 1}
$data merge entity $(bone_head) {transformation: [-1.2269f,0f,0f,0f,0f,1.2265f,-0.0311f,-1.0937f,0f,-0.0311f,-1.2265f,4.6573f,0f,0f,0f,1f],start_interpolation: 0,interpolation_duration: 1}
$data merge entity $(bone_neck4) {transformation: [-1.0498f,0f,0f,0f,0f,1.0495f,-0.022f,-1.0623f,0f,-0.022f,-1.0495f,4.5911f,0f,0f,0f,1f],start_interpolation: 0,interpolation_duration: 1}
$data merge entity $(bone_neck3) {transformation: [-1.1664f,0f,0f,0f,0f,1.1636f,0.0809f,-1.0269f,0f,0.0809f,-1.1636f,4.082f,0f,0f,0f,1f],start_interpolation: 0,interpolation_duration: 1}
$data merge entity $(bone_neck2) {transformation: [-1.296f,0f,0f,0f,0f,1.2786f,0.2114f,-0.974f,0f,0.2114f,-1.2786f,3.7623f,0f,0f,0f,1f],start_interpolation: 0,interpolation_duration: 1}
$data merge entity $(bone_neck1) {transformation: [-1.44f,0f,0f,0f,0f,1.417f,0.2565f,-0.9099f,0f,0.2565f,-1.417f,3.4081f,0f,0f,0f,1f],start_interpolation: 0,interpolation_duration: 1}
$data merge entity $(bone_neck0) {transformation: [-1.6f,0f,0f,0f,0f,1.5917f,0.1626f,-0.9687f,0f,0.1626f,-1.5917f,3f,0f,0f,0f,1f],start_interpolation: 0,interpolation_duration: 1}
$data merge entity $(bone_frontlegl) {transformation: [-0.9925f,-0.1086f,0.0552f,0.4296f,0f,0.4531f,0.8915f,-0.7594f,-0.1219f,0.8848f,-0.4497f,2.5623f,0f,0f,0f,1f],start_interpolation: 0,interpolation_duration: 1}
$data merge entity $(bone_frontlegtipleft) {transformation: [-0.9925f,-0.0665f,0.1021f,0.7955f,0f,0.8381f,0.5455f,-1.1951f,-0.1219f,0.5414f,-0.8319f,1.634f,0f,0f,0f,1f],start_interpolation: 0,interpolation_duration: 1}
$data merge entity $(bone_frontfootleftd) {transformation: [-0.9925f,-0.1207f,-0.0171f,0.8826f,0f,-0.1401f,0.9901f,-2.7951f,-0.1219f,0.9828f,0.1391f,0.8377f,0f,0f,0f,1f],start_interpolation: 0,interpolation_duration: 1}
$data merge entity $(bone_frontfootleft) {transformation: [0.9925f,0.1166f,0.0355f,0.9012f,0f,-0.2914f,0.9566f,-2.3505f,0.1219f,-0.9495f,-0.2893f,0.7731f,0f,0f,0f,1f],start_interpolation: 0,interpolation_duration: 1}
$data merge entity $(bone_frontlegr) {transformation: [-0.9925f,0.1086f,-0.0552f,-0.8736f,0f,0.4531f,0.8915f,-0.8025f,0.1219f,0.8848f,-0.4497f,2.6092f,0f,0f,0f,1f],start_interpolation: 0,interpolation_duration: 1}
$data merge entity $(bone_frontlegtipright) {transformation: [-0.9925f,0.0665f,-0.1021f,-0.7473f,0f,0.8381f,0.5455f,-1.1638f,0.1219f,0.5414f,-0.8319f,1.5864f,0f,0f,0f,1f],start_interpolation: 0,interpolation_duration: 1}
$data merge entity $(bone_frontfootrightd) {transformation: [-0.9925f,0.1207f,0.0171f,-0.8471f,0f,-0.1401f,0.9901f,-2.7524f,0.1219f,0.9828f,0.1391f,0.8605f,0f,0f,0f,1f],start_interpolation: 0,interpolation_duration: 1}
$data merge entity $(bone_frontfootright) {transformation: [0.9925f,-0.1166f,-0.0355f,-0.8459f,0f,-0.2914f,0.9566f,-2.2958f,-0.1219f,-0.9495f,-0.2893f,0.7831f,0f,0f,0f,1f],start_interpolation: 0,interpolation_duration: 1}
$data merge entity $(bone_rearlegl) {transformation: [-1.0807f,0.0455f,-0.0603f,0.0001f,0f,0.8645f,0.6528f,-0.3932f,0.0756f,0.6512f,-0.8624f,-0.4094f,0f,0f,0f,1f],start_interpolation: 0,interpolation_duration: 1}
$data merge entity $(bone_rearfootleftd) {transformation: [-0.9976f,0.0379f,0.0585f,0.536f,0f,-0.8392f,0.5438f,-2.3974f,0.0698f,0.5425f,0.8372f,-2.6016f,0f,0f,0f,1f],start_interpolation: 0,interpolation_duration: 1}
$data merge entity $(bone_rearfootleft) {transformation: [-0.9976f,0.0557f,0.042f,0.5719f,0f,-0.6026f,0.798f,-1.9241f,0.0698f,0.7961f,0.6011f,-2.0888f,0f,0f,0f,1f],start_interpolation: 0,interpolation_duration: 1}
$data merge entity $(bone_rearlegtipleft) {transformation: [-0.9976f,0.068f,-0.0156f,0.5785f,0f,0.224f,0.9746f,-1.761f,0.0698f,0.9722f,-0.2235f,-1.0982f,0f,0f,0f,1f],start_interpolation: 0,interpolation_duration: 1}
$data merge entity $(bone_rearlegr) {transformation: [-1.0807f,-0.0455f,0.0603f,-1.3745f,0f,0.8645f,0.6528f,-0.3691f,-0.0756f,0.6512f,-0.8624f,-0.5272f,0f,0f,0f,1f],start_interpolation: 0,interpolation_duration: 1}
$data merge entity $(bone_rearfootrightd) {transformation: [-0.9976f,-0.0585f,0.0379f,-0.5388f,0f,0.5438f,0.8392f,-2.3733f,-0.0698f,0.8372f,-0.5425f,-2.6234f,0f,0f,0f,1f],start_interpolation: 0,interpolation_duration: 1}
$data merge entity $(bone_rearfootright) {transformation: [-0.9976f,-0.0557f,-0.042f,-0.5746f,0f,-0.6026f,0.798f,-1.9f,-0.0698f,0.7961f,0.6011f,-2.1107f,0f,0f,0f,1f],start_interpolation: 0,interpolation_duration: 1}
$data merge entity $(bone_rearlegtipright) {transformation: [-0.9976f,-0.068f,0.0156f,-0.7059f,0f,0.224f,0.9746f,-1.7369f,-0.0698f,0.9722f,-0.2235f,-1.1288f,0f,0f,0f,1f],start_interpolation: 0,interpolation_duration: 1}
$data merge entity $(bone_tail11) {transformation: [-0.2937f,0f,0f,0f,0f,0.2937f,0.0109f,-1.5034f,0f,0.018f,-0.3322f,-7.2011f,0f,0f,0f,1f],start_interpolation: 0,interpolation_duration: 1}
$data merge entity $(bone_tail10) {transformation: [-0.3916f,0f,0f,0f,0f,0.391f,0.0259f,-1.518f,0f,0.0368f,-0.4421f,-6.9524f,0f,0f,0f,1f],start_interpolation: 0,interpolation_duration: 1}
$data merge entity $(bone_tail9) {transformation: [-0.4896f,0f,0f,0f,0f,0.4889f,0.0302f,-1.5349f,0f,0.0436f,-0.5528f,-6.6414f,0f,0f,0f,1f],start_interpolation: 0,interpolation_duration: 1}
$data merge entity $(bone_tail8) {transformation: [-0.5759f,0f,0f,0f,0f,0.5761f,0.0145f,-1.5431f,0f,0.0274f,-0.6518f,-6.2748f,0f,0f,0f,1f],start_interpolation: 0,interpolation_duration: 1}
$data merge entity $(bone_tail7) {transformation: [-0.6776f,0f,0f,0f,0f,0.6776f,-0.0238f,-1.5297f,0f,-0.0139f,-0.7674f,-5.8431f,0f,0f,0f,1f],start_interpolation: 0,interpolation_duration: 1}
$data merge entity $(bone_tail6) {transformation: [-0.7972f,0f,0f,0f,0f,0.7933f,-0.0835f,-1.4827f,0f,-0.0793f,-0.8995f,-5.3371f,0f,0f,0f,1f],start_interpolation: 0,interpolation_duration: 1}
$data merge entity $(bone_tail5) {transformation: [-0.8857f,0f,0f,0f,0f,0.8739f,-0.1481f,-1.3994f,0f,-0.1508f,-0.9919f,-4.7792f,0f,0f,0f,1f],start_interpolation: 0,interpolation_duration: 1}
$data merge entity $(bone_tail4) {transformation: [-0.9842f,0f,0f,0f,0f,0.9633f,-0.2046f,-1.2843f,0f,-0.213f,-1.0943f,-4.1636f,0f,0f,0f,1f],start_interpolation: 0,interpolation_duration: 1}
$data merge entity $(bone_tail3) {transformation: [-1.0935f,0f,0f,0f,0f,1.068f,-0.2382f,-1.1503f,0f,-0.2491f,-1.2134f,-3.4811f,0f,0f,0f,1f],start_interpolation: 0,interpolation_duration: 1}
$data merge entity $(bone_tail2) {transformation: [-1.215f,0f,0f,0f,0f,1.1925f,-0.2368f,-1.0171f,0f,-0.2451f,-1.3543f,-2.7193f,0f,0f,0f,1f],start_interpolation: 0,interpolation_duration: 1}
$data merge entity $(bone_tail1) {transformation: [-1.35f,0f,0f,0f,0f,1.3368f,-0.1945f,-0.9077f,0f,-0.1945f,-1.5168f,-1.8661f,0f,0f,0f,1f],start_interpolation: 0,interpolation_duration: 1}
$data merge entity $(bone_tail0) {transformation: [-1.5f,0f,0f,0f,0f,1.4965f,-0.1153f,-0.4687f,0f,-0.1017f,-1.6961f,-0.9375f,0f,0f,0f,1f],start_interpolation: 0,interpolation_duration: 1}