# This file was generated by Animated Java via MC-Build. It is not recommended to edit this file directly.
$data merge entity $(bone_leftwing20) { transformation: [-0.9005985802411663f,2.5714103588577295f,1.1526088125369647f,2.4179223412830035f,2.783137119801022f,1.0012005109272681f,-0.05900356273786253f,-4.44120105381858f,-0.4413684184039208f,1.0663875535607374f,-2.723921367432892f,1.740317590011497f,0f,0f,0f,1f], start_interpolation: 0, interpolation_duration: 1 }
$data merge entity $(bone_leftwing21) { transformation: [-1.4546476718154973f,2.571272371907486f,0.15282475527984277f,2.4179223412830035f,1.9756670835632117f,1.0011467845336535f,1.960928748379731f,-4.44120105381858f,1.652736092449706f,1.0663303291018773f,-2.209570072079837f,1.740317590011497f,0f,0f,0f,1f], start_interpolation: 0, interpolation_duration: 1 }
$data merge entity $(bone_leftwing22) { transformation: [-1.1225795762642743f,2.57623736692292f,-0.9420404965121331f,2.4179223412830035f,-0.03823410330843735f,1.0030799476046819f,2.788726043357797f,-4.44120105381858f,2.7428046633223744f,1.0683893582528299f,-0.34668563695888066f,1.740317590011497f,0f,0f,0f,1f], start_interpolation: 0, interpolation_duration: 1 }
$data merge entity $(bone_leftwing23) { transformation: [-0.1005344524256884f,2.535193311549874f,-1.4386216116104664f,2.4179223412830035f,-2.000218312145701f,0.9870990952804051f,1.8792835135492594f,-4.44120105381858f,2.120368829255163f,1.0513680105528398f,1.7045837552768401f,1.740317590011497f,0f,0f,0f,1f], start_interpolation: 0, interpolation_duration: 1 }
$data merge entity $(bone_leftwing1) { transformation: [-0.524068447818035f,1.7384182707770564f,0.8386025148007279f,1.6318196695559513f,1.867080508201017f,0.6768679510494207f,-0.2363475253477212f,-1.6405802915170546f,-0.48924701112774105f,0.7209380643790901f,-1.8002460024763012f,1.0064470733198856f,0f,0f,0f,1f], start_interpolation: 0, interpolation_duration: 1 }
$data merge entity $(bone_leftwing) { transformation: [-0.6295464463706344f,0.9362299264147269f,0.29707895896325665f,0.6874999999999999f,0.9687201943447032f,0.5334759677894043f,0.37161228178173816f,-0.1875f,0.1623686177867429f,0.44720020995941506f,-1.0652509165832194f,1.25f,0f,0f,0f,1f], start_interpolation: 0, interpolation_duration: 1 }
$data merge entity $(bone_rightwing20) { transformation: [-0.9005985802411667f,-2.5714103588577295f,-1.1526088125369642f,-2.4179223412830044f,-2.783137119801022f,1.0012005109272681f,-0.05900356273786253f,-4.44120105381858f,0.44136841840392066f,1.066387553560737f,-2.7239213674328924f,1.7403175900114967f,0f,0f,0f,1f], start_interpolation: 0, interpolation_duration: 1 }
$data merge entity $(bone_rightwing21) { transformation: [-1.454725735266925f,-2.5714103588577295f,-0.152832956597654f,-2.4179223412830044f,-1.9757731074440479f,1.0012005109272681f,1.961033981329997f,-4.44120105381858f,-1.6528247862868302f,1.066387553560737f,-2.2096886483298395f,1.7403175900114967f,0f,0f,0f,1f], start_interpolation: 0, interpolation_duration: 1 }
$data merge entity $(bone_rightwing22) { transformation: [-1.120476237209411f,-2.5714103588577295f,0.94027542737185f,-2.4179223412830044f,0.03816246537343775f,1.0012005109272681f,2.7835009025086936f,-4.44120105381858f,-2.7376655637964205f,1.066387553560737f,-0.3460360639082089f,1.7403175900114967f,0f,0f,0f,1f], start_interpolation: 0, interpolation_duration: 1 }
$data merge entity $(bone_rightwing23) { transformation: [-0.10053445242568783f,-2.535193311549874f,1.438621611610466f,-2.4179223412830044f,2.000218312145701f,0.9870990952804051f,1.8792835135492594f,-4.44120105381858f,-2.120368829255163f,1.0513680105528391f,1.7045837552768404f,1.7403175900114967f,0f,0f,0f,1f], start_interpolation: 0, interpolation_duration: 1 }
$data merge entity $(bone_rightwing1) { transformation: [-0.5240684478180352f,-1.7384182707770564f,-0.8386025148007276f,-1.6318196695559517f,-1.867080508201017f,0.6768679510494207f,-0.2363475253477212f,-1.6405802915170546f,0.48924701112774094f,0.7209380643790897f,-1.8002460024763014f,1.0064470733198854f,0f,0f,0f,1f], start_interpolation: 0, interpolation_duration: 1 }
$data merge entity $(bone_rightwing) { transformation: [-0.6295464463706344f,-0.9362299264147269f,-0.2970789589632564f,-0.6875000000000001f,-0.9687201943447032f,0.5334759677894043f,0.37161228178173816f,-0.1875f,-0.16236861778674305f,0.44720020995941484f,-1.0652509165832194f,1.25f,0f,0f,0f,1f], start_interpolation: 0, interpolation_duration: 1 }
$data merge entity $(bone_head) { transformation: [-1.2269070000000002f,3.8053313484204265e-18f,1.5020457802471605e-16f,-4.402419895991201e-16f,0f,1.2265134578336736f,-0.031072888534635863f,-1.093685479465926f,-1.5025277304014817e-16f,-0.031072888534635863f,-1.2265134578336736f,3.594848652735088f,0f,0f,0f,1f], start_interpolation: 0, interpolation_duration: 1 }
$data merge entity $(bone_neck4) { transformation: [-1.0497600000000002f,2.6924999558737003e-18f,1.2853032374654482e-16f,-4.3212470374134e-16f,0f,1.049529740624257f,-0.021985930618920707f,-1.0622617957351006f,-1.2855852238729257e-16f,-0.021985930618920707f,-1.049529740624257f,3.528565983614231f,0f,0f,0f,1f], start_interpolation: 0, interpolation_duration: 1 }
$data merge entity $(bone_neck3) { transformation: [-1.1664000000000003f,-9.902045893617367e-18f,1.4249917809150782e-16f,-3.697813133263053e-16f,0f,1.163594092523014f,0.08085634078749523f,-1.0268871466405713f,-1.428428026525473e-16f,0.08085634078749523f,-1.163594092523014f,3.0194935681354123f,0f,0f,0f,1f], start_interpolation: 0, interpolation_duration: 1 }
$data merge entity $(bone_neck2) { transformation: [-1.2960000000000003f,-2.5883891981001655e-17f,1.5658936556187213e-16f,-3.306339719358373e-16f,0f,1.278649204577971f,0.2113580176669961f,-0.9740476422238222f,-1.58714225169497e-16f,0.2113580176669961f,-1.278649204577971f,2.6998312669909197f,0f,0f,0f,1f], start_interpolation: 0, interpolation_duration: 1 }
$data merge entity $(bone_neck1) { transformation: [-1.4400000000000002f,-3.141804379236253e-17f,1.735278806922319e-16f,-2.8725200176277933e-16f,0f,1.4169626770187844f,0.2565477965911232f,-0.9099106930760414f,-1.7634913907721887e-16f,0.2565477965911232f,-1.4169626770187844f,2.3455905977362237f,0f,0f,0f,1f], start_interpolation: 0, interpolation_duration: 1 }
$data merge entity $(bone_neck0) { transformation: [-1.6f,-1.9909399409496302e-17f,1.9492938785954442e-16f,-2.372753173347997e-16f,0f,1.5917192450530377f,0.16257258356742532f,-0.96875f,-1.9594348786357652e-16f,0.16257258356742532f,-1.5917192450530377f,1.9375f,0f,0f,0f,1f], start_interpolation: 0, interpolation_duration: 1 }
$data merge entity $(bone_frontlegl) { transformation: [-0.9925461516413221f,-0.10864047963140752f,0.05522121917759074f,0.42960508137634795f,0f,0.45311821361021853f,0.891450438608162f,-0.7594349531226224f,-0.12186934340514757f,0.8848057022194996f,-0.4497407391574129f,1.4998245537879968f,0f,0f,0f,1f], start_interpolation: 0, interpolation_duration: 1 }
$data merge entity $(bone_frontlegtipleft) { transformation: [-0.9925461516413221f,-0.0664748056513294f,0.10214321845144578f,0.7954634204878807f,0f,0.8381371032079541f,0.5454596192443391f,-1.1950743749199728f,-0.12186934340514757f,0.5413938459567096f,-0.8318897563368604f,0.5715247585315386f,0f,0f,0f,1f], start_interpolation: 0, interpolation_duration: 1 }
$data merge entity $(bone_frontfootleftd) { transformation: [-0.9925461516413221f,-0.12066666108944643f,-0.01707904457299729f,0.8825863588556445f,-7.790155487967284e-17f,-0.14014225477706005f,0.9901313793764958f,-2.7951252287264285f,-0.12186934340514742f,0.9827510902194545f,0.13909765566130877f,-0.22484891908777238f,0f,0f,0f,1f], start_interpolation: 0, interpolation_duration: 1 }
$data merge entity $(bone_frontfootleft) { transformation: [0.9925461516413221f,0.11657905071070979f,0.035517063468022456f,0.9011666193014546f,1.1359212059202579e-16f,-0.2914355856496919f,0.9565904554285609f,-2.3504517606162936f,0.12186934340514753f,-0.9494601752324375f,-0.28926326898793636f,-0.2893587111512803f,0f,0f,0f,1f], start_interpolation: 0, interpolation_duration: 1 }
$data merge entity $(bone_frontlegr) { transformation: [-0.9925461516413221f,0.10864047963140729f,-0.05522121917759063f,-0.873589240466514f,0f,0.45311821361021853f,0.891450438608162f,-0.8024726640397507f,0.12186934340514732f,0.8848057022194996f,-0.4497407391574129f,1.5466847017842327f,0f,0f,0f,1f], start_interpolation: 0, interpolation_duration: 1 }
$data merge entity $(bone_frontlegtipright) { transformation: [-0.9925461516413221f,0.06647480565132927f,-0.10214321845144557f,-0.7472908823165656f,0f,0.8381371032079541f,0.5454596192443391f,-1.163802212889157f,0.12186934340514732f,0.5413938459567096f,-0.8318897563368604f,0.5239250218105505f,0f,0f,0f,1f], start_interpolation: 0, interpolation_duration: 1 }
$data merge entity $(bone_frontfootrightd) { transformation: [-0.9925461516413221f,0.12066666108944651f,0.017079044572997137f,-0.8470841563614614f,-7.790155487967284e-17f,-0.14014225477706005f,0.9901313793764958f,-2.7524301547645997f,0.12186934340514748f,0.9827510902194545f,0.13909765566130877f,-0.20201168746372358f,0f,0f,0f,1f], start_interpolation: 0, interpolation_duration: 1 }
$data merge entity $(bone_frontfootright) { transformation: [0.9925461516413221f,-0.11657905071070956f,-0.03551706346802262f,-0.8459290863689015f,1.1359212059202579e-16f,-0.2914355856496919f,0.9565904554285609f,-2.2958234150287478f,-0.12186934340514737f,-0.9494601752324375f,-0.28926326898793636f,-0.27941868302492134f,0f,0f,0f,1f], start_interpolation: 0, interpolation_duration: 1 }
$data merge entity $(bone_rearlegl) { transformation: [-1.080694387781476f,0.04553791630499057f,-0.06030795558905106f,0.00013551386248067399f,3.758567531283082e-18f,0.8645499457192698f,0.6528127621821732f,-0.3931621085468891f,0.07556951322280224f,0.651222543103752f,-0.862443945503626f,-1.4718714843607006f,0f,0f,0f,1f], start_interpolation: 0, interpolation_duration: 1 }
$data merge entity $(bone_rearfootleftd) { transformation: [-0.9975640502598242f,0.037934821089535775f,0.05853985802954882f,0.5360206322512229f,3.469446951953614e-18f,-0.8392032292842073f,0.5438179290525078f,-2.3973919327487736f,0.06975647374412515f,0.5424932159095294f,0.8371589723958777f,-3.6640733348597667f,0f,0f,0f,1f], start_interpolation: 0, interpolation_duration: 1 }
$data merge entity $(bone_rearfootleft) { transformation: [-0.9975640502598242f,0.055668882082201006f,0.042034999666145115f,0.5718783047819728f,3.469446951953614e-18f,-0.6025963958604673f,0.7980461037408647f,-1.9240597859094877f,0.06975647374412515f,0.7961021035418089f,0.60112850132654f,-3.151284727255044f,0f,0f,0f,1f], start_interpolation: 0, interpolation_duration: 1 }
$data merge entity $(bone_rearlegtipleft) { transformation: [-0.9975640502598242f,0.06798394555829837f,-0.015625260815139805f,0.5784910759999784f,3.469446951953614e-18f,0.22399728622256737f,0.9745897679356814f,-1.7609743601829004f,0.06975647374412515f,0.9722157162437004f,-0.22345164009139346f,-2.160743503896624f,0f,0f,0f,1f], start_interpolation: 0, interpolation_duration: 1 }
$data merge entity $(bone_rearlegr) { transformation: [-1.080694387781476f,-0.04553791630499074f,0.060307955589051276f,-1.3745266303378512f,-3.758567531283082e-18f,0.8645499457192698f,0.6528127621821732f,-0.36909833852844753f,-0.07556951322280252f,0.651222543103752f,-0.862443945503626f,-1.5896556234765193f,0f,0f,0f,1f], start_interpolation: 0, interpolation_duration: 1 }
$data merge entity $(bone_rearfootrightd) { transformation: [-0.9975640502598242f,-0.0379348210895359f,-0.05853985802954905f,-0.5387611796193346f,-3.469446951953614e-18f,-0.8392032292842073f,0.5438179290525078f,-2.3733281627303318f,-0.0697564737441254f,0.5424932159095294f,0.8371589723958777f,-3.6859423225774135f,0f,0f,0f,1f], start_interpolation: 0, interpolation_duration: 1 }
$data merge entity $(bone_rearfootright) { transformation: [-0.9975640502598242f,-0.0556688820822012f,-0.04203499966614528f,-0.5746188521500846f,-3.469446951953614e-18f,-0.6025963958604673f,0.7980461037408647f,-1.8999960158910458f,-0.0697564737441254f,0.7961021035418089f,0.60112850132654f,-3.173153714972691f,0f,0f,0f,1f], start_interpolation: 0, interpolation_duration: 1 }
$data merge entity $(bone_rearlegtipright) { transformation: [-0.9975640502598242f,-0.06798394555829862f,0.015625260815139853f,-0.7059271296505685f,-3.469446951953614e-18f,0.22399728622256737f,0.9745897679356814f,-1.7369105901644586f,-0.0697564737441254f,0.9722157162437004f,-0.22345164009139346f,-2.191332050832286f,0f,0f,0f,1f], start_interpolation: 0, interpolation_duration: 1 }
$data merge entity $(bone_tail11) { transformation: [-0.2937340837125001f,-2.2071273076938274e-18f,4.0687746276702394e-17f,1.0119946824963894e-15f,0f,0.29372255412468556f,0.010936170811185753f,-1.5034015600955264f,-3.5972050541899386e-17f,0.018022562172460798f,-0.3322406615934552f,-8.263563692004741f,0f,0f,0f,1f], start_interpolation: 0, interpolation_duration: 1 }
$data merge entity $(bone_tail10) { transformation: [-0.39164544495000014f,-4.5059822687986674e-18f,5.414290847440922e-17f,9.815392964795342e-16f,0f,0.3910467378737023f,0.025868593832135245f,-1.5179526441261024f,-4.796273405586585e-17f,0.03679413747650268f,-0.4421103987868634f,-8.01487659268713f,0f,0f,0f,1f], start_interpolation: 0, interpolation_duration: 1 }
$data merge entity $(bone_tail9) { transformation: [-0.48955680618750014f,-5.3357482491868785e-18f,6.770267581806465e-17f,9.434565413318727e-16f,0f,0.4889454725543222f,0.03019269532000816f,-1.534936035243607f,-5.99534175698323e-17f,0.04356969089293203f,-0.552834301818303f,-7.703907297914335f,0f,0f,0f,1f], start_interpolation: 0, interpolation_duration: 1 }
$data merge entity $(bone_tail8) { transformation: [-0.5759491837500001f,-3.36010749015956e-18f,7.982650100160529e-17f,8.985541345184697e-16f,0f,0.5761442319693687f,0.014459192033031882f,-1.5430693307621874f,-7.053343243509683e-17f,0.027437359837130176f,-0.6518328472926529f,-7.337251321312218f,0f,0f,0f,1f], start_interpolation: 0, interpolation_duration: 1 }
$data merge entity $(bone_tail7) { transformation: [-0.6775872750000002f,1.7056657800343416e-18f,9.398121448395762e-17f,8.456897013712436e-16f,0f,0.6776119768352636f,-0.023809964461062795f,-1.5296762257528396f,-8.298050874717275e-17f,-0.013927818055147742f,-0.7674148542207516f,-6.9055804658130455f,0f,0f,0f,1f], start_interpolation: 0, interpolation_duration: 1 }
$data merge entity $(bone_tail6) { transformation: [-0.7971615000000002f,9.707735355231359e-18f,1.101574179110214e-16f,7.83726153796294e-16f,0f,0.7932997609432225f,-0.08350411023923392f,-1.4827051637432704f,-9.76241279378503e-17f,-0.07926967483188016f,-0.8995035792174304f,-6.399609702503241f,0f,0f,0f,1f], start_interpolation: 0, interpolation_duration: 1 }
$data merge entity $(bone_tail5) { transformation: [-0.8857350000000002f,1.8466008734812602e-17f,1.2147596484764324e-16f,7.153959235694947e-16f,0f,0.8738600639639411f,-0.1480573959137609f,-1.39942287854178f,-1.0847125326427811e-16f,-0.15078640427321044f,-0.9919265287936041f,-5.841651030056839f,0f,0f,0f,1f], start_interpolation: 0, interpolation_duration: 1 }
$data merge entity $(bone_tail4) { transformation: [-0.9841500000000002f,2.6090317962875594e-17f,1.340077052981934e-16f,6.40016589339261e-16f,0f,0.9633091403820823f,-0.20458074840777063f,-1.284346207562409f,-1.205236147380868e-16f,-0.2130436137263469f,-1.0942559551986315f,-5.226132055257609f,0f,0f,0f,1f], start_interpolation: 0, interpolation_duration: 1 }
$data merge entity $(bone_tail3) { transformation: [-1.0935000000000001f,3.0506241811586085e-17f,1.485940647802927e-16f,5.564324279003463e-16f,0f,1.0679696216394634f,-0.23821585097074843f,-1.150349791391363f,-1.339151274867631e-16f,-0.24910236839573427f,-1.2133626191955889f,-4.54361558196009f,0f,0f,0f,1f], start_interpolation: 0, interpolation_duration: 1 }
$data merge entity $(bone_tail2) { transformation: [-1.215f,3.0020310709808105e-17f,1.658529746148266e-16f,4.631401296795064e-16f,0f,1.192505583386462f,-0.2368245576815729f,-1.0171359776954783f,-1.4879458609640342e-16f,-0.24513443982958522f,-1.354292312937084f,-3.7818261559329804f,0f,0f,0f,1f], start_interpolation: 0, interpolation_duration: 1 }
$data merge entity $(bone_tail1) { transformation: [-1.35f,2.381538162429136e-17f,1.8575511091834473e-16f,3.5865287978793747e-16f,0f,1.336805593748319f,-0.19450979597900647f,-0.9077242174572872f,-1.6532731788489269e-16f,-0.19446734879699645f,-1.516805588743421f,-2.928623012264806f,0f,0f,0f,1f], start_interpolation: 0, interpolation_duration: 1 }
$data merge entity $(bone_tail0) { transformation: [-1.5f,1.2455322611097532e-17f,2.0771084553109547e-16f,2.4492935982947064e-16f,0f,1.496548029980696f,-0.11526615104375673f,-0.46875f,-1.8369701987210297e-16f,-0.10170542739155006f,-1.6960877673114554f,-2f,0f,0f,0f,1f], start_interpolation: 0, interpolation_duration: 1 }