# This file was generated by Animated Java via MC-Build. It is not recommended to edit this file directly.
$data merge entity $(bone_leftwing20) {transformation: [-0.4885f,2.7665f,0.9272f,1.9746f,2.8963f,0.5735f,-0.1853f,-4.5429f,-0.3531f,0.8771f,-2.8032f,2.7222f,0f,0f,0f,1f],start_interpolation: 0,interpolation_duration: 1}
$data merge entity $(bone_leftwing21) {transformation: [-1.0063f,2.7663f,0.2927f,1.9746f,2.1451f,0.5735f,1.9546f,-4.5429f,1.7711f,0.8771f,-2.2011f,2.7222f,0f,0f,0f,1f],start_interpolation: 0,interpolation_duration: 1}
$data merge entity $(bone_leftwing22) {transformation: [-0.9113f,2.7717f,-0.5215f,1.9746f,0.0843f,0.5746f,2.9064f,-4.5429f,2.8191f,0.8788f,-0.2555f,2.7222f,0f,0f,0f,1f],start_interpolation: 0,interpolation_duration: 1}
$data merge entity $(bone_leftwing23) {transformation: [-0.2538f,2.7275f,-1.0016f,1.9746f,-1.9998f,0.5655f,2.0465f,-4.5429f,2.108f,0.8648f,1.8209f,2.7222f,0f,0f,0f,1f],start_interpolation: 0,interpolation_duration: 1}
$data merge entity $(bone_leftwing1) {transformation: [-0.2629f,1.8703f,0.6579f,1.5802f,1.9342f,0.3877f,-0.3293f,-1.6416f,-0.4355f,0.593f,-1.8598f,2.0689f,0f,0f,0f,1f],start_interpolation: 0,interpolation_duration: 1}
$data merge entity $(bone_leftwing) {transformation: [-0.5952f,0.9658f,0.2723f,0.6875f,0.9902f,0.514f,0.3411f,-0.1562f,0.1624f,0.4051f,-1.0819f,2.3125f,0f,0f,0f,1f],start_interpolation: 0,interpolation_duration: 1}
$data merge entity $(bone_rightwing20) {transformation: [-0.4885f,-2.7665f,-0.9272f,-1.9746f,-2.8963f,0.5735f,-0.1853f,-4.5429f,0.3531f,0.8771f,-2.8032f,2.7222f,0f,0f,0f,1f],start_interpolation: 0,interpolation_duration: 1}
$data merge entity $(bone_rightwing21) {transformation: [-1.0063f,-2.7665f,-0.2927f,-1.9746f,-2.1453f,0.5735f,1.9547f,-4.5429f,-1.7711f,0.8771f,-2.2012f,2.7222f,0f,0f,0f,1f],start_interpolation: 0,interpolation_duration: 1}
$data merge entity $(bone_rightwing22) {transformation: [-0.9096f,-2.7665f,0.5206f,-1.9746f,-0.0842f,0.5735f,2.901f,-4.5429f,-2.8138f,0.8771f,-0.255f,2.7222f,0f,0f,0f,1f],start_interpolation: 0,interpolation_duration: 1}
$data merge entity $(bone_rightwing23) {transformation: [-0.2538f,-2.7275f,1.0016f,-1.9746f,1.9998f,0.5655f,2.0465f,-4.5429f,-2.108f,0.8648f,1.8209f,2.7222f,0f,0f,0f,1f],start_interpolation: 0,interpolation_duration: 1}
$data merge entity $(bone_rightwing1) {transformation: [-0.2629f,-1.8703f,-0.6579f,-1.5802f,-1.9342f,0.3877f,-0.3293f,-1.6416f,0.4355f,0.593f,-1.8598f,2.0689f,0f,0f,0f,1f],start_interpolation: 0,interpolation_duration: 1}
$data merge entity $(bone_rightwing) {transformation: [-0.5952f,-0.9658f,-0.2723f,-0.6875f,-0.9902f,0.514f,0.3411f,-0.1562f,-0.1624f,0.4051f,-1.0819f,2.3125f,0f,0f,0f,1f],start_interpolation: 0,interpolation_duration: 1}
$data merge entity $(bone_eyebrow) {transformation: [-0.8923f,0f,0f,0f,0f,0.8916f,-0.0363f,-0.527f,0f,-0.0363f,-0.8916f,6.2567f,0f,0f,0f,1f],start_interpolation: 0,interpolation_duration: 1}
$data merge entity $(bone_head) {transformation: [-1.2269f,0f,0f,0f,0f,1.2259f,-0.0499f,-1.0216f,0f,-0.0499f,-1.2259f,4.6622f,0f,0f,0f,1f],start_interpolation: 0,interpolation_duration: 1}
$data merge entity $(bone_neck4) {transformation: [-1.0498f,0f,0f,0f,0f,1.0483f,-0.0544f,-0.9922f,0f,-0.0544f,-1.0483f,4.595f,0f,0f,0f,1f],start_interpolation: 0,interpolation_duration: 1}
$data merge entity $(bone_neck3) {transformation: [-1.1664f,0f,0f,0f,0f,1.1661f,0.0286f,-0.9797f,0f,0.0286f,-1.1661f,4.0848f,0f,0f,0f,1f],start_interpolation: 0,interpolation_duration: 1}
$data merge entity $(bone_neck2) {transformation: [-1.296f,0f,0f,0f,0f,1.2856f,0.1636f,-0.9388f,0f,0.1636f,-1.2856f,3.7634f,0f,0f,0f,1f],start_interpolation: 0,interpolation_duration: 1}
$data merge entity $(bone_neck1) {transformation: [-1.44f,0f,0f,0f,0f,1.4206f,0.2358f,-0.8799f,0f,0.2358f,-1.4206f,3.4083f,0f,0f,0f,1f],start_interpolation: 0,interpolation_duration: 1}
$data merge entity $(bone_neck0) {transformation: [-1.6f,0f,0f,0f,0f,1.5912f,0.1672f,-0.9375f,0f,0.1672f,-1.5912f,3f,0f,0f,0f,1f],start_interpolation: 0,interpolation_duration: 1}
$data merge entity $(bone_frontlegl) {transformation: [-0.9925f,-0.1086f,0.0553f,0.4296f,0f,0.454f,0.891f,-0.7281f,-0.1219f,0.8844f,-0.4506f,2.5623f,0f,0f,0f,1f],start_interpolation: 0,interpolation_duration: 1}
$data merge entity $(bone_frontlegtipleft) {transformation: [-0.9925f,-0.0664f,0.1022f,0.7954f,0f,0.8387f,0.5446f,-1.1647f,-0.1219f,0.5406f,-0.8324f,1.6344f,0f,0f,0f,1f],start_interpolation: 0,interpolation_duration: 1}
$data merge entity $(bone_frontfootleftd) {transformation: [-0.9925f,-0.1207f,-0.017f,0.8824f,0f,-0.1392f,0.9903f,-2.7656f,-0.1219f,0.9829f,0.1381f,0.8396f,0f,0f,0f,1f],start_interpolation: 0,interpolation_duration: 1}
$data merge entity $(bone_frontfootleft) {transformation: [0.9925f,0.1165f,0.0356f,0.901f,0f,-0.2924f,0.9563f,-2.321f,0.1219f,-0.9492f,-0.2902f,0.7746f,0f,0f,0f,1f],start_interpolation: 0,interpolation_duration: 1}
$data merge entity $(bone_frontlegr) {transformation: [-0.9925f,0.1086f,-0.0553f,-0.8736f,0f,0.454f,0.891f,-0.7713f,0.1219f,0.8844f,-0.4506f,2.6092f,0f,0f,0f,1f],start_interpolation: 0,interpolation_duration: 1}
$data merge entity $(bone_frontlegtipright) {transformation: [-0.9925f,0.0664f,-0.1022f,-0.7472f,0f,0.8387f,0.5446f,-1.1336f,0.1219f,0.5406f,-0.8324f,1.5868f,0f,0f,0f,1f],start_interpolation: 0,interpolation_duration: 1}
$data merge entity $(bone_frontfootrightd) {transformation: [-0.9925f,0.1207f,0.017f,-0.8469f,0f,-0.1392f,0.9903f,-2.7229f,0.1219f,0.9829f,0.1381f,0.8624f,0f,0f,0f,1f],start_interpolation: 0,interpolation_duration: 1}
$data merge entity $(bone_frontfootright) {transformation: [0.9925f,-0.1165f,-0.0356f,-0.8458f,0f,-0.2924f,0.9563f,-2.2664f,-0.1219f,-0.9492f,-0.2902f,0.7845f,0f,0f,0f,1f],start_interpolation: 0,interpolation_duration: 1}
$data merge entity $(bone_rearlegl) {transformation: [-1.0807f,0.0455f,-0.0604f,0.0001f,0f,0.8652f,0.652f,-0.3619f,0.0756f,0.6504f,-0.8631f,-0.4096f,0f,0f,0f,1f],start_interpolation: 0,interpolation_duration: 1}
$data merge entity $(bone_rearfootleftd) {transformation: [-0.9976f,0.038f,0.0585f,0.5361f,0f,-0.8387f,0.5446f,-2.3683f,0.0698f,0.5433f,0.8366f,-2.5998f,0f,0f,0f,1f],start_interpolation: 0,interpolation_duration: 1}
$data merge entity $(bone_rearfootleft) {transformation: [-0.9976f,0.0557f,0.042f,0.572f,0f,-0.6018f,0.7986f,-1.8944f,0.0698f,0.7967f,0.6004f,-2.0875f,0f,0f,0f,1f],start_interpolation: 0,interpolation_duration: 1}
$data merge entity $(bone_rearlegtipleft) {transformation: [-0.9976f,0.068f,-0.0157f,0.5786f,0f,0.2249f,0.9744f,-1.7304f,0.0698f,0.972f,-0.2244f,-1.0971f,0f,0f,0f,1f],start_interpolation: 0,interpolation_duration: 1}
$data merge entity $(bone_rearlegr) {transformation: [-1.0807f,-0.0455f,0.0604f,-1.3745f,0f,0.8652f,0.652f,-0.3379f,-0.0756f,0.6504f,-0.8631f,-0.5274f,0f,0f,0f,1f],start_interpolation: 0,interpolation_duration: 1}
$data merge entity $(bone_rearfootrightd) {transformation: [-0.9976f,-0.0585f,0.038f,-0.5389f,0f,0.5446f,0.8387f,-2.3442f,-0.0698f,0.8366f,-0.5433f,-2.6217f,0f,0f,0f,1f],start_interpolation: 0,interpolation_duration: 1}
$data merge entity $(bone_rearfootright) {transformation: [-0.9976f,-0.0557f,-0.042f,-0.5747f,0f,-0.6018f,0.7986f,-1.8704f,-0.0698f,0.7967f,0.6004f,-2.1094f,0f,0f,0f,1f],start_interpolation: 0,interpolation_duration: 1}
$data merge entity $(bone_rearlegtipright) {transformation: [-0.9976f,-0.068f,0.0157f,-0.706f,0f,0.2249f,0.9744f,-1.7063f,-0.0698f,0.972f,-0.2244f,-1.1277f,0f,0f,0f,1f],start_interpolation: 0,interpolation_duration: 1}
$data merge entity $(bone_tail11) {transformation: [-0.2937f,0f,0f,0f,0f,0.2936f,0.013f,-1.3097f,0f,0.0205f,-0.3321f,-7.2139f,0f,0f,0f,1f],start_interpolation: 0,interpolation_duration: 1}
$data merge entity $(bone_tail10) {transformation: [-0.3916f,0f,0f,0f,0f,0.3905f,0.0339f,-1.3288f,0f,0.046f,-0.4412f,-6.9657f,0f,0f,0f,1f],start_interpolation: 0,interpolation_duration: 1}
$data merge entity $(bone_tail9) {transformation: [-0.4896f,0f,0f,0f,0f,0.4876f,0.0478f,-1.3557f,0f,0.0637f,-0.5509f,-6.6558f,0f,0f,0f,1f],start_interpolation: 0,interpolation_duration: 1}
$data merge entity $(bone_tail8) {transformation: [-0.5759f,0f,0f,0f,0f,0.5747f,0.0433f,-1.38f,0f,0.0603f,-0.6496f,-6.2905f,0f,0f,0f,1f],start_interpolation: 0,interpolation_duration: 1}
$data merge entity $(bone_tail7) {transformation: [-0.6776f,0f,0f,0f,0f,0.6779f,0.0165f,-1.3893f,0f,0.032f,-0.7669f,-5.8591f,0f,0f,0f,1f],start_interpolation: 0,interpolation_duration: 1}
$data merge entity $(bone_tail6) {transformation: [-0.7972f,0f,0f,0f,0f,0.797f,-0.0344f,-1.3699f,0f,-0.0232f,-0.9027f,-5.3513f,0f,0f,0f,1f],start_interpolation: 0,interpolation_duration: 1}
$data merge entity $(bone_tail5) {transformation: [-0.8857f,0f,0f,0f,0f,0.8809f,-0.0983f,-1.3146f,0f,-0.0939f,-0.9989f,-4.7895f,0f,0f,0f,1f],start_interpolation: 0,interpolation_duration: 1}
$data merge entity $(bone_tail4) {transformation: [-0.9842f,0f,0f,0f,0f,0.9716f,-0.1608f,-1.2241f,0f,-0.1628f,-1.1028f,-4.1691f,0f,0f,0f,1f],start_interpolation: 0,interpolation_duration: 1}
$data merge entity $(bone_tail3) {transformation: [-1.0935f,0f,0f,0f,0f,1.0747f,-0.2059f,-1.1083f,0f,-0.2118f,-1.2204f,-3.4827f,0f,0f,0f,1f],start_interpolation: 0,interpolation_duration: 1}
$data merge entity $(bone_tail2) {transformation: [-1.215f,0f,0f,0f,0f,1.196f,-0.2189f,-0.9852f,0f,-0.2241f,-1.3579f,-2.7189f,0f,0f,0f,1f],start_interpolation: 0,interpolation_duration: 1}
$data merge entity $(bone_tail1) {transformation: [-1.35f,0f,0f,0f,0f,1.3375f,-0.1901f,-0.8783f,0f,-0.1887f,-1.5175f,-1.8653f,0f,0f,0f,1f],start_interpolation: 0,interpolation_duration: 1}
$data merge entity $(bone_tail0) {transformation: [-1.5f,0f,0f,0f,0f,1.4963f,-0.1186f,-0.4375f,0f,-0.1046f,-1.6959f,-0.9375f,0f,0f,0f,1f],start_interpolation: 0,interpolation_duration: 1}