# This file was generated by Animated Java via MC-Build. It is not recommended to edit this file directly.
$data merge entity $(bone_leftwing20) {transformation: [-0.238f,2.8746f,0.6571f,1.7909f,2.9309f,0.303f,-0.2639f,-4.4508f,-0.3237f,0.6298f,-2.8723f,2.6999f,0f,0f,0f,1f],start_interpolation: 0,interpolation_duration: 1}
$data merge entity $(bone_leftwing21) {transformation: [-0.638f,2.8744f,0.2853f,1.7909f,2.2257f,0.303f,1.9249f,-4.4508f,1.8412f,0.6298f,-2.228f,2.6999f,0f,0f,0f,1f],start_interpolation: 0,interpolation_duration: 1}
$data merge entity $(bone_leftwing22) {transformation: [-0.6496f,2.88f,-0.2613f,1.7909f,0.1617f,0.3035f,2.9439f,-4.4508f,2.8873f,0.631f,-0.2237f,2.6999f,0f,0f,0f,1f],start_interpolation: 0,interpolation_duration: 1}
$data merge entity $(bone_leftwing23) {transformation: [-0.2591f,2.8341f,-0.6385f,1.7909f,-1.9733f,0.2987f,2.1269f,-4.4508f,2.1321f,0.6209f,1.8909f,2.6999f,0f,0f,0f,1f],start_interpolation: 0,interpolation_duration: 1}
$data merge entity $(bone_leftwing1) {transformation: [-0.1136f,1.9434f,0.4586f,1.6205f,1.952f,0.2048f,-0.3845f,-1.5229f,-0.4206f,0.4258f,-1.9083f,2.0689f,0f,0f,0f,1f],start_interpolation: 0,interpolation_duration: 1}
$data merge entity $(bone_leftwing) {transformation: [-0.622f,0.9648f,0.2083f,0.6875f,0.9736f,0.5592f,0.3171f,-0.0625f,0.1624f,0.3429f,-1.1033f,2.3125f,0f,0f,0f,1f],start_interpolation: 0,interpolation_duration: 1}
$data merge entity $(bone_rightwing20) {transformation: [-0.238f,-2.8746f,-0.6571f,-1.7909f,-2.9309f,0.303f,-0.2639f,-4.4508f,0.3237f,0.6298f,-2.8723f,2.6999f,0f,0f,0f,1f],start_interpolation: 0,interpolation_duration: 1}
$data merge entity $(bone_rightwing21) {transformation: [-0.638f,-2.8746f,-0.2853f,-1.7909f,-2.2258f,0.303f,1.925f,-4.4508f,-1.8413f,0.6298f,-2.2281f,2.6999f,0f,0f,0f,1f],start_interpolation: 0,interpolation_duration: 1}
$data merge entity $(bone_rightwing22) {transformation: [-0.6484f,-2.8746f,0.2608f,-1.7909f,-0.1614f,0.303f,2.9383f,-4.4508f,-2.8819f,0.6298f,-0.2233f,2.6999f,0f,0f,0f,1f],start_interpolation: 0,interpolation_duration: 1}
$data merge entity $(bone_rightwing23) {transformation: [-0.2591f,-2.8341f,0.6385f,-1.7909f,1.9733f,0.2987f,2.1269f,-4.4508f,-2.1321f,0.6209f,1.8909f,2.6999f,0f,0f,0f,1f],start_interpolation: 0,interpolation_duration: 1}
$data merge entity $(bone_rightwing1) {transformation: [-0.1136f,-1.9434f,-0.4586f,-1.6205f,-1.952f,0.2048f,-0.3845f,-1.5229f,0.4206f,0.4258f,-1.9083f,2.0689f,0f,0f,0f,1f],start_interpolation: 0,interpolation_duration: 1}
$data merge entity $(bone_rightwing) {transformation: [-0.622f,-0.9648f,-0.2083f,-0.6875f,-0.9736f,0.5592f,0.3171f,-0.0625f,-0.1624f,0.3429f,-1.1033f,2.3125f,0f,0f,0f,1f],start_interpolation: 0,interpolation_duration: 1}
$data merge entity $(bone_eyebrow) {transformation: [-0.8923f,0f,0f,0f,0f,0.891f,-0.0482f,-0.3635f,0f,-0.0482f,-0.891f,6.2534f,0f,0f,0f,1f],start_interpolation: 0,interpolation_duration: 1}
$data merge entity $(bone_head) {transformation: [-1.2269f,0f,0f,0f,0f,1.2251f,-0.0663f,-0.8793f,0f,-0.0663f,-1.2251f,4.6656f,0f,0f,0f,1f],start_interpolation: 0,interpolation_duration: 1}
$data merge entity $(bone_neck4) {transformation: [-1.0498f,0f,0f,0f,0f,1.0464f,-0.0841f,-0.8519f,0f,-0.0841f,-1.0464f,4.5976f,0f,0f,0f,1f],start_interpolation: 0,interpolation_duration: 1}
$data merge entity $(bone_neck3) {transformation: [-1.1664f,0f,0f,0f,0f,1.1661f,-0.0252f,-0.8629f,0f,-0.0252f,-1.1661f,4.0874f,0f,0f,0f,1f],start_interpolation: 0,interpolation_duration: 1}
$data merge entity $(bone_neck2) {transformation: [-1.296f,0f,0f,0f,0f,1.2915f,0.1076f,-0.836f,0f,0.1076f,-1.2915f,3.7645f,0f,0f,0f,1f],start_interpolation: 0,interpolation_duration: 1}
$data merge entity $(bone_neck1) {transformation: [-1.44f,0f,0f,0f,0f,1.4256f,0.2033f,-0.7852f,0f,0.2033f,-1.4256f,3.4081f,0f,0f,0f,1f],start_interpolation: 0,interpolation_duration: 1}
$data merge entity $(bone_neck0) {transformation: [-1.6f,0f,0f,0f,0f,1.5916f,0.1636f,-0.8437f,0f,0.1636f,-1.5916f,3f,0f,0f,0f,1f],start_interpolation: 0,interpolation_duration: 1}
$data merge entity $(bone_frontlegl) {transformation: [-0.9925f,-0.1086f,0.0552f,0.4296f,0f,0.4533f,0.8914f,-0.6344f,-0.1219f,0.8847f,-0.4499f,2.5623f,0f,0f,0f,1f],start_interpolation: 0,interpolation_duration: 1}
$data merge entity $(bone_frontlegtipleft) {transformation: [-0.9925f,-0.0665f,0.1022f,0.7955f,0f,0.8383f,0.5453f,-1.0703f,-0.1219f,0.5412f,-0.832f,1.6341f,0f,0f,0f,1f],start_interpolation: 0,interpolation_duration: 1}
$data merge entity $(bone_frontfootleftd) {transformation: [-0.9925f,-0.1207f,-0.0171f,0.8825f,0f,-0.1399f,0.9902f,-2.6705f,-0.1219f,0.9828f,0.1389f,0.8381f,0f,0f,0f,1f],start_interpolation: 0,interpolation_duration: 1}
$data merge entity $(bone_frontfootleft) {transformation: [0.9925f,0.1166f,0.0355f,0.9011f,0f,-0.2916f,0.9565f,-2.2258f,0.1219f,-0.9494f,-0.2895f,0.7735f,0f,0f,0f,1f],start_interpolation: 0,interpolation_duration: 1}
$data merge entity $(bone_frontlegr) {transformation: [-0.9925f,0.1086f,-0.0552f,-0.8736f,0f,0.4533f,0.8914f,-0.6775f,0.1219f,0.8847f,-0.4499f,2.6092f,0f,0f,0f,1f],start_interpolation: 0,interpolation_duration: 1}
$data merge entity $(bone_frontlegtipright) {transformation: [-0.9925f,0.0665f,-0.1022f,-0.7473f,0f,0.8383f,0.5453f,-1.039f,0.1219f,0.5412f,-0.832f,1.5865f,0f,0f,0f,1f],start_interpolation: 0,interpolation_duration: 1}
$data merge entity $(bone_frontfootrightd) {transformation: [-0.9925f,0.1207f,0.0171f,-0.847f,0f,-0.1399f,0.9902f,-2.6278f,0.1219f,0.9828f,0.1389f,0.8609f,0f,0f,0f,1f],start_interpolation: 0,interpolation_duration: 1}
$data merge entity $(bone_frontfootright) {transformation: [0.9925f,-0.1166f,-0.0355f,-0.8459f,0f,-0.2916f,0.9565f,-2.1712f,-0.1219f,-0.9494f,-0.2895f,0.7834f,0f,0f,0f,1f],start_interpolation: 0,interpolation_duration: 1}
$data merge entity $(bone_rearlegl) {transformation: [-1.0807f,0.0455f,-0.0603f,0.0001f,0f,0.8647f,0.6526f,-0.2682f,0.0756f,0.651f,-0.8626f,-0.4094f,0f,0f,0f,1f],start_interpolation: 0,interpolation_duration: 1}
$data merge entity $(bone_rearfootleftd) {transformation: [-0.9976f,0.0379f,0.0585f,0.536f,0f,-0.8391f,0.544f,-2.2729f,0.0698f,0.5427f,0.837f,-2.6012f,0f,0f,0f,1f],start_interpolation: 0,interpolation_duration: 1}
$data merge entity $(bone_rearfootleft) {transformation: [-0.9976f,0.0557f,0.042f,0.5719f,0f,-0.6024f,0.7982f,-1.7994f,0.0698f,0.7962f,0.601f,-2.0885f,0f,0f,0f,1f],start_interpolation: 0,interpolation_duration: 1}
$data merge entity $(bone_rearlegtipleft) {transformation: [-0.9976f,0.068f,-0.0156f,0.5785f,0f,0.2242f,0.9745f,-1.6361f,0.0698f,0.9722f,-0.2237f,-1.098f,0f,0f,0f,1f],start_interpolation: 0,interpolation_duration: 1}
$data merge entity $(bone_rearlegr) {transformation: [-1.0807f,-0.0455f,0.0603f,-1.3745f,0f,0.8647f,0.6526f,-0.2441f,-0.0756f,0.651f,-0.8626f,-0.5272f,0f,0f,0f,1f],start_interpolation: 0,interpolation_duration: 1}
$data merge entity $(bone_rearfootrightd) {transformation: [-0.9976f,-0.0585f,0.0379f,-0.5388f,0f,0.544f,0.8391f,-2.2488f,-0.0698f,0.837f,-0.5427f,-2.6231f,0f,0f,0f,1f],start_interpolation: 0,interpolation_duration: 1}
$data merge entity $(bone_rearfootright) {transformation: [-0.9976f,-0.0557f,-0.042f,-0.5746f,0f,-0.6024f,0.7982f,-1.7754f,-0.0698f,0.7962f,0.601f,-2.1104f,0f,0f,0f,1f],start_interpolation: 0,interpolation_duration: 1}
$data merge entity $(bone_rearlegtipright) {transformation: [-0.9976f,-0.068f,0.0156f,-0.7059f,0f,0.2242f,0.9745f,-1.6121f,-0.0698f,0.9722f,-0.2237f,-1.1286f,0f,0f,0f,1f],start_interpolation: 0,interpolation_duration: 1}
$data merge entity $(bone_tail11) {transformation: [-0.2937f,0f,0f,0f,0f,0.2936f,0.0144f,-1.0286f,0f,0.022f,-0.332f,-7.2232f,0f,0f,0f,1f],start_interpolation: 0,interpolation_duration: 1}
$data merge entity $(bone_tail10) {transformation: [-0.3916f,0f,0f,0f,0f,0.3898f,0.0401f,-1.0512f,0f,0.053f,-0.4405f,-6.9754f,0f,0f,0f,1f],start_interpolation: 0,interpolation_duration: 1}
$data merge entity $(bone_tail9) {transformation: [-0.4896f,0f,0f,0f,0f,0.4858f,0.0629f,-1.0866f,0f,0.0806f,-0.5487f,-6.6668f,0f,0f,0f,1f],start_interpolation: 0,interpolation_duration: 1}
$data merge entity $(bone_tail8) {transformation: [-0.5759f,0f,0f,0f,0f,0.5721f,0.0698f,-1.1258f,0f,0.0901f,-0.6462f,-6.3034f,0f,0f,0f,1f],start_interpolation: 0,interpolation_duration: 1}
$data merge entity $(bone_tail7) {transformation: [-0.6776f,0f,0f,0f,0f,0.6757f,0.0558f,-1.1572f,0f,0.0763f,-0.7637f,-5.8738f,0f,0f,0f,1f],start_interpolation: 0,interpolation_duration: 1}
$data merge entity $(bone_tail6) {transformation: [-0.7972f,0f,0f,0f,0f,0.7975f,0.0166f,-1.1666f,0f,0.0342f,-0.9023f,-5.3662f,0f,0f,0f,1f],start_interpolation: 0,interpolation_duration: 1}
$data merge entity $(bone_tail5) {transformation: [-0.8857f,0f,0f,0f,0f,0.8853f,-0.0434f,-1.1422f,0f,-0.032f,-1.0028f,-4.8021f,0f,0f,0f,1f],start_interpolation: 0,interpolation_duration: 1}
$data merge entity $(bone_tail4) {transformation: [-0.9842f,0f,0f,0f,0f,0.9788f,-0.1088f,-1.081f,0f,-0.1042f,-1.1099f,-4.1778f,0f,0f,0f,1f],start_interpolation: 0,interpolation_duration: 1}
$data merge entity $(bone_tail3) {transformation: [-1.0935f,0f,0f,0f,0f,1.082f,-0.1632f,-0.9892f,0f,-0.1638f,-1.2278f,-3.4872f,0f,0f,0f,1f],start_interpolation: 0,interpolation_duration: 1}
$data merge entity $(bone_tail2) {transformation: [-1.215f,0f,0f,0f,0f,1.2009f,-0.1901f,-0.8823f,0f,-0.1919f,-1.3628f,-2.7206f,0f,0f,0f,1f],start_interpolation: 0,interpolation_duration: 1}
$data merge entity $(bone_tail1) {transformation: [-1.35f,0f,0f,0f,0f,1.3393f,-0.1762f,-0.7831f,0f,-0.1736f,-1.5193f,-1.8659f,0f,0f,0f,1f],start_interpolation: 0,interpolation_duration: 1}
$data merge entity $(bone_tail0) {transformation: [-1.5f,0f,0f,0f,0f,1.4965f,-0.116f,-0.3437f,0f,-0.1024f,-1.696f,-0.9375f,0f,0f,0f,1f],start_interpolation: 0,interpolation_duration: 1}