# This file was generated by Animated Java via MC-Build. It is not recommended to edit this file directly.
$data merge entity $(bone_leftwing20) {transformation: [-0.1755f,2.9291f,0.3756f,1.883f,2.93f,0.2197f,-0.3447f,-4.4782f,-0.3691f,0.3515f,-2.9141f,2.7501f,0f,0f,0f,1f],start_interpolation: 0,interpolation_duration: 1}
$data merge entity $(bone_leftwing21) {transformation: [-0.3921f,2.929f,0.1347f,1.883f,2.2831f,0.2197f,1.8681f,-4.4782f,1.8397f,0.3515f,-2.2897f,2.7501f,0f,0f,0f,1f],start_interpolation: 0,interpolation_duration: 1}
$data merge entity $(bone_leftwing22) {transformation: [-0.3699f,2.9346f,-0.1888f,1.883f,0.2426f,0.2201f,2.9457f,-4.4782f,2.9307f,0.3522f,-0.2677f,2.7501f,0f,0f,0f,1f],start_interpolation: 0,interpolation_duration: 1}
$data merge entity $(bone_leftwing23) {transformation: [-0.1192f,2.8879f,-0.3909f,1.883f,-1.9193f,0.2166f,2.1854f,-4.4782f,2.1929f,0.3466f,1.8916f,2.7501f,0f,0f,0f,1f],start_interpolation: 0,interpolation_duration: 1}
$data merge entity $(bone_leftwing1) {transformation: [-0.0914f,1.9803f,0.2649f,1.7458f,1.9456f,0.1485f,-0.4388f,-1.5598f,-0.4541f,0.2377f,-1.9332f,2.0689f,0f,0f,0f,1f],start_interpolation: 0,interpolation_duration: 1}
$data merge entity $(bone_leftwing) {transformation: [-0.7055f,0.9222f,0.1135f,0.6875f,0.9148f,0.6646f,0.2872f,-0.1875f,0.1624f,0.2627f,-1.1251f,2.3125f,0f,0f,0f,1f],start_interpolation: 0,interpolation_duration: 1}
$data merge entity $(bone_rightwing20) {transformation: [-0.1755f,-2.9291f,-0.3756f,-1.883f,-2.93f,0.2197f,-0.3447f,-4.4782f,0.3691f,0.3515f,-2.9141f,2.7501f,0f,0f,0f,1f],start_interpolation: 0,interpolation_duration: 1}
$data merge entity $(bone_rightwing21) {transformation: [-0.3921f,-2.9291f,-0.1347f,-1.883f,-2.2832f,0.2197f,1.8682f,-4.4782f,-1.8398f,0.3515f,-2.2898f,2.7501f,0f,0f,0f,1f],start_interpolation: 0,interpolation_duration: 1}
$data merge entity $(bone_rightwing22) {transformation: [-0.3692f,-2.9291f,0.1885f,-1.883f,-0.2422f,0.2197f,2.9402f,-4.4782f,-2.9252f,0.3515f,-0.2672f,2.7501f,0f,0f,0f,1f],start_interpolation: 0,interpolation_duration: 1}
$data merge entity $(bone_rightwing23) {transformation: [-0.1192f,-2.8879f,0.3909f,-1.883f,1.9193f,0.2166f,2.1854f,-4.4782f,-2.1929f,0.3466f,1.8916f,2.7501f,0f,0f,0f,1f],start_interpolation: 0,interpolation_duration: 1}
$data merge entity $(bone_rightwing1) {transformation: [-0.0914f,-1.9803f,-0.2649f,-1.7458f,-1.9456f,0.1485f,-0.4388f,-1.5598f,0.4541f,0.2377f,-1.9332f,2.0689f,0f,0f,0f,1f],start_interpolation: 0,interpolation_duration: 1}
$data merge entity $(bone_rightwing) {transformation: [-0.7055f,-0.9222f,-0.1135f,-0.6875f,-0.9148f,0.6646f,0.2872f,-0.1875f,-0.1624f,0.2627f,-1.1251f,2.3125f,0f,0f,0f,1f],start_interpolation: 0,interpolation_duration: 1}
$data merge entity $(bone_eyebrow) {transformation: [-0.8923f,0f,0f,0f,0f,0.8904f,-0.0577f,-0.4179f,0f,-0.0577f,-0.8904f,6.2492f,0f,0f,0f,1f],start_interpolation: 0,interpolation_duration: 1}
$data merge entity $(bone_head) {transformation: [-1.2269f,0f,0f,0f,0f,1.2243f,-0.0793f,-0.9506f,0f,-0.0793f,-1.2243f,4.6671f,0f,0f,0f,1f],start_interpolation: 0,interpolation_duration: 1}
$data merge entity $(bone_neck4) {transformation: [-1.0498f,0f,0f,0f,0f,1.044f,-0.1095f,-0.9248f,0f,-0.1095f,-1.044f,4.5984f,0f,0f,0f,1f],start_interpolation: 0,interpolation_duration: 1}
$data merge entity $(bone_neck3) {transformation: [-1.1664f,0f,0f,0f,0f,1.1638f,-0.0777f,-0.9588f,0f,-0.0777f,-1.1638f,4.0892f,0f,0f,0f,1f],start_interpolation: 0,interpolation_duration: 1}
$data merge entity $(bone_neck2) {transformation: [-1.296f,0f,0f,0f,0f,1.2952f,0.046f,-0.9473f,0f,0.046f,-1.2952f,3.7654f,0f,0f,0f,1f],start_interpolation: 0,interpolation_duration: 1}
$data merge entity $(bone_neck1) {transformation: [-1.44f,0f,0f,0f,0f,1.431f,0.1607f,-0.9072f,0f,0.1607f,-1.431f,3.4077f,0f,0f,0f,1f],start_interpolation: 0,interpolation_duration: 1}
$data merge entity $(bone_neck0) {transformation: [-1.6f,0f,0f,0f,0f,1.5928f,0.1519f,-0.9687f,0f,0.1519f,-1.5928f,3f,0f,0f,0f,1f],start_interpolation: 0,interpolation_duration: 1}
$data merge entity $(bone_frontlegl) {transformation: [-0.9925f,-0.1088f,0.055f,0.4296f,0f,0.4511f,0.8925f,-0.7595f,-0.1219f,0.8858f,-0.4478f,2.5624f,0f,0f,0f,1f],start_interpolation: 0,interpolation_duration: 1}
$data merge entity $(bone_frontlegtipleft) {transformation: [-0.9925f,-0.0667f,0.102f,0.7956f,0f,0.8369f,0.5473f,-1.193f,-0.1219f,0.5433f,-0.8307f,1.6332f,0f,0f,0f,1f],start_interpolation: 0,interpolation_duration: 1}
$data merge entity $(bone_frontfootleftd) {transformation: [-0.9925f,-0.1206f,-0.0173f,0.8831f,0f,-0.1424f,0.9898f,-2.7912f,-0.1219f,0.9824f,0.1413f,0.8332f,0f,0f,0f,1f],start_interpolation: 0,interpolation_duration: 1}
$data merge entity $(bone_frontfootleft) {transformation: [0.9925f,0.1167f,0.0353f,0.9016f,0f,-0.2893f,0.9572f,-2.3464f,0.1219f,-0.9501f,-0.2871f,0.7697f,0f,0f,0f,1f],start_interpolation: 0,interpolation_duration: 1}
$data merge entity $(bone_frontlegr) {transformation: [-0.9925f,0.1088f,-0.055f,-0.8736f,0f,0.4511f,0.8925f,-0.8024f,0.1219f,0.8858f,-0.4478f,2.6092f,0f,0f,0f,1f],start_interpolation: 0,interpolation_duration: 1}
$data merge entity $(bone_frontlegtipright) {transformation: [-0.9925f,0.0667f,-0.102f,-0.7474f,0f,0.8369f,0.5473f,-1.1615f,0.1219f,0.5433f,-0.8307f,1.5856f,0f,0f,0f,1f],start_interpolation: 0,interpolation_duration: 1}
$data merge entity $(bone_frontfootrightd) {transformation: [-0.9925f,0.1206f,0.0173f,-0.8476f,0f,-0.1424f,0.9898f,-2.7485f,0.1219f,0.9824f,0.1413f,0.8562f,0f,0f,0f,1f],start_interpolation: 0,interpolation_duration: 1}
$data merge entity $(bone_frontfootright) {transformation: [0.9925f,-0.1167f,-0.0353f,-0.8463f,0f,-0.2893f,0.9572f,-2.2917f,-0.1219f,-0.9501f,-0.2871f,0.7798f,0f,0f,0f,1f],start_interpolation: 0,interpolation_duration: 1}
$data merge entity $(bone_rearlegl) {transformation: [-1.0807f,0.0457f,-0.0602f,0.0002f,0f,0.8631f,0.6547f,-0.3931f,0.0756f,0.6532f,-0.861f,-0.4089f,0f,0f,0f,1f],start_interpolation: 0,interpolation_duration: 1}
$data merge entity $(bone_rearfootleftd) {transformation: [-0.9976f,0.0378f,0.0586f,0.5357f,0f,-0.8404f,0.5419f,-2.3925f,0.0698f,0.5406f,0.8384f,-2.6055f,0f,0f,0f,1f],start_interpolation: 0,interpolation_duration: 1}
$data merge entity $(bone_rearfootleft) {transformation: [-0.9976f,0.0556f,0.0422f,0.5717f,0f,-0.6044f,0.7967f,-1.9203f,0.0698f,0.7948f,0.6029f,-2.0917f,0f,0f,0f,1f],start_interpolation: 0,interpolation_duration: 1}
$data merge entity $(bone_rearlegtipleft) {transformation: [-0.9976f,0.068f,-0.0155f,0.5783f,0f,0.2218f,0.9751f,-1.7595f,0.0698f,0.9727f,-0.2213f,-1.1008f,0f,0f,0f,1f],start_interpolation: 0,interpolation_duration: 1}
$data merge entity $(bone_rearlegr) {transformation: [-1.0807f,-0.0457f,0.0602f,-1.3746f,0f,0.8631f,0.6547f,-0.369f,-0.0756f,0.6532f,-0.861f,-0.5266f,0f,0f,0f,1f],start_interpolation: 0,interpolation_duration: 1}
$data merge entity $(bone_rearfootrightd) {transformation: [-0.9976f,-0.0586f,0.0378f,-0.5385f,0f,0.5419f,0.8404f,-2.3684f,-0.0698f,0.8384f,-0.5406f,-2.6273f,0f,0f,0f,1f],start_interpolation: 0,interpolation_duration: 1}
$data merge entity $(bone_rearfootright) {transformation: [-0.9976f,-0.0556f,-0.0422f,-0.5744f,0f,-0.6044f,0.7967f,-1.8962f,-0.0698f,0.7948f,0.6029f,-2.1135f,0f,0f,0f,1f],start_interpolation: 0,interpolation_duration: 1}
$data merge entity $(bone_rearlegtipright) {transformation: [-0.9976f,-0.068f,0.0155f,-0.7058f,0f,0.2218f,0.9751f,-1.7354f,-0.0698f,0.9727f,-0.2213f,-1.1313f,0f,0f,0f,1f],start_interpolation: 0,interpolation_duration: 1}
$data merge entity $(bone_tail11) {transformation: [-0.2937f,0f,0f,0f,0f,0.2935f,0.0151f,-0.9506f,0f,0.0224f,-0.332f,-7.2272f,0f,0f,0f,1f],start_interpolation: 0,interpolation_duration: 1}
$data merge entity $(bone_tail10) {transformation: [-0.3916f,0f,0f,0f,0f,0.3893f,0.0444f,-0.9756f,0f,0.0573f,-0.44f,-6.9797f,0f,0f,0f,1f],start_interpolation: 0,interpolation_duration: 1}
$data merge entity $(bone_tail9) {transformation: [-0.4896f,0f,0f,0f,0f,0.4841f,0.0749f,-1.0177f,0f,0.0935f,-0.5466f,-6.6722f,0f,0f,0f,1f],start_interpolation: 0,interpolation_duration: 1}
$data merge entity $(bone_tail8) {transformation: [-0.5759f,0f,0f,0f,0f,0.5688f,0.0928f,-1.0699f,0f,0.1153f,-0.6422f,-6.311f,0f,0f,0f,1f],start_interpolation: 0,interpolation_duration: 1}
$data merge entity $(bone_tail7) {transformation: [-0.6776f,0f,0f,0f,0f,0.6717f,0.0923f,-1.1218f,0f,0.1165f,-0.7587f,-5.8842f,0f,0f,0f,1f],start_interpolation: 0,interpolation_duration: 1}
$data merge entity $(bone_tail6) {transformation: [-0.7972f,0f,0f,0f,0f,0.7948f,0.0667f,-1.1593f,0f,0.0897f,-0.8986f,-5.3788f,0f,0f,0f,1f],start_interpolation: 0,interpolation_duration: 1}
$data merge entity $(bone_tail5) {transformation: [-0.8857f,0f,0f,0f,0f,0.8861f,0.0138f,-1.1671f,0f,0.0316f,-1.0029f,-4.8147f,0f,0f,0f,1f],start_interpolation: 0,interpolation_duration: 1}
$data merge entity $(bone_tail4) {transformation: [-0.9842f,0f,0f,0f,0f,0.9834f,-0.051f,-1.1384f,0f,-0.04f,-1.1142f,-4.188f,0f,0f,0f,1f],start_interpolation: 0,interpolation_duration: 1}
$data merge entity $(bone_tail3) {transformation: [-1.0935f,0f,0f,0f,0f,1.0884f,-0.1121f,-1.0754f,0f,-0.1074f,-1.2341f,-3.4938f,0f,0f,0f,1f],start_interpolation: 0,interpolation_duration: 1}
$data merge entity $(bone_tail2) {transformation: [-1.215f,0f,0f,0f,0f,1.2062f,-0.1518f,-0.99f,0f,-0.1501f,-1.3682f,-2.7242f,0f,0f,0f,1f],start_interpolation: 0,interpolation_duration: 1}
$data merge entity $(bone_tail1) {transformation: [-1.35f,0f,0f,0f,0f,1.342f,-0.1537f,-0.9036f,0f,-0.1499f,-1.522f,-1.8681f,0f,0f,0f,1f],start_interpolation: 0,interpolation_duration: 1}
$data merge entity $(bone_tail0) {transformation: [-1.5f,0f,0f,0f,0f,1.497f,-0.1077f,-0.4687f,0f,-0.095f,-1.6966f,-0.9375f,0f,0f,0f,1f],start_interpolation: 0,interpolation_duration: 1}