# This file was generated by Animated Java via MC-Build. It is not recommended to edit this file directly.
$data merge entity $(bone_leftwing20) {transformation: [-0.3112f,2.9392f,0.1264f,2.2336f,2.9009f,0.3277f,-0.4788f,-4.2359f,-0.4897f,0.0735f,-2.9166f,2.872f,0f,0f,0f,1f],start_interpolation: 0,interpolation_duration: 1}
$data merge entity $(bone_leftwing21) {transformation: [-0.3071f,2.939f,-0.1361f,2.2336f,2.3594f,0.3277f,1.754f,-4.2359f,1.7577f,0.0735f,-2.3782f,2.872f,0f,0f,0f,1f],start_interpolation: 0,interpolation_duration: 1}
$data merge entity $(bone_leftwing22) {transformation: [-0.1156f,2.9447f,-0.316f,2.2336f,0.378f,0.3284f,2.9213f,-4.2359f,2.9374f,0.0737f,-0.3884f,2.872f,0f,0f,0f,1f],start_interpolation: 0,interpolation_duration: 1}
$data merge entity $(bone_leftwing23) {transformation: [0.1447f,2.8978f,-0.2979f,2.2336f,-1.8095f,0.3231f,2.2645f,-4.2359f,2.2829f,0.0725f,1.8139f,2.872f,0f,0f,0f,1f],start_interpolation: 0,interpolation_duration: 1}
$data merge entity $(bone_leftwing1) {transformation: [-0.2003f,1.9871f,0.107f,1.9332f,1.9166f,0.2216f,-0.5269f,-1.361f,-0.5354f,0.0497f,-1.9264f,2.0689f,0f,0f,0f,1f],start_interpolation: 0,interpolation_duration: 1}
$data merge entity $(bone_leftwing) {transformation: [-0.8304f,0.8194f,0.0025f,0.6875f,0.8032f,0.8132f,0.2337f,-0.1562f,0.1624f,0.1681f,-1.143f,2.3125f,0f,0f,0f,1f],start_interpolation: 0,interpolation_duration: 1}
$data merge entity $(bone_rightwing20) {transformation: [-0.3112f,-2.9392f,-0.1264f,-2.2336f,-2.9009f,0.3277f,-0.4788f,-4.2359f,0.4897f,0.0735f,-2.9166f,2.872f,0f,0f,0f,1f],start_interpolation: 0,interpolation_duration: 1}
$data merge entity $(bone_rightwing21) {transformation: [-0.3071f,-2.9392f,0.1361f,-2.2336f,-2.3595f,0.3277f,1.7541f,-4.2359f,-1.7578f,0.0735f,-2.3783f,2.872f,0f,0f,0f,1f],start_interpolation: 0,interpolation_duration: 1}
$data merge entity $(bone_rightwing22) {transformation: [-0.1154f,-2.9392f,0.3154f,-2.2336f,-0.3773f,0.3277f,2.9158f,-4.2359f,-2.9319f,0.0735f,-0.3876f,2.872f,0f,0f,0f,1f],start_interpolation: 0,interpolation_duration: 1}
$data merge entity $(bone_rightwing23) {transformation: [0.1447f,-2.8978f,0.2979f,-2.2336f,1.8095f,0.3231f,2.2645f,-4.2359f,-2.2829f,0.0725f,1.8139f,2.872f,0f,0f,0f,1f],start_interpolation: 0,interpolation_duration: 1}
$data merge entity $(bone_rightwing1) {transformation: [-0.2003f,-1.9871f,-0.107f,-1.9332f,-1.9166f,0.2216f,-0.5269f,-1.361f,0.5354f,0.0497f,-1.9264f,2.0689f,0f,0f,0f,1f],start_interpolation: 0,interpolation_duration: 1}
$data merge entity $(bone_rightwing) {transformation: [-0.8304f,-0.8194f,-0.0025f,-0.6875f,-0.8032f,0.8132f,0.2337f,-0.1562f,-0.1624f,0.1681f,-1.143f,2.3125f,0f,0f,0f,1f],start_interpolation: 0,interpolation_duration: 1}
$data merge entity $(bone_eyebrow) {transformation: [-0.8923f,0f,0f,0f,0f,0.89f,-0.0643f,-0.3188f,0f,-0.0643f,-0.89f,6.2445f,0f,0f,0f,1f],start_interpolation: 0,interpolation_duration: 1}
$data merge entity $(bone_head) {transformation: [-1.2269f,0f,0f,0f,0f,1.2237f,-0.0884f,-0.8632f,0f,-0.0884f,-1.2237f,4.6663f,0f,0f,0f,1f],start_interpolation: 0,interpolation_duration: 1}
$data merge entity $(bone_neck4) {transformation: [-1.0498f,0f,0f,0f,0f,1.0417f,-0.1295f,-0.8388f,0f,-0.1295f,-1.0417f,4.5971f,0f,0f,0f,1f],start_interpolation: 0,interpolation_duration: 1}
$data merge entity $(bone_neck3) {transformation: [-1.1664f,0f,0f,0f,0f,1.1596f,-0.1262f,-0.894f,0f,-0.1262f,-1.1596f,4.0898f,0f,0f,0f,1f],start_interpolation: 0,interpolation_duration: 1}
$data merge entity $(bone_neck2) {transformation: [-1.296f,0f,0f,0f,0f,1.2959f,-0.0181f,-0.8985f,0f,-0.0181f,-1.2959f,3.7659f,0f,0f,0f,1f],start_interpolation: 0,interpolation_duration: 1}
$data merge entity $(bone_neck1) {transformation: [-1.44f,0f,0f,0f,0f,1.4358f,0.1099f,-0.871f,0f,0.1099f,-1.4358f,3.4069f,0f,0f,0f,1f],start_interpolation: 0,interpolation_duration: 1}
$data merge entity $(bone_neck0) {transformation: [-1.6f,0f,0f,0f,0f,1.5945f,0.1326f,-0.9375f,0f,0.1326f,-1.5945f,3f,0f,0f,0f,1f],start_interpolation: 0,interpolation_duration: 1}
$data merge entity $(bone_frontlegl) {transformation: [-0.9925f,-0.109f,0.0545f,0.4296f,0f,0.4475f,0.8943f,-0.7284f,-0.1219f,0.8876f,-0.4442f,2.5627f,0f,0f,0f,1f],start_interpolation: 0,interpolation_duration: 1}
$data merge entity $(bone_frontlegtipleft) {transformation: [-0.9925f,-0.0671f,0.1017f,0.7958f,0f,0.8347f,0.5507f,-1.158f,-0.1219f,0.5466f,-0.8285f,1.6317f,0f,0f,0f,1f],start_interpolation: 0,interpolation_duration: 1}
$data merge entity $(bone_frontfootleftd) {transformation: [-0.9925f,-0.1206f,-0.0178f,0.8841f,0f,-0.1463f,0.9892f,-2.753f,-0.1219f,0.9819f,0.1453f,0.8253f,0f,0f,0f,1f],start_interpolation: 0,interpolation_duration: 1}
$data merge entity $(bone_frontfootleft) {transformation: [0.9925f,0.1168f,0.0348f,0.9023f,0f,-0.2854f,0.9584f,-2.3079f,0.1219f,-0.9513f,-0.2833f,0.7636f,0f,0f,0f,1f],start_interpolation: 0,interpolation_duration: 1}
$data merge entity $(bone_frontlegr) {transformation: [-0.9925f,0.109f,-0.0545f,-0.8736f,0f,0.4475f,0.8943f,-0.771f,0.1219f,0.8876f,-0.4442f,2.6092f,0f,0f,0f,1f],start_interpolation: 0,interpolation_duration: 1}
$data merge entity $(bone_frontlegtipright) {transformation: [-0.9925f,0.0671f,-0.1017f,-0.7476f,0f,0.8347f,0.5507f,-1.1261f,0.1219f,0.5466f,-0.8285f,1.5843f,0f,0f,0f,1f],start_interpolation: 0,interpolation_duration: 1}
$data merge entity $(bone_frontfootrightd) {transformation: [-0.9925f,0.1206f,0.0178f,-0.8486f,0f,-0.1463f,0.9892f,-2.7101f,0.1219f,0.9819f,0.1453f,0.8484f,0f,0f,0f,1f],start_interpolation: 0,interpolation_duration: 1}
$data merge entity $(bone_frontfootright) {transformation: [0.9925f,-0.1168f,-0.0348f,-0.8471f,0f,-0.2854f,0.9584f,-2.253f,-0.1219f,-0.9513f,-0.2833f,0.7739f,0f,0f,0f,1f],start_interpolation: 0,interpolation_duration: 1}
$data merge entity $(bone_rearlegl) {transformation: [-1.0807f,0.0459f,-0.06f,0.0002f,0f,0.8604f,0.6582f,-0.3618f,0.0756f,0.6566f,-0.8583f,-0.4079f,0f,0f,0f,1f],start_interpolation: 0,interpolation_duration: 1}
$data merge entity $(bone_rearfootleftd) {transformation: [-0.9976f,0.0376f,0.0588f,0.5352f,0f,-0.8426f,0.5385f,-2.3525f,0.0698f,0.5372f,0.8405f,-2.6126f,0f,0f,0f,1f],start_interpolation: 0,interpolation_duration: 1}
$data merge entity $(bone_rearfootleft) {transformation: [-0.9976f,0.0554f,0.0424f,0.5713f,0f,-0.6076f,0.7943f,-1.8824f,0.0698f,0.7923f,0.6061f,-2.0969f,0f,0f,0f,1f],start_interpolation: 0,interpolation_duration: 1}
$data merge entity $(bone_rearlegtipleft) {transformation: [-0.9976f,0.0681f,-0.0152f,0.578f,0f,0.2179f,0.976f,-1.7255f,0.0698f,0.9736f,-0.2173f,-1.1053f,0f,0f,0f,1f],start_interpolation: 0,interpolation_duration: 1}
$data merge entity $(bone_rearlegr) {transformation: [-1.0807f,-0.0459f,0.06f,-1.3746f,0f,0.8604f,0.6582f,-0.3376f,-0.0756f,0.6566f,-0.8583f,-0.5256f,0f,0f,0f,1f],start_interpolation: 0,interpolation_duration: 1}
$data merge entity $(bone_rearfootrightd) {transformation: [-0.9976f,-0.0588f,0.0376f,-0.538f,0f,0.5385f,0.8426f,-2.3283f,-0.0698f,0.8405f,-0.5372f,-2.6343f,0f,0f,0f,1f],start_interpolation: 0,interpolation_duration: 1}
$data merge entity $(bone_rearfootright) {transformation: [-0.9976f,-0.0554f,-0.0424f,-0.5741f,0f,-0.6076f,0.7943f,-1.8582f,-0.0698f,0.7923f,0.6061f,-2.1186f,0f,0f,0f,1f],start_interpolation: 0,interpolation_duration: 1}
$data merge entity $(bone_rearlegtipright) {transformation: [-0.9976f,-0.0681f,0.0152f,-0.7054f,0f,0.2179f,0.976f,-1.7013f,-0.0698f,0.9736f,-0.2173f,-1.1358f,0f,0f,0f,1f],start_interpolation: 0,interpolation_duration: 1}
$data merge entity $(bone_tail11) {transformation: [-0.2937f,0f,0f,0f,0f,0.2935f,0.0151f,-0.7111f,0f,0.0217f,-0.3321f,-7.2254f,0f,0f,0f,1f],start_interpolation: 0,interpolation_duration: 1}
$data merge entity $(bone_tail10) {transformation: [-0.3916f,0f,0f,0f,0f,0.389f,0.0465f,-0.7373f,0f,0.0588f,-0.4398f,-6.978f,0f,0f,0f,1f],start_interpolation: 0,interpolation_duration: 1}
$data merge entity $(bone_tail9) {transformation: [-0.4896f,0f,0f,0f,0f,0.4827f,0.0831f,-0.7841f,0f,0.1017f,-0.5452f,-6.6713f,0f,0f,0f,1f],start_interpolation: 0,interpolation_duration: 1}
$data merge entity $(bone_tail8) {transformation: [-0.5759f,0f,0f,0f,0f,0.5654f,0.1111f,-0.8465f,0f,0.1347f,-0.6385f,-6.3122f,0f,0f,0f,1f],start_interpolation: 0,interpolation_duration: 1}
$data merge entity $(bone_tail7) {transformation: [-0.6776f,0f,0f,0f,0f,0.6665f,0.1239f,-0.9162f,0f,0.1508f,-0.7527f,-5.8888f,0f,0f,0f,1f],start_interpolation: 0,interpolation_duration: 1}
$data merge entity $(bone_tail6) {transformation: [-0.7972f,0f,0f,0f,0f,0.7894f,0.1132f,-0.9799f,0f,0.1405f,-0.8921f,-5.3869f,0f,0f,0f,1f],start_interpolation: 0,interpolation_duration: 1}
$data merge entity $(bone_tail5) {transformation: [-0.8857f,0f,0f,0f,0f,0.8833f,0.0703f,-1.0194f,0f,0.0935f,-0.9991f,-4.8249f,0f,0f,0f,1f],start_interpolation: 0,interpolation_duration: 1}
$data merge entity $(bone_tail4) {transformation: [-0.9842f,0f,0f,0f,0f,0.9845f,0.0095f,-1.0248f,0f,0.0262f,-1.1147f,-4.1979f,0f,0f,0f,1f],start_interpolation: 0,interpolation_duration: 1}
$data merge entity $(bone_tail3) {transformation: [-1.0935f,0f,0f,0f,0f,1.0926f,-0.0553f,-0.9937f,0f,-0.0454f,-1.238f,-3.5015f,0f,0f,0f,1f],start_interpolation: 0,interpolation_duration: 1}
$data merge entity $(bone_tail2) {transformation: [-1.215f,0f,0f,0f,0f,1.2109f,-0.1058f,-0.9342f,0f,-0.1008f,-1.3728f,-2.7293f,0f,0f,0f,1f],start_interpolation: 0,interpolation_duration: 1}
$data merge entity $(bone_tail1) {transformation: [-1.35f,0f,0f,0f,0f,1.3449f,-0.1234f,-0.8648f,0f,-0.1187f,-1.5249f,-1.8716f,0f,0f,0f,1f],start_interpolation: 0,interpolation_duration: 1}
$data merge entity $(bone_tail0) {transformation: [-1.5f,0f,0f,0f,0f,1.4977f,-0.094f,-0.4375f,0f,-0.0829f,-1.6974f,-0.9375f,0f,0f,0f,1f],start_interpolation: 0,interpolation_duration: 1}