# This file was generated by Animated Java via MC-Build. It is not recommended to edit this file directly.
$data merge entity $(bone_leftwing20) {transformation: [-0.6352f,2.8892f,-0.0306f,2.7865f,2.8106f,0.6106f,-0.6924f,-3.8586f,-0.6699f,-0.1778f,-2.876f,3.0494f,0f,0f,0f,1f],start_interpolation: 0,interpolation_duration: 1}
$data merge entity $(bone_leftwing21) {transformation: [-0.4192f,2.889f,-0.4782f,2.7865f,2.4504f,0.6106f,1.5407f,-3.8586f,1.6034f,-0.1777f,-2.4796f,3.0494f,0f,0f,0f,1f],start_interpolation: 0,interpolation_duration: 1}
$data merge entity $(bone_leftwing22) {transformation: [0.0529f,2.8946f,-0.6349f,2.7865f,0.595f,0.6117f,2.8384f,-3.8586f,2.9031f,-0.1781f,-0.5702f,3.0494f,0f,0f,0f,1f],start_interpolation: 0,interpolation_duration: 1}
$data merge entity $(bone_leftwing23) {transformation: [0.4856f,2.8485f,-0.3966f,2.7865f,-1.6025f,0.602f,2.3615f,-3.8586f,2.3881f,-0.1753f,1.6652f,3.0494f,0f,0f,0f,1f],start_interpolation: 0,interpolation_duration: 1}
$data merge entity $(bone_leftwing1) {transformation: [-0.4292f,1.9532f,0.0243f,2.1426f,1.8408f,0.4128f,-0.6642f,-1.0974f,-0.6537f,-0.1202f,-1.8863f,2.0689f,0f,0f,0f,1f],start_interpolation: 0,interpolation_duration: 1}
$data merge entity $(bone_leftwing) {transformation: [-0.9701f,0.6402f,-0.101f,0.6875f,0.6274f,0.9732f,0.1423f,-0.1562f,0.1624f,0.064f,-1.1535f,2.3125f,0f,0f,0f,1f],start_interpolation: 0,interpolation_duration: 1}
$data merge entity $(bone_rightwing20) {transformation: [-0.6352f,-2.8892f,0.0306f,-2.7865f,-2.8106f,0.6106f,-0.6924f,-3.8586f,0.6699f,-0.1778f,-2.876f,3.0494f,0f,0f,0f,1f],start_interpolation: 0,interpolation_duration: 1}
$data merge entity $(bone_rightwing21) {transformation: [-0.4192f,-2.8892f,0.4782f,-2.7865f,-2.4505f,0.6106f,1.5408f,-3.8586f,-1.6035f,-0.1778f,-2.4797f,3.0494f,0f,0f,0f,1f],start_interpolation: 0,interpolation_duration: 1}
$data merge entity $(bone_rightwing22) {transformation: [0.0528f,-2.8892f,0.6337f,-2.7865f,-0.5939f,0.6106f,2.8331f,-3.8586f,-2.8976f,-0.1778f,-0.5691f,3.0494f,0f,0f,0f,1f],start_interpolation: 0,interpolation_duration: 1}
$data merge entity $(bone_rightwing23) {transformation: [0.4856f,-2.8485f,0.3966f,-2.7865f,1.6025f,0.602f,2.3615f,-3.8586f,-2.3881f,-0.1753f,1.6652f,3.0494f,0f,0f,0f,1f],start_interpolation: 0,interpolation_duration: 1}
$data merge entity $(bone_rightwing1) {transformation: [-0.4292f,-1.9532f,-0.0243f,-2.1426f,-1.8408f,0.4128f,-0.6642f,-1.0974f,0.6537f,-0.1202f,-1.8863f,2.0689f,0f,0f,0f,1f],start_interpolation: 0,interpolation_duration: 1}
$data merge entity $(bone_rightwing) {transformation: [-0.9701f,-0.6402f,0.101f,-0.6875f,-0.6274f,0.9732f,0.1423f,-0.1562f,-0.1624f,0.064f,-1.1535f,2.3125f,0f,0f,0f,1f],start_interpolation: 0,interpolation_duration: 1}
$data merge entity $(bone_eyebrow) {transformation: [-0.8923f,0f,0f,0f,0f,0.8897f,-0.0677f,-0.2569f,0f,-0.0677f,-0.8897f,6.2394f,0f,0f,0f,1f],start_interpolation: 0,interpolation_duration: 1}
$data merge entity $(bone_head) {transformation: [-1.2269f,0f,0f,0f,0f,1.2234f,-0.0931f,-0.8075f,0f,-0.0931f,-1.2234f,4.6633f,0f,0f,0f,1f],start_interpolation: 0,interpolation_duration: 1}
$data merge entity $(bone_neck4) {transformation: [-1.0498f,0f,0f,0f,0f,1.04f,-0.143f,-0.7839f,0f,-0.143f,-1.04f,4.5939f,0f,0f,0f,1f],start_interpolation: 0,interpolation_duration: 1}
$data merge entity $(bone_neck3) {transformation: [-1.1664f,0f,0f,0f,0f,1.1542f,-0.1682f,-0.8575f,0f,-0.1682f,-1.1542f,4.0889f,0f,0f,0f,1f],start_interpolation: 0,interpolation_duration: 1}
$data merge entity $(bone_neck2) {transformation: [-1.296f,0f,0f,0f,0f,1.2935f,-0.0811f,-0.8778f,0f,-0.0811f,-1.2935f,3.7655f,0f,0f,0f,1f],start_interpolation: 0,interpolation_duration: 1}
$data merge entity $(bone_neck1) {transformation: [-1.44f,0f,0f,0f,0f,1.439f,0.0535f,-0.8644f,0f,0.0535f,-1.439f,3.4058f,0f,0f,0f,1f],start_interpolation: 0,interpolation_duration: 1}
$data merge entity $(bone_neck0) {transformation: [-1.6f,0f,0f,0f,0f,1.5964f,0.1067f,-0.9375f,0f,0.1067f,-1.5964f,3f,0f,0f,0f,1f],start_interpolation: 0,interpolation_duration: 1}
$data merge entity $(bone_frontlegl) {transformation: [-0.9925f,-0.1093f,0.0539f,0.4295f,0f,0.4427f,0.8967f,-0.7286f,-0.1219f,0.89f,-0.4394f,2.5629f,0f,0f,0f,1f],start_interpolation: 0,interpolation_duration: 1}
$data merge entity $(bone_frontlegtipleft) {transformation: [-0.9925f,-0.0677f,0.1014f,0.796f,0f,0.8317f,0.5552f,-1.153f,-0.1219f,0.5511f,-0.8255f,1.6297f,0f,0f,0f,1f],start_interpolation: 0,interpolation_duration: 1}
$data merge entity $(bone_frontfootleftd) {transformation: [-0.9925f,-0.1205f,-0.0185f,0.8854f,0f,-0.1517f,0.9884f,-2.7436f,-0.1219f,0.9811f,0.1506f,0.8148f,0f,0f,0f,1f],start_interpolation: 0,interpolation_duration: 1}
$data merge entity $(bone_frontfootleft) {transformation: [0.9925f,0.117f,0.0342f,0.9033f,0f,-0.2802f,0.9599f,-2.2981f,0.1219f,-0.9528f,-0.2782f,0.7554f,0f,0f,0f,1f],start_interpolation: 0,interpolation_duration: 1}
$data merge entity $(bone_frontlegr) {transformation: [-0.9925f,0.1093f,-0.0539f,-0.8736f,0f,0.4427f,0.8967f,-0.7709f,0.1219f,0.89f,-0.4394f,2.6093f,0f,0f,0f,1f],start_interpolation: 0,interpolation_duration: 1}
$data merge entity $(bone_frontlegtipright) {transformation: [-0.9925f,0.0677f,-0.1014f,-0.7478f,0f,0.8317f,0.5552f,-1.1205f,0.1219f,0.5511f,-0.8255f,1.5824f,0f,0f,0f,1f],start_interpolation: 0,interpolation_duration: 1}
$data merge entity $(bone_frontfootrightd) {transformation: [-0.9925f,0.1205f,0.0185f,-0.8498f,0f,-0.1517f,0.9884f,-2.7005f,0.1219f,0.9811f,0.1506f,0.8381f,0f,0f,0f,1f],start_interpolation: 0,interpolation_duration: 1}
$data merge entity $(bone_frontfootright) {transformation: [0.9925f,-0.117f,-0.0342f,-0.848f,0f,-0.2802f,0.9599f,-2.243f,-0.1219f,-0.9528f,-0.2782f,0.766f,0f,0f,0f,1f],start_interpolation: 0,interpolation_duration: 1}
$data merge entity $(bone_rearlegl) {transformation: [-1.0807f,0.0462f,-0.0598f,0.0003f,0f,0.8569f,0.6629f,-0.3616f,0.0756f,0.6612f,-0.8548f,-0.4067f,0f,0f,0f,1f],start_interpolation: 0,interpolation_duration: 1}
$data merge entity $(bone_rearfootleftd) {transformation: [-0.9976f,0.0372f,0.059f,0.5346f,0f,-0.8455f,0.534f,-2.3406f,0.0698f,0.5327f,0.8434f,-2.6221f,0f,0f,0f,1f],start_interpolation: 0,interpolation_duration: 1}
$data merge entity $(bone_rearfootleft) {transformation: [-0.9976f,0.0552f,0.0427f,0.5708f,0f,-0.6119f,0.791f,-1.8733f,0.0698f,0.789f,0.6104f,-2.1038f,0f,0f,0f,1f],start_interpolation: 0,interpolation_duration: 1}
$data merge entity $(bone_rearlegtipleft) {transformation: [-0.9976f,0.0682f,-0.0148f,0.5776f,0f,0.2126f,0.9771f,-1.7218f,0.0698f,0.9748f,-0.2121f,-1.1114f,0f,0f,0f,1f],start_interpolation: 0,interpolation_duration: 1}
$data merge entity $(bone_rearlegr) {transformation: [-1.0807f,-0.0462f,0.0598f,-1.3747f,0f,0.8569f,0.6629f,-0.3373f,-0.0756f,0.6612f,-0.8548f,-0.5242f,0f,0f,0f,1f],start_interpolation: 0,interpolation_duration: 1}
$data merge entity $(bone_rearfootrightd) {transformation: [-0.9976f,-0.059f,0.0372f,-0.5373f,0f,0.534f,0.8455f,-2.3163f,-0.0698f,0.8434f,-0.5327f,-2.6437f,0f,0f,0f,1f],start_interpolation: 0,interpolation_duration: 1}
$data merge entity $(bone_rearfootright) {transformation: [-0.9976f,-0.0552f,-0.0427f,-0.5736f,0f,-0.6119f,0.791f,-1.849f,-0.0698f,0.789f,0.6104f,-2.1254f,0f,0f,0f,1f],start_interpolation: 0,interpolation_duration: 1}
$data merge entity $(bone_rearlegtipright) {transformation: [-0.9976f,-0.0682f,0.0148f,-0.705f,0f,0.2126f,0.9771f,-1.6975f,-0.0698f,0.9748f,-0.2121f,-1.1417f,0f,0f,0f,1f],start_interpolation: 0,interpolation_duration: 1}
$data merge entity $(bone_tail11) {transformation: [-0.2937f,0f,0f,0f,0f,0.2935f,0.0143f,-0.5082f,0f,0.0199f,-0.3322f,-7.2186f,0f,0f,0f,1f],start_interpolation: 0,interpolation_duration: 1}
$data merge entity $(bone_tail10) {transformation: [-0.3916f,0f,0f,0f,0f,0.389f,0.0463f,-0.5342f,0f,0.0574f,-0.44f,-6.9711f,0f,0f,0f,1f],start_interpolation: 0,interpolation_duration: 1}
$data merge entity $(bone_tail9) {transformation: [-0.4896f,0f,0f,0f,0f,0.4819f,0.0873f,-0.5833f,0f,0.105f,-0.5447f,-6.6647f,0f,0f,0f,1f],start_interpolation: 0,interpolation_duration: 1}
$data merge entity $(bone_tail8) {transformation: [-0.5759f,0f,0f,0f,0f,0.5626f,0.1238f,-0.653f,0f,0.1474f,-0.6357f,-6.3071f,0f,0f,0f,1f],start_interpolation: 0,interpolation_duration: 1}
$data merge entity $(bone_tail7) {transformation: [-0.6776f,0f,0f,0f,0f,0.6611f,0.1492f,-0.7369f,0f,0.1774f,-0.747f,-5.8869f,0f,0f,0f,1f],start_interpolation: 0,interpolation_duration: 1}
$data merge entity $(bone_tail6) {transformation: [-0.7972f,0f,0f,0f,0f,0.7824f,0.1537f,-0.8234f,0f,0.184f,-0.8843f,-5.3895f,0f,0f,0f,1f],start_interpolation: 0,interpolation_duration: 1}
$data merge entity $(bone_tail5) {transformation: [-0.8857f,0f,0f,0f,0f,0.8774f,0.123f,-0.8926f,0f,0.1504f,-0.9923f,-4.8313f,0f,0f,0f,1f],start_interpolation: 0,interpolation_duration: 1}
$data merge entity $(bone_tail4) {transformation: [-0.9842f,0f,0f,0f,0f,0.982f,0.0695f,-0.9317f,0f,0.0911f,-1.1114f,-4.2062f,0f,0f,0f,1f],start_interpolation: 0,interpolation_duration: 1}
$data merge entity $(bone_tail3) {transformation: [-1.0935f,0f,0f,0f,0f,1.0938f,0.0045f,-0.9342f,0f,0.0189f,-1.2389f,-3.5093f,0f,0f,0f,1f],start_interpolation: 0,interpolation_duration: 1}
$data merge entity $(bone_tail2) {transformation: [-1.215f,0f,0f,0f,0f,1.2141f,-0.0544f,-0.9036f,0f,-0.0462f,-1.3759f,-2.7353f,0f,0f,0f,1f],start_interpolation: 0,interpolation_duration: 1}
$data merge entity $(bone_tail1) {transformation: [-1.35f,0f,0f,0f,0f,1.3476f,-0.087f,-0.8547f,0f,-0.0815f,-1.5275f,-1.8761f,0f,0f,0f,1f],start_interpolation: 0,interpolation_duration: 1}
$data merge entity $(bone_tail0) {transformation: [-1.5f,0f,0f,0f,0f,1.4985f,-0.0756f,-0.4375f,0f,-0.0667f,-1.6983f,-0.9375f,0f,0f,0f,1f],start_interpolation: 0,interpolation_duration: 1}