# This file was generated by Animated Java via MC-Build. It is not recommended to edit this file directly.
$data merge entity $(bone_leftwing20) {transformation: [-1.1044f,2.7443f,-0.0316f,3.4386f,2.5985f,1.0346f,-0.964f,-3.2521f,-0.8832f,-0.3877f,-2.7967f,3.2561f,0f,0f,0f,1f],start_interpolation: 0,interpolation_duration: 1}
$data merge entity $(bone_leftwing21) {transformation: [-0.7444f,2.7441f,-0.8164f,3.4386f,2.4984f,1.0346f,1.1994f,-3.2521f,1.3982f,-0.3877f,-2.5779f,3.2561f,0f,0f,0f,1f],start_interpolation: 0,interpolation_duration: 1}
$data merge entity $(bone_leftwing22) {transformation: [0.0703f,2.7494f,-1.1047f,3.4386f,0.8744f,1.0366f,2.6355f,-3.2521f,2.8311f,-0.3884f,-0.7865f,3.2561f,0f,0f,0f,1f],start_interpolation: 0,interpolation_duration: 1}
$data merge entity $(bone_leftwing23) {transformation: [0.8301f,2.7056f,-0.7054f,3.4386f,-1.2679f,1.0201f,2.4205f,-3.2521f,2.4921f,-0.3822f,1.4664f,3.2561f,0f,0f,0f,1f],start_interpolation: 0,interpolation_duration: 1}
$data merge entity $(bone_leftwing1) {transformation: [-0.7448f,1.8553f,0.0568f,2.3214f,1.679f,0.6995f,-0.8318f,-0.7337f,-0.7914f,-0.2621f,-1.8179f,2.0689f,0f,0f,0f,1f],start_interpolation: 0,interpolation_duration: 1}
$data merge entity $(bone_leftwing) {transformation: [-1.0893f,0.3826f,-0.1677f,0.6875f,0.385f,1.1013f,0.0123f,-0.1562f,0.1624f,-0.0438f,-1.1545f,2.3125f,0f,0f,0f,1f],start_interpolation: 0,interpolation_duration: 1}
$data merge entity $(bone_rightwing20) {transformation: [-1.1044f,-2.7443f,0.0316f,-3.4386f,-2.5985f,1.0346f,-0.964f,-3.2521f,0.8832f,-0.3877f,-2.7967f,3.2561f,0f,0f,0f,1f],start_interpolation: 0,interpolation_duration: 1}
$data merge entity $(bone_rightwing21) {transformation: [-0.7444f,-2.7443f,0.8164f,-3.4386f,-2.4985f,1.0346f,1.1995f,-3.2521f,-1.3982f,-0.3877f,-2.5781f,3.2561f,0f,0f,0f,1f],start_interpolation: 0,interpolation_duration: 1}
$data merge entity $(bone_rightwing22) {transformation: [0.0702f,-2.7443f,1.1026f,-3.4386f,-0.8727f,1.0346f,2.6305f,-3.2521f,-2.8258f,-0.3877f,-0.785f,3.2561f,0f,0f,0f,1f],start_interpolation: 0,interpolation_duration: 1}
$data merge entity $(bone_rightwing23) {transformation: [0.8301f,-2.7056f,0.7054f,-3.4386f,1.2679f,1.0201f,2.4205f,-3.2521f,-2.4921f,-0.3822f,1.4664f,3.2561f,0f,0f,0f,1f],start_interpolation: 0,interpolation_duration: 1}
$data merge entity $(bone_rightwing1) {transformation: [-0.7448f,-1.8553f,-0.0568f,-2.3214f,-1.679f,0.6995f,-0.8318f,-0.7337f,0.7914f,-0.2621f,-1.8179f,2.0689f,0f,0f,0f,1f],start_interpolation: 0,interpolation_duration: 1}
$data merge entity $(bone_rightwing) {transformation: [-1.0893f,-0.3826f,0.1677f,-0.6875f,-0.385f,1.1013f,0.0123f,-0.1562f,-0.1624f,-0.0438f,-1.1545f,2.3125f,0f,0f,0f,1f],start_interpolation: 0,interpolation_duration: 1}
$data merge entity $(bone_eyebrow) {transformation: [-0.8923f,0f,0f,0f,0f,0.8897f,-0.0678f,-0.2043f,0f,-0.0678f,-0.8897f,6.2346f,0f,0f,0f,1f],start_interpolation: 0,interpolation_duration: 1}
$data merge entity $(bone_head) {transformation: [-1.2269f,0f,0f,0f,0f,1.2234f,-0.0932f,-0.755f,0f,-0.0932f,-1.2234f,4.6586f,0f,0f,0f,1f],start_interpolation: 0,interpolation_duration: 1}
$data merge entity $(bone_neck4) {transformation: [-1.0498f,0f,0f,0f,0f,1.0391f,-0.1495f,-0.7318f,0f,-0.1495f,-1.0391f,4.589f,0f,0f,0f,1f],start_interpolation: 0,interpolation_duration: 1}
$data merge entity $(bone_neck3) {transformation: [-1.1664f,0f,0f,0f,0f,1.1488f,-0.2018f,-0.8201f,0f,-0.2018f,-1.1488f,4.0864f,0f,0f,0f,1f],start_interpolation: 0,interpolation_duration: 1}
$data merge entity $(bone_neck2) {transformation: [-1.296f,0f,0f,0f,0f,1.2884f,-0.14f,-0.8551f,0f,-0.14f,-1.2884f,3.7643f,0f,0f,0f,1f],start_interpolation: 0,interpolation_duration: 1}
$data merge entity $(bone_neck1) {transformation: [-1.44f,0f,0f,0f,0f,1.44f,-0.0056f,-0.8565f,0f,-0.0056f,-1.44f,3.4043f,0f,0f,0f,1f],start_interpolation: 0,interpolation_duration: 1}
$data merge entity $(bone_neck0) {transformation: [-1.6f,0f,0f,0f,0f,1.5982f,0.0755f,-0.9375f,0f,0.0755f,-1.5982f,3f,0f,0f,0f,1f],start_interpolation: 0,interpolation_duration: 1}
$data merge entity $(bone_frontlegl) {transformation: [-0.9925f,-0.1096f,0.0532f,0.4295f,0f,0.4368f,0.8995f,-0.7289f,-0.1219f,0.8928f,-0.4336f,2.5633f,0f,0f,0f,1f],start_interpolation: 0,interpolation_duration: 1}
$data merge entity $(bone_frontlegtipleft) {transformation: [-0.9925f,-0.0683f,0.1009f,0.7963f,0f,0.8281f,0.5606f,-1.1469f,-0.1219f,0.5564f,-0.8219f,1.6273f,0f,0f,0f,1f],start_interpolation: 0,interpolation_duration: 1}
$data merge entity $(bone_frontfootleftd) {transformation: [-0.9925f,-0.1203f,-0.0193f,0.8869f,0f,-0.1581f,0.9874f,-2.7321f,-0.1219f,0.9801f,0.1569f,0.8021f,0f,0f,0f,1f],start_interpolation: 0,interpolation_duration: 1}
$data merge entity $(bone_frontfootleft) {transformation: [0.9925f,0.1172f,0.0334f,0.9045f,0f,-0.274f,0.9617f,-2.2863f,0.1219f,-0.9546f,-0.2719f,0.7457f,0f,0f,0f,1f],start_interpolation: 0,interpolation_duration: 1}
$data merge entity $(bone_frontlegr) {transformation: [-0.9925f,0.1096f,-0.0532f,-0.8736f,0f,0.4368f,0.8995f,-0.7707f,0.1219f,0.8928f,-0.4336f,2.6094f,0f,0f,0f,1f],start_interpolation: 0,interpolation_duration: 1}
$data merge entity $(bone_frontlegtipright) {transformation: [-0.9925f,0.0683f,-0.1009f,-0.748f,0f,0.8281f,0.5606f,-1.1138f,0.1219f,0.5564f,-0.8219f,1.5803f,0f,0f,0f,1f],start_interpolation: 0,interpolation_duration: 1}
$data merge entity $(bone_frontfootrightd) {transformation: [-0.9925f,0.1203f,0.0193f,-0.8513f,0f,-0.1581f,0.9874f,-2.6888f,0.1219f,0.9801f,0.1569f,0.8258f,0f,0f,0f,1f],start_interpolation: 0,interpolation_duration: 1}
$data merge entity $(bone_frontfootright) {transformation: [0.9925f,-0.1172f,-0.0334f,-0.8492f,0f,-0.274f,0.9617f,-2.2309f,-0.1219f,-0.9546f,-0.2719f,0.7566f,0f,0f,0f,1f],start_interpolation: 0,interpolation_duration: 1}
$data merge entity $(bone_rearlegl) {transformation: [-1.0807f,0.0466f,-0.0595f,0.0004f,0f,0.8525f,0.6684f,-0.3615f,0.0756f,0.6668f,-0.8505f,-0.4052f,0f,0f,0f,1f],start_interpolation: 0,interpolation_duration: 1}
$data merge entity $(bone_rearfootleftd) {transformation: [-0.9976f,0.0369f,0.0592f,0.5338f,0f,-0.849f,0.5285f,-2.3263f,0.0698f,0.5272f,0.8469f,-2.6334f,0f,0f,0f,1f],start_interpolation: 0,interpolation_duration: 1}
$data merge entity $(bone_rearfootleft) {transformation: [-0.9976f,0.0549f,0.043f,0.5702f,0f,-0.617f,0.787f,-1.8624f,0.0698f,0.785f,0.6155f,-2.1121f,0f,0f,0f,1f],start_interpolation: 0,interpolation_duration: 1}
$data merge entity $(bone_rearlegtipleft) {transformation: [-0.9976f,0.0683f,-0.0144f,0.5771f,0f,0.2062f,0.9785f,-1.7173f,0.0698f,0.9761f,-0.2057f,-1.1187f,0f,0f,0f,1f],start_interpolation: 0,interpolation_duration: 1}
$data merge entity $(bone_rearlegr) {transformation: [-1.0807f,-0.0466f,0.0595f,-1.3749f,0f,0.8525f,0.6684f,-0.3371f,-0.0756f,0.6668f,-0.8505f,-0.5225f,0f,0f,0f,1f],start_interpolation: 0,interpolation_duration: 1}
$data merge entity $(bone_rearfootrightd) {transformation: [-0.9976f,-0.0592f,0.0369f,-0.5366f,0f,0.5285f,0.849f,-2.3019f,-0.0698f,0.8469f,-0.5272f,-2.6548f,0f,0f,0f,1f],start_interpolation: 0,interpolation_duration: 1}
$data merge entity $(bone_rearfootright) {transformation: [-0.9976f,-0.0549f,-0.043f,-0.573f,0f,-0.617f,0.787f,-1.838f,-0.0698f,0.785f,0.6155f,-2.1335f,0f,0f,0f,1f],start_interpolation: 0,interpolation_duration: 1}
$data merge entity $(bone_rearlegtipright) {transformation: [-0.9976f,-0.0683f,0.0144f,-0.7045f,0f,0.2062f,0.9785f,-1.6929f,-0.0698f,0.9761f,-0.2057f,-1.1489f,0f,0f,0f,1f],start_interpolation: 0,interpolation_duration: 1}
$data merge entity $(bone_tail11) {transformation: [-0.2937f,0f,0f,0f,0f,0.2935f,0.0128f,-0.3207f,0f,0.0171f,-0.3324f,-7.2087f,0f,0f,0f,1f],start_interpolation: 0,interpolation_duration: 1}
$data merge entity $(bone_tail10) {transformation: [-0.3916f,0f,0f,0f,0f,0.3892f,0.0438f,-0.3453f,0f,0.0531f,-0.4406f,-6.9609f,0f,0f,0f,1f],start_interpolation: 0,interpolation_duration: 1}
$data merge entity $(bone_tail9) {transformation: [-0.4896f,0f,0f,0f,0f,0.4818f,0.0871f,-0.3943f,0f,0.103f,-0.5451f,-6.6543f,0f,0f,0f,1f],start_interpolation: 0,interpolation_duration: 1}
$data merge entity $(bone_tail8) {transformation: [-0.5759f,0f,0f,0f,0f,0.5611f,0.1305f,-0.4677f,0f,0.1528f,-0.6345f,-6.2973f,0f,0f,0f,1f],start_interpolation: 0,interpolation_duration: 1}
$data merge entity $(bone_tail7) {transformation: [-0.6776f,0f,0f,0f,0f,0.6568f,0.1671f,-0.5617f,0f,0.1952f,-0.7426f,-5.8796f,0f,0f,0f,1f],start_interpolation: 0,interpolation_duration: 1}
$data merge entity $(bone_tail6) {transformation: [-0.7972f,0f,0f,0f,0f,0.7752f,0.1864f,-0.6666f,0f,0.2182f,-0.8766f,-5.3865f,0f,0f,0f,1f],start_interpolation: 0,interpolation_duration: 1}
$data merge entity $(bone_tail5) {transformation: [-0.8857f,0f,0f,0f,0f,0.8695f,0.1693f,-0.7618f,0f,0.1996f,-0.9837f,-4.8332f,0f,0f,0f,1f],start_interpolation: 0,interpolation_duration: 1}
$data merge entity $(bone_tail4) {transformation: [-0.9842f,0f,0f,0f,0f,0.9762f,0.1257f,-0.8325f,0f,0.1512f,-1.105f,-4.2117f,0f,0f,0f,1f],start_interpolation: 0,interpolation_duration: 1}
$data merge entity $(bone_tail3) {transformation: [-1.0935f,0f,0f,0f,0f,1.0918f,0.064f,-0.8685f,0f,0.0823f,-1.2364f,-3.5162f,0f,0f,0f,1f],start_interpolation: 0,interpolation_duration: 1}
$data merge entity $(bone_tail2) {transformation: [-1.215f,0f,0f,0f,0f,1.2152f,-0.0002f,-0.8684f,0f,0.0107f,-1.3768f,-2.7417f,0f,0f,0f,1f],start_interpolation: 0,interpolation_duration: 1}
$data merge entity $(bone_tail1) {transformation: [-1.35f,0f,0f,0f,0f,1.3494f,-0.0462f,-0.8424f,0f,-0.0403f,-1.5293f,-1.8815f,0f,0f,0f,1f],start_interpolation: 0,interpolation_duration: 1}
$data merge entity $(bone_tail0) {transformation: [-1.5f,0f,0f,0f,0f,1.4993f,-0.0535f,-0.4375f,0f,-0.0472f,-1.6992f,-0.9375f,0f,0f,0f,1f],start_interpolation: 0,interpolation_duration: 1}