# This file was generated by Animated Java via MC-Build. It is not recommended to edit this file directly.
$data merge entity $(bone_leftwing20) {transformation: [-0.7311f,-2.728f,0.8804f,1.6939f,-2.7729f,0.9034f,0.4965f,4.3761f,-0.7267f,-0.7026f,-2.7803f,3.0966f,0f,0f,0f,1f],start_interpolation: 0,interpolation_duration: 1}
$data merge entity $(bone_leftwing21) {transformation: [-1.1412f,-2.7279f,0.0857f,1.6939f,-2.2833f,0.9034f,-1.6497f,4.3761f,1.4951f,-0.7025f,-2.454f,3.0966f,0f,0f,0f,1f],start_interpolation: 0,interpolation_duration: 1}
$data merge entity $(bone_leftwing22) {transformation: [-0.856f,-2.7331f,-0.7628f,1.6939f,-0.4002f,0.9051f,-2.7938f,4.3761f,2.8092f,-0.7039f,-0.6304f,3.0966f,0f,0f,0f,1f],start_interpolation: 0,interpolation_duration: 1}
$data merge entity $(bone_leftwing23) {transformation: [-0.0452f,-2.6896f,-1.1274f,1.6939f,1.7041f,0.8907f,-2.1931f,4.3761f,2.3666f,-0.6927f,1.5576f,3.0966f,0f,0f,0f,1f],start_interpolation: 0,interpolation_duration: 1}
$data merge entity $(bone_leftwing1) {transformation: [-0.4294f,-1.8443f,0.6436f,1.0498f,-1.8293f,0.6108f,0.5298f,1.6322f,-0.6851f,-0.475f,-1.818f,2.0689f,0f,0f,0f,1f],start_interpolation: 0,interpolation_duration: 1}
$data merge entity $(bone_leftwing) {transformation: [-0.2415f,-1.1198f,0.2208f,0.6875f,-1.1298f,0.2025f,-0.2091f,-0.0625f,0.1624f,-0.2571f,-1.1263f,2.3125f,0f,0f,0f,1f],start_interpolation: 0,interpolation_duration: 1}
$data merge entity $(bone_rightwing20) {transformation: [-0.7311f,2.728f,-0.8804f,-1.6939f,2.7729f,0.9034f,0.4965f,4.3761f,0.7267f,-0.7026f,-2.7803f,3.0966f,0f,0f,0f,1f],start_interpolation: 0,interpolation_duration: 1}
$data merge entity $(bone_rightwing21) {transformation: [-1.1412f,2.728f,-0.0857f,-1.6939f,2.2834f,0.9034f,-1.6498f,4.3761f,-1.4951f,-0.7026f,-2.4541f,3.0966f,0f,0f,0f,1f],start_interpolation: 0,interpolation_duration: 1}
$data merge entity $(bone_rightwing22) {transformation: [-0.8544f,2.728f,0.7614f,-1.6939f,0.3994f,0.9034f,-2.7886f,4.3761f,-2.804f,-0.7026f,-0.6293f,3.0966f,0f,0f,0f,1f],start_interpolation: 0,interpolation_duration: 1}
$data merge entity $(bone_rightwing23) {transformation: [-0.0452f,2.6896f,1.1274f,-1.6939f,-1.7041f,0.8907f,-2.1931f,4.3761f,-2.3666f,-0.6927f,1.5576f,3.0966f,0f,0f,0f,1f],start_interpolation: 0,interpolation_duration: 1}
$data merge entity $(bone_rightwing1) {transformation: [-0.4294f,1.8443f,-0.6436f,-1.0498f,1.8293f,0.6108f,0.5298f,1.6322f,0.6851f,-0.475f,-1.818f,2.0689f,0f,0f,0f,1f],start_interpolation: 0,interpolation_duration: 1}
$data merge entity $(bone_rightwing) {transformation: [-0.2415f,1.1198f,-0.2208f,-0.6875f,1.1298f,0.2025f,-0.2091f,-0.0625f,-0.1624f,-0.2571f,-1.1263f,2.3125f,0f,0f,0f,1f],start_interpolation: 0,interpolation_duration: 1}
$data merge entity $(bone_eyebrow) {transformation: [-0.8923f,0f,0f,0f,0f,0.8904f,0.0582f,-0.4082f,0f,0.0582f,-0.8904f,6.2792f,0f,0f,0f,1f],start_interpolation: 0,interpolation_duration: 1}
$data merge entity $(bone_head) {transformation: [-1.2269f,0f,0f,0f,0f,1.2243f,0.08f,-0.7315f,0f,0.08f,-1.2243f,4.6413f,0f,0f,0f,1f],start_interpolation: 0,interpolation_duration: 1}
$data merge entity $(bone_neck4) {transformation: [-1.0498f,0f,0f,0f,0f,1.0439f,0.1109f,-0.6919f,0f,0.1109f,-1.0439f,4.5795f,0f,0f,0f,1f],start_interpolation: 0,interpolation_duration: 1}
$data merge entity $(bone_neck3) {transformation: [-1.1664f,0f,0f,0f,0f,1.1636f,0.0809f,-0.6566f,0f,0.0809f,-1.1636f,4.0705f,0f,0f,0f,1f],start_interpolation: 0,interpolation_duration: 1}
$data merge entity $(bone_neck2) {transformation: [-1.296f,0f,0f,0f,0f,1.2953f,-0.042f,-0.667f,0f,-0.042f,-1.2953f,3.7466f,0f,0f,0f,1f],start_interpolation: 0,interpolation_duration: 1}
$data merge entity $(bone_neck1) {transformation: [-1.44f,0f,0f,0f,0f,1.4313f,-0.1577f,-0.7065f,0f,-0.1577f,-1.4313f,3.3888f,0f,0f,0f,1f],start_interpolation: 0,interpolation_duration: 1}
$data merge entity $(bone_neck0) {transformation: [-1.6f,0f,0f,0f,0f,1.5929f,-0.1509f,-0.8437f,0f,-0.1509f,-1.5929f,3f,0f,0f,0f,1f],start_interpolation: 0,interpolation_duration: 1}
$data merge entity $(bone_frontlegl) {transformation: [-0.9925f,-0.112f,0.048f,0.4292f,0f,0.3939f,0.9192f,-0.6371f,-0.1219f,0.9123f,-0.3909f,2.5657f,0f,0f,0f,1f],start_interpolation: 0,interpolation_duration: 1}
$data merge entity $(bone_frontlegtipleft) {transformation: [-0.9925f,-0.073f,0.0976f,0.7983f,0f,0.8007f,0.5991f,-1.0087f,-0.1219f,0.5946f,-0.7947f,1.6112f,0f,0f,0f,1f],start_interpolation: 0,interpolation_duration: 1}
$data merge entity $(bone_frontfootleftd) {transformation: [-0.9925f,-0.1193f,-0.0249f,0.8979f,0f,-0.2046f,0.9789f,-2.5529f,-0.1219f,0.9716f,0.203f,0.7127f,0f,0f,0f,1f],start_interpolation: 0,interpolation_duration: 1}
$data merge entity $(bone_frontfootleft) {transformation: [0.9925f,0.1187f,0.0278f,0.9129f,0f,-0.2283f,0.9736f,-2.1049f,0.1219f,-0.9663f,-0.2266f,0.6772f,0f,0f,0f,1f],start_interpolation: 0,interpolation_duration: 1}
$data merge entity $(bone_frontlegr) {transformation: [-0.9925f,0.112f,-0.048f,-0.8735f,0f,0.3939f,0.9192f,-0.6755f,0.1219f,0.9123f,-0.3909f,2.6099f,0f,0f,0f,1f],start_interpolation: 0,interpolation_duration: 1}
$data merge entity $(bone_frontlegtipright) {transformation: [-0.9925f,0.073f,-0.0976f,-0.7498f,0f,0.8007f,0.5991f,-0.9707f,0.1219f,0.5946f,-0.7947f,1.5658f,0f,0f,0f,1f],start_interpolation: 0,interpolation_duration: 1}
$data merge entity $(bone_frontfootrightd) {transformation: [-0.9925f,0.1193f,0.0249f,-0.8621f,0f,-0.2046f,0.9789f,-2.508f,0.1219f,0.9716f,0.203f,0.7384f,0f,0f,0f,1f],start_interpolation: 0,interpolation_duration: 1}
$data merge entity $(bone_frontfootright) {transformation: [0.9925f,-0.1187f,-0.0278f,-0.8573f,0f,-0.2283f,0.9736f,-2.0474f,-0.1219f,-0.9663f,-0.2266f,0.6908f,0f,0f,0f,1f],start_interpolation: 0,interpolation_duration: 1}
$data merge entity $(bone_rearlegl) {transformation: [-1.0807f,0.0494f,-0.0572f,0.0012f,0f,0.82f,0.7079f,-0.2671f,0.0756f,0.7062f,-0.818f,-0.3942f,0f,0f,0f,1f],start_interpolation: 0,interpolation_duration: 1}
$data merge entity $(bone_rearfootleftd) {transformation: [-0.9976f,0.034f,0.0609f,0.5283f,0f,-0.873f,0.4878f,-2.1265f,0.0698f,0.4866f,0.8708f,-2.7125f,0f,0f,0f,1f],start_interpolation: 0,interpolation_duration: 1}
$data merge entity $(bone_rearfootleft) {transformation: [-0.9976f,0.0528f,0.0456f,0.5662f,0f,-0.6535f,0.757f,-1.6878f,0.0698f,0.7551f,0.6519f,-2.1699f,0f,0f,0f,1f],start_interpolation: 0,interpolation_duration: 1}
$data merge entity $(bone_rearlegtipleft) {transformation: [-0.9976f,0.0689f,-0.0111f,0.5734f,0f,0.1598f,0.9871f,-1.5897f,0.0698f,0.9847f,-0.1594f,-1.1709f,0f,0f,0f,1f],start_interpolation: 0,interpolation_duration: 1}
$data merge entity $(bone_rearlegr) {transformation: [-1.0807f,-0.0494f,0.0572f,-1.3757f,0f,0.82f,0.7079f,-0.2416f,-0.0756f,0.7062f,-0.818f,-0.5104f,0f,0f,0f,1f],start_interpolation: 0,interpolation_duration: 1}
$data merge entity $(bone_rearfootrightd) {transformation: [-0.9976f,-0.0609f,0.034f,-0.5311f,0f,0.4878f,0.873f,-2.1011f,-0.0698f,0.8708f,-0.4866f,-2.7328f,0f,0f,0f,1f],start_interpolation: 0,interpolation_duration: 1}
$data merge entity $(bone_rearfootright) {transformation: [-0.9976f,-0.0528f,-0.0456f,-0.5691f,0f,-0.6535f,0.757f,-1.6624f,-0.0698f,0.7551f,0.6519f,-2.1902f,0f,0f,0f,1f],start_interpolation: 0,interpolation_duration: 1}
$data merge entity $(bone_rearlegtipright) {transformation: [-0.9976f,-0.0689f,0.0111f,-0.701f,0f,0.1598f,0.9871f,-1.5643f,-0.0698f,0.9847f,-0.1594f,-1.1999f,0f,0f,0f,1f],start_interpolation: 0,interpolation_duration: 1}
$data merge entity $(bone_tail11) {transformation: [-0.2937f,0f,0f,0f,0f,0.2935f,-0.0152f,-0.6234f,0f,-0.0224f,-0.332f,-7.2744f,0f,0f,0f,1f],start_interpolation: 0,interpolation_duration: 1}
$data merge entity $(bone_tail10) {transformation: [-0.3916f,0f,0f,0f,0f,0.3893f,-0.0446f,-0.5983f,0f,-0.0575f,-0.4399f,-7.027f,0f,0f,0f,1f],start_interpolation: 0,interpolation_duration: 1}
$data merge entity $(bone_tail9) {transformation: [-0.4896f,0f,0f,0f,0f,0.484f,-0.0755f,-0.5558f,0f,-0.0941f,-0.5465f,-6.7196f,0f,0f,0f,1f],start_interpolation: 0,interpolation_duration: 1}
$data merge entity $(bone_tail8) {transformation: [-0.5759f,0f,0f,0f,0f,0.5685f,-0.0941f,-0.5029f,0f,-0.1167f,-0.6419f,-6.3585f,0f,0f,0f,1f],start_interpolation: 0,interpolation_duration: 1}
$data merge entity $(bone_tail7) {transformation: [-0.6776f,0f,0f,0f,0f,0.6714f,-0.0944f,-0.4498f,0f,-0.1188f,-0.7583f,-5.9319f,0f,0f,0f,1f],start_interpolation: 0,interpolation_duration: 1}
$data merge entity $(bone_tail6) {transformation: [-0.7972f,0f,0f,0f,0f,0.7946f,-0.0697f,-0.4105f,0f,-0.0931f,-0.8982f,-5.4266f,0f,0f,0f,1f],start_interpolation: 0,interpolation_duration: 1}
$data merge entity $(bone_tail5) {transformation: [-0.8857f,0f,0f,0f,0f,0.8861f,-0.0174f,-0.4008f,0f,-0.0355f,-1.0028f,-4.8626f,0f,0f,0f,1f],start_interpolation: 0,interpolation_duration: 1}
$data merge entity $(bone_tail4) {transformation: [-0.9842f,0f,0f,0f,0f,0.9836f,0.0472f,-0.4273f,0f,0.0359f,-1.1143f,-4.2358f,0f,0f,0f,1f],start_interpolation: 0,interpolation_duration: 1}
$data merge entity $(bone_tail3) {transformation: [-1.0935f,0f,0f,0f,0f,1.0887f,0.1087f,-0.4885f,0f,0.1037f,-1.2344f,-3.5414f,0f,0f,0f,1f],start_interpolation: 0,interpolation_duration: 1}
$data merge entity $(bone_tail2) {transformation: [-1.215f,0f,0f,0f,0f,1.2065f,0.1491f,-0.5724f,0f,0.1473f,-1.3685f,-2.7717f,0f,0f,0f,1f],start_interpolation: 0,interpolation_duration: 1}
$data merge entity $(bone_tail1) {transformation: [-1.35f,0f,0f,0f,0f,1.3422f,0.152f,-0.6578f,0f,0.1481f,-1.5221f,-1.9154f,0f,0f,0f,1f],start_interpolation: 0,interpolation_duration: 1}
$data merge entity $(bone_tail0) {transformation: [-1.5f,0f,0f,0f,0f,1.497f,0.107f,-0.3437f,0f,0.0944f,-1.6966f,-0.9375f,0f,0f,0f,1f],start_interpolation: 0,interpolation_duration: 1}