# This file was generated by Animated Java via MC-Build. It is not recommended to edit this file directly.
$data merge entity $(bone_leftwing20) {transformation: [-1.6354f,2.46f,0.1602f,4.0477f,2.2066f,1.5465f,-1.2211f,-2.417f,-1.0992f,-0.5555f,-2.6898f,3.4626f,0f,0f,0f,1f],start_interpolation: 0,interpolation_duration: 1}
$data merge entity $(bone_leftwing21) {transformation: [-1.2512f,2.4599f,-1.065f,4.0477f,2.4111f,1.5464f,0.739f,-2.417f,1.1712f,-0.5555f,-2.659f,3.4626f,0f,0f,0f,1f],start_interpolation: 0,interpolation_duration: 1}
$data merge entity $(bone_leftwing22) {transformation: [-0.1033f,2.4646f,-1.6431f,4.0477f,1.1455f,1.5494f,2.2521f,-2.417f,2.7316f,-0.5566f,-1.0065f,3.4626f,0f,0f,0f,1f],start_interpolation: 0,interpolation_duration: 1}
$data merge entity $(bone_leftwing23) {transformation: [1.0925f,2.4253f,-1.1963f,4.0477f,-0.8111f,1.5247f,2.3504f,-2.417f,2.5798f,-0.5477f,1.2456f,3.4626f,0f,0f,0f,1f],start_interpolation: 0,interpolation_duration: 1}
$data merge entity $(bone_leftwing1) {transformation: [-1.0882f,1.6631f,0.2233f,2.4153f,1.3973f,1.0455f,-0.977f,-0.321f,-0.9291f,-0.3756f,-1.7308f,2.0689f,0f,0f,0f,1f],start_interpolation: 0,interpolation_duration: 1}
$data merge entity $(bone_leftwing) {transformation: [-1.1519f,0.0682f,-0.1721f,0.6875f,0.089f,1.1551f,-0.1377f,-0.1875f,0.1624f,-0.1491f,-1.1456f,2.3125f,0f,0f,0f,1f],start_interpolation: 0,interpolation_duration: 1}
$data merge entity $(bone_rightwing20) {transformation: [-1.6354f,-2.46f,-0.1602f,-4.0477f,-2.2066f,1.5465f,-1.2211f,-2.417f,1.0992f,-0.5555f,-2.6898f,3.4626f,0f,0f,0f,1f],start_interpolation: 0,interpolation_duration: 1}
$data merge entity $(bone_rightwing21) {transformation: [-1.2513f,-2.46f,1.0651f,-4.0477f,-2.4112f,1.5465f,0.739f,-2.417f,-1.1713f,-0.5555f,-2.6592f,3.4626f,0f,0f,0f,1f],start_interpolation: 0,interpolation_duration: 1}
$data merge entity $(bone_rightwing22) {transformation: [-0.1031f,-2.46f,1.64f,-4.0477f,-1.1434f,1.5465f,2.2478f,-2.417f,-2.7265f,-0.5555f,-1.0047f,3.4626f,0f,0f,0f,1f],start_interpolation: 0,interpolation_duration: 1}
$data merge entity $(bone_rightwing23) {transformation: [1.0925f,-2.4253f,1.1963f,-4.0477f,0.8111f,1.5247f,2.3504f,-2.417f,-2.5798f,-0.5477f,1.2456f,3.4626f,0f,0f,0f,1f],start_interpolation: 0,interpolation_duration: 1}
$data merge entity $(bone_rightwing1) {transformation: [-1.0882f,-1.6631f,-0.2233f,-2.4153f,-1.3973f,1.0455f,-0.977f,-0.321f,0.9291f,-0.3756f,-1.7308f,2.0689f,0f,0f,0f,1f],start_interpolation: 0,interpolation_duration: 1}
$data merge entity $(bone_rightwing) {transformation: [-1.1519f,-0.0682f,0.1721f,-0.6875f,-0.089f,1.1551f,-0.1377f,-0.1875f,-0.1624f,-0.1491f,-1.1456f,2.3125f,0f,0f,0f,1f],start_interpolation: 0,interpolation_duration: 1}
$data merge entity $(bone_eyebrow) {transformation: [-0.8923f,0f,0f,0f,0f,0.89f,-0.0645f,-0.1947f,0f,-0.0645f,-0.89f,6.2308f,0f,0f,0f,1f],start_interpolation: 0,interpolation_duration: 1}
$data merge entity $(bone_head) {transformation: [-1.2269f,0f,0f,0f,0f,1.2237f,-0.0887f,-0.7395f,0f,-0.0887f,-1.2237f,4.6528f,0f,0f,0f,1f],start_interpolation: 0,interpolation_duration: 1}
$data merge entity $(bone_neck4) {transformation: [-1.0498f,0f,0f,0f,0f,1.0392f,-0.1485f,-0.7163f,0f,-0.1485f,-1.0392f,4.5832f,0f,0f,0f,1f],start_interpolation: 0,interpolation_duration: 1}
$data merge entity $(bone_neck3) {transformation: [-1.1664f,0f,0f,0f,0f,1.1444f,-0.2253f,-0.8149f,0f,-0.2253f,-1.1444f,4.0825f,0f,0f,0f,1f],start_interpolation: 0,interpolation_duration: 1}
$data merge entity $(bone_neck2) {transformation: [-1.296f,0f,0f,0f,0f,1.2817f,-0.1917f,-0.8628f,0f,-0.1917f,-1.2817f,3.762f,0f,0f,0f,1f],start_interpolation: 0,interpolation_duration: 1}
$data merge entity $(bone_neck1) {transformation: [-1.44f,0f,0f,0f,0f,1.4386f,-0.0644f,-0.8789f,0f,-0.0644f,-1.4386f,3.4024f,0f,0f,0f,1f],start_interpolation: 0,interpolation_duration: 1}
$data merge entity $(bone_neck0) {transformation: [-1.6f,0f,0f,0f,0f,1.5995f,0.0405f,-0.9687f,0f,0.0405f,-1.5995f,3f,0f,0f,0f,1f],start_interpolation: 0,interpolation_duration: 1}
$data merge entity $(bone_frontlegl) {transformation: [-0.9925f,-0.11f,0.0524f,0.4294f,0f,0.4303f,0.9027f,-0.7604f,-0.1219f,0.896f,-0.427f,2.5637f,0f,0f,0f,1f],start_interpolation: 0,interpolation_duration: 1}
$data merge entity $(bone_frontlegtipleft) {transformation: [-0.9925f,-0.0691f,0.1004f,0.7966f,0f,0.824f,0.5666f,-1.1713f,-0.1219f,0.5624f,-0.8178f,1.6246f,0f,0f,0f,1f],start_interpolation: 0,interpolation_duration: 1}
$data merge entity $(bone_frontfootleftd) {transformation: [-0.9925f,-0.1202f,-0.0201f,0.8887f,0f,-0.1653f,0.9862f,-2.7504f,-0.1219f,0.9789f,0.1641f,0.7881f,0f,0f,0f,1f],start_interpolation: 0,interpolation_duration: 1}
$data merge entity $(bone_frontfootleft) {transformation: [0.9925f,0.1174f,0.0325f,0.9059f,0f,-0.267f,0.9637f,-2.3042f,0.1219f,-0.9565f,-0.265f,0.7348f,0f,0f,0f,1f],start_interpolation: 0,interpolation_duration: 1}
$data merge entity $(bone_frontlegr) {transformation: [-0.9925f,0.11f,-0.0524f,-0.8736f,0f,0.4303f,0.9027f,-0.8017f,0.1219f,0.896f,-0.427f,2.6094f,0f,0f,0f,1f],start_interpolation: 0,interpolation_duration: 1}
$data merge entity $(bone_frontlegtipright) {transformation: [-0.9925f,0.0691f,-0.1004f,-0.7483f,0f,0.824f,0.5666f,-1.1374f,0.1219f,0.5624f,-0.8178f,1.5779f,0f,0f,0f,1f],start_interpolation: 0,interpolation_duration: 1}
$data merge entity $(bone_frontfootrightd) {transformation: [-0.9925f,0.1202f,0.0201f,-0.853f,0f,-0.1653f,0.9862f,-2.7069f,0.1219f,0.9789f,0.1641f,0.812f,0f,0f,0f,1f],start_interpolation: 0,interpolation_duration: 1}
$data merge entity $(bone_frontfootright) {transformation: [0.9925f,-0.1174f,-0.0325f,-0.8505f,0f,-0.267f,0.9637f,-2.2485f,-0.1219f,-0.9565f,-0.265f,0.7462f,0f,0f,0f,1f],start_interpolation: 0,interpolation_duration: 1}
$data merge entity $(bone_rearlegl) {transformation: [-1.0807f,0.0471f,-0.0591f,0.0005f,0f,0.8476f,0.6746f,-0.3926f,0.0756f,0.673f,-0.8456f,-0.4035f,0f,0f,0f,1f],start_interpolation: 0,interpolation_duration: 1}
$data merge entity $(bone_rearfootleftd) {transformation: [-0.9976f,0.0364f,0.0595f,0.5329f,0f,-0.8528f,0.5223f,-2.3414f,0.0698f,0.521f,0.8507f,-2.6459f,0f,0f,0f,1f],start_interpolation: 0,interpolation_duration: 1}
$data merge entity $(bone_rearfootleft) {transformation: [-0.9976f,0.0546f,0.0434f,0.5696f,0f,-0.6227f,0.7824f,-1.8813f,0.0698f,0.7805f,0.6212f,-2.1213f,0f,0f,0f,1f],start_interpolation: 0,interpolation_duration: 1}
$data merge entity $(bone_rearlegtipleft) {transformation: [-0.9976f,0.0684f,-0.0139f,0.5765f,0f,0.1991f,0.98f,-1.7435f,0.0698f,0.9776f,-0.1986f,-1.1269f,0f,0f,0f,1f],start_interpolation: 0,interpolation_duration: 1}
$data merge entity $(bone_rearlegr) {transformation: [-1.0807f,-0.0471f,0.0591f,-1.375f,0f,0.8476f,0.6746f,-0.368f,-0.0756f,0.673f,-0.8456f,-0.5206f,0f,0f,0f,1f],start_interpolation: 0,interpolation_duration: 1}
$data merge entity $(bone_rearfootrightd) {transformation: [-0.9976f,-0.0595f,0.0364f,-0.5357f,0f,0.5223f,0.8528f,-2.3168f,-0.0698f,0.8507f,-0.521f,-2.6672f,0f,0f,0f,1f],start_interpolation: 0,interpolation_duration: 1}
$data merge entity $(bone_rearfootright) {transformation: [-0.9976f,-0.0546f,-0.0434f,-0.5724f,0f,-0.6227f,0.7824f,-1.8567f,-0.0698f,0.7805f,0.6212f,-2.1425f,0f,0f,0f,1f],start_interpolation: 0,interpolation_duration: 1}
$data merge entity $(bone_rearlegtipright) {transformation: [-0.9976f,-0.0684f,0.0139f,-0.704f,0f,0.1991f,0.98f,-1.7189f,-0.0698f,0.9776f,-0.1986f,-1.1569f,0f,0f,0f,1f],start_interpolation: 0,interpolation_duration: 1}
$data merge entity $(bone_tail11) {transformation: [-0.2937f,0f,0f,0f,0f,0.2936f,0.0107f,-0.1891f,0f,0.0135f,-0.3326f,-7.1985f,0f,0f,0f,1f],start_interpolation: 0,interpolation_duration: 1}
$data merge entity $(bone_tail10) {transformation: [-0.3916f,0f,0f,0f,0f,0.3897f,0.0391f,-0.2111f,0f,0.0462f,-0.4414f,-6.9502f,0f,0f,0f,1f],start_interpolation: 0,interpolation_duration: 1}
$data merge entity $(bone_tail9) {transformation: [-0.4896f,0f,0f,0f,0f,0.4825f,0.0827f,-0.2577f,0f,0.096f,-0.5464f,-6.6428f,0f,0f,0f,1f],start_interpolation: 0,interpolation_duration: 1}
$data merge entity $(bone_tail8) {transformation: [-0.5759f,0f,0f,0f,0f,0.5609f,0.1307f,-0.3312f,0f,0.1508f,-0.6351f,-6.2856f,0f,0f,0f,1f],start_interpolation: 0,interpolation_duration: 1}
$data merge entity $(bone_tail7) {transformation: [-0.6776f,0f,0f,0f,0f,0.6542f,0.1767f,-0.4306f,0f,0.2034f,-0.7405f,-5.869f,0f,0f,0f,1f],start_interpolation: 0,interpolation_duration: 1}
$data merge entity $(bone_tail6) {transformation: [-0.7972f,0f,0f,0f,0f,0.7691f,0.2098f,-0.5486f,0f,0.2414f,-0.8706f,-5.3793f,0f,0f,0f,1f],start_interpolation: 0,interpolation_duration: 1}
$data merge entity $(bone_tail5) {transformation: [-0.8857f,0f,0f,0f,0f,0.8613f,0.2068f,-0.6649f,0f,0.2385f,-0.975f,-4.8309f,0f,0f,0f,1f],start_interpolation: 0,interpolation_duration: 1}
$data merge entity $(bone_tail4) {transformation: [-0.9842f,0f,0f,0f,0f,0.9684f,0.1754f,-0.7636f,0f,0.2034f,-1.0966f,-4.214f,0f,0f,0f,1f],start_interpolation: 0,interpolation_duration: 1}
$data merge entity $(bone_tail3) {transformation: [-1.0935f,0f,0f,0f,0f,1.0869f,0.1201f,-0.8312f,0f,0.1413f,-1.2312f,-3.5215f,0f,0f,0f,1f],start_interpolation: 0,interpolation_duration: 1}
$data merge entity $(bone_tail2) {transformation: [-1.215f,0f,0f,0f,0f,1.2138f,0.054f,-0.8616f,0f,0.067f,-1.3753f,-2.7479f,0f,0f,0f,1f],start_interpolation: 0,interpolation_duration: 1}
$data merge entity $(bone_tail1) {transformation: [-1.35f,0f,0f,0f,0f,1.3501f,-0.003f,-0.8598f,0f,0.003f,-1.5299f,-1.8873f,0f,0f,0f,1f],start_interpolation: 0,interpolation_duration: 1}
$data merge entity $(bone_tail0) {transformation: [-1.5f,0f,0f,0f,0f,1.4998f,-0.0287f,-0.4687f,0f,-0.0253f,-1.6998f,-0.9375f,0f,0f,0f,1f],start_interpolation: 0,interpolation_duration: 1}