# This file was generated by Animated Java via MC-Build. It is not recommended to edit this file directly.
$data merge entity $(bone_leftwing20) { transformation: [-2.1164946046726767f,1.9992576444628536f,0.5245527338213051f,4.464670352464308f,1.6147474401227306f,2.0680049360020596f,-1.3666317720583392f,-1.3258904199079786f,-1.2902625330217299f,-0.691419241010164f,-2.5707777306006814f,2.5802187994058032f,0f,0f,0f,1f], start_interpolation: 0, interpolation_duration: 1 }
$data merge entity $(bone_leftwing21) { transformation: [-1.8474732076057847f,1.9991503603554535f,-1.1580317134469134f,4.464670352464308f,2.1046575053747163f,2.0678939627794373f,0.2121985137779451f,-1.3258904199079786f,0.952919932485415f,-0.6913821380903296f,-2.713803826160059f,2.5802187994058032f,0f,0f,0f,1f], start_interpolation: 0, interpolation_duration: 1 }
$data merge entity $(bone_leftwing22) { transformation: [-0.45121401830494545f,2.003010617122769f,-2.137516912265962f,4.464670352464308f,1.3119034526892934f,2.071886959915726f,1.6645774025251943f,-1.3258904199079786f,2.619148604671269f,-0.6927171615234292f,-1.2020098558763601f,2.5802187994058032f,0f,0f,0f,1f], start_interpolation: 0, interpolation_duration: 1 }
$data merge entity $(bone_leftwing23) { transformation: [1.2046583201901306f,1.9710990860901372f,-1.7805929262062574f,4.464670352464308f,-0.28151442364982854f,2.038878105917523f,2.0665599780629935f,-1.3258904199079786f,2.6413050572242196f,-0.6816809418410068f,1.0323580447969398f,2.5802187994058032f,0f,0f,0f,1f], start_interpolation: 0, interpolation_duration: 1 }
$data merge entity $(bone_leftwing1) { transformation: [-1.3859625022692554f,1.3516108018903799f,0.5022511149980543f,2.385726599060425f,0.9891040669561129f,1.3980878440577302f,-1.032968307853094f,0.15776568052619067f,-1.049181150723945f,-0.46743836011954754f,-1.637290533917034f,1.0064470733198858f,0f,0f,0f,1f], start_interpolation: 0, interpolation_duration: 1 }
$data merge entity $(bone_leftwing) { transformation: [-1.1321510660402834f,-0.2609794037818147f,-0.1059944601224503f,0.6874999999999999f,-0.2301771203507938f,1.1101953754058937f,-0.2749469636229759f,-0.1875f,0.16236861778674286f,-0.24590057002814442f,-1.128840313210406f,1.25f,0f,0f,0f,1f], start_interpolation: 0, interpolation_duration: 1 }
$data merge entity $(bone_rightwing20) { transformation: [-2.116494604672677f,-1.9992576444628534f,-0.5245527338213044f,-4.464670352464308f,-1.6147474401227306f,2.0680049360020596f,-1.3666317720583392f,-1.3258904199079786f,1.2902625330217292f,-0.6914192410101646f,-2.5707777306006814f,2.5802187994058023f,0f,0f,0f,1f], start_interpolation: 0, interpolation_duration: 1 }
$data merge entity $(bone_rightwing21) { transformation: [-1.847572351981292f,-1.9992576444628534f,1.1580938590469565f,-4.464670352464308f,-2.104770451507396f,2.0680049360020596f,0.2122099013796952f,-1.3258904199079786f,-0.9529710707921722f,-0.6914192410101646f,-2.7139494620396416f,2.5802187994058023f,0f,0f,0f,1f], start_interpolation: 0, interpolation_duration: 1 }
$data merge entity $(bone_rightwing22) { transformation: [-0.4503685939921663f,-1.9992576444628534f,2.1335119197495653f,-4.464670352464308f,-1.3094453839460214f,2.0680049360020596f,1.6614585406337063f,-1.3258904199079786f,-2.6142411952838414f,-0.6914192410101646f,-1.1997576910163783f,2.5802187994058023f,0f,0f,0f,1f], start_interpolation: 0, interpolation_duration: 1 }
$data merge entity $(bone_rightwing23) { transformation: [1.2046583201901317f,-1.971099086090137f,1.7805929262062572f,-4.464670352464308f,0.28151442364982854f,2.038878105917523f,2.0665599780629935f,-1.3258904199079786f,-2.641305057224219f,-0.6816809418410072f,1.0323580447969405f,2.5802187994058023f,0f,0f,0f,1f], start_interpolation: 0, interpolation_duration: 1 }
$data merge entity $(bone_rightwing1) { transformation: [-1.3859625022692559f,-1.3516108018903796f,-0.5022511149980539f,-2.385726599060425f,-0.9891040669561129f,1.3980878440577302f,-1.032968307853094f,0.15776568052619067f,1.0491811507239446f,-0.46743836011954787f,-1.6372905339170343f,1.0064470733198854f,0f,0f,0f,1f], start_interpolation: 0, interpolation_duration: 1 }
$data merge entity $(bone_rightwing) { transformation: [-1.1321510660402834f,0.2609794037818148f,0.10599446012245059f,-0.6875000000000001f,0.2301771203507938f,1.1101953754058937f,-0.2749469636229759f,-0.1875f,-0.1623686177867431f,-0.24590057002814433f,-1.128840313210406f,1.25f,0f,0f,0f,1f], start_interpolation: 0, interpolation_duration: 1 }
$data merge entity $(bone_head) { transformation: [-1.2269070000000002f,9.766062986766785e-18f,1.4993505200583609e-16f,-4.389329950891019e-16f,0f,1.2243126108705529f,-0.07974595608763517f,-0.7010047974903568f,-1.5025277304014817e-16f,-0.07974595608763517f,-1.2243126108705529f,3.584159901407526f,0f,0f,0f,1f], start_interpolation: 0, interpolation_duration: 1 }
$data merge entity $(bone_neck4) { transformation: [-1.0497600000000002f,1.7179763289798943e-17f,1.2740545283350501e-16f,-4.3043328668420164e-16f,0f,1.0403444725631072f,-0.14028341315847281f,-0.6772617460451643f,-1.2855852238729257e-16f,-0.14028341315847281f,-1.0403444725631072f,3.5147545152111297f,0f,0f,0f,1f], start_interpolation: 0, interpolation_duration: 1 }
$data merge entity $(bone_neck3) { transformation: [-1.1664000000000003f,2.9104072465853756e-17f,1.3984641302349123e-16f,-3.692504809864242e-16f,0f,1.1419326218862271f,-0.23765278679630036f,-0.7812348402685457f,-1.428428026525473e-16f,-0.23765278679630036f,-1.1419326218862271f,3.015158993135905f,0f,0f,0f,1f], start_interpolation: 0, interpolation_duration: 1 }
$data merge entity $(bone_neck2) { transformation: [-1.2960000000000003f,2.8613271609557735e-17f,1.5611369561621257e-16f,-3.3022205708237107e-16f,0f,1.2747650647101274f,-0.23364509366683858f,-0.8396461136852553f,-1.58714225169497e-16f,-0.23364509366683858f,-1.2747650647101274f,2.6964677269583732f,0f,0f,0f,1f], start_interpolation: 0, interpolation_duration: 1 }
$data merge entity $(bone_neck1) { transformation: [-1.4400000000000002f,1.4686630684604525e-17f,1.7573651223468138e-16f,-2.862879290237007e-16f,0f,1.4349975222001643f,-0.11992544050113003f,-0.8696274738105378f,-1.7634913907721887e-16f,-0.11992544050113003f,-1.4349975222001643f,2.337718346408332f,0f,0f,0f,1f], start_interpolation: 0, interpolation_duration: 1 }
$data merge entity $(bone_neck0) { transformation: [-1.6f,-4.297203956434676e-19f,1.9594301665669316e-16f,-2.372753173347997e-16f,0f,1.5999961523038015f,0.003508933318101641f,-0.96875f,-1.9594348786357652e-16f,0.003508933318101641f,-1.5999961523038015f,1.9375f,0f,0f,0f,1f], start_interpolation: 0, interpolation_duration: 1 }
$data merge entity $(bone_frontlegl) { transformation: [-0.992546151641322f,-0.11041345438155332f,0.051584939212278136f,0.429393047043027f,-1.734723475976807e-18f,0.4232806854533301f,0.9059985989625806f,-0.7607543854334513f,-0.12186934340514759f,0.8992454227927389f,-0.4201256154108037f,1.5015514348531873f,0f,0f,0f,1f], start_interpolation: 0, interpolation_duration: 1 }
$data merge entity $(bone_frontlegtipleft) { transformation: [-0.992546151641322f,-0.06982838680788034f,0.09988059500128557f,0.79694865692925f,-1.734723475976807e-18f,0.8195711260151646f,0.5729774597680396f,-1.1640926412533306f,-0.12186934340514759f,0.568706572669988f,-0.8134621671226965f,0.5594284784255745f,0f,0f,0f,1f], start_interpolation: 0, interpolation_duration: 1 }
$data merge entity $(bone_frontfootleftd) { transformation: [-0.992546151641322f,-0.12003331247642239f,-0.021074647279119223f,0.8904899025258948f,-8.500057165024241e-17f,-0.17292820893485664f,0.9849344316017097f,-2.7366743298901635f,-0.12186934340514743f,0.9775928797053096f,0.1716392282885184f,-0.2892181167469161f,0f,0f,0f,1f], start_interpolation: 0, interpolation_duration: 1 }
$data merge entity $(bone_frontfootleft) { transformation: [0.992546151641322f,0.11769365660108494f,0.031628152931647335f,0.9072670383867761f,1.1678322934613103e-16f,-0.25952509505611693f,0.9657363641471277f,-2.290045538351089f,0.12186934340514755f,-0.9585379117343138f,-0.257590634352297f,-0.3390426375379667f,0f,0f,0f,1f], start_interpolation: 0, interpolation_duration: 1 }
$data merge entity $(bone_frontlegr) { transformation: [-0.992546151641322f,0.11041345438155309f,-0.05158493921227804f,-0.8735466152485826f,1.734723475976807e-18f,0.4232806854533301f,0.9059985989625806f,-0.8014572704872804f,0.12186934340514734f,0.8992454227927389f,-0.4201256154108037f,1.5470318563256344f,0f,0f,0f,1f], start_interpolation: 0, interpolation_duration: 1 }
$data merge entity $(bone_frontlegtipright) { transformation: [-0.992546151641322f,0.0698283868078802f,-0.09988059500128535f,-0.7486426816257313f,1.734723475976807e-18f,0.8195711260151646f,0.5729774597680396f,-1.1294055132560292f,0.12186934340514734f,0.568706572669988f,-0.8134621671226965f,0.5129154999356074f,0f,0f,0f,1f], start_interpolation: 0, interpolation_duration: 1 }
$data merge entity $(bone_frontfootrightd) { transformation: [-0.992546151641322f,0.12003331247642252f,0.02107464727911908f,-0.8548126486099429f,-8.153112469828879e-17f,-0.17292820893485664f,0.9849344316017097f,-2.6928397602093566f,0.12186934340514749f,0.9775928797053096f,0.1716392282885184f,-0.26495520570127434f,0f,0f,0f,1f], start_interpolation: 0, interpolation_duration: 1 }
$data merge entity $(bone_frontfootright) { transformation: [0.992546151641322f,-0.11769365660108473f,-0.03162815293164751f,-0.8518054867367237f,1.133137823941774e-16f,-0.25952509505611693f,0.9657363641471277f,-2.233939223239268f,-0.12186934340514738f,-0.9585379117343138f,-0.257590634352297f,-0.32727812336994355f,0f,0f,0f,1f], start_interpolation: 0, interpolation_duration: 1 }
$data merge entity $(bone_rearlegl) { transformation: [-1.080694387781476f,0.04751449067945257f,-0.058763292149125713f,0.000673212447549365f,0f,0.8424062885500245f,0.6811481161410372f,-0.3924850374449085f,0.07556951322280225f,0.6794888735645022f,-0.8403542291703087f,-1.4641820363489262f,0f,0f,0f,1f], start_interpolation: 0, interpolation_duration: 1 }
$data merge entity $(bone_rearfootleftd) { transformation: [-0.9975640502598242f,0.03597094070158842f,0.059766688500013404f,0.5320006148876605f,0f,-0.8567905642599501f,0.5156645508420336f,-2.32426781821375f,0.06975647374412516f,0.5144084179133921f,0.854703465507556f,-3.7215622615222594f,0f,0f,0f,1f], start_interpolation: 0, interpolation_duration: 1 }
$data merge entity $(bone_rearfootleft) { transformation: [-0.9975640502598242f,0.054243038906885296f,0.0438595298579562f,0.568934421528366f,0f,-0.6287521072071109f,0.7776058048154075f,-1.8682578408040464f,0.06975647374412516f,0.7757115961572083f,0.6272204986749247f,-3.1933842191635975f,0f,0f,0f,1f], start_interpolation: 0, interpolation_duration: 1 }
$data merge entity $(bone_rearlegtipleft) { transformation: [-0.9975640502598242f,0.068465102446589f,-0.01336021617313493f,0.575886784344537f,0f,0.1915265416388699f,0.9814874343810288f,-1.7380742638139908f,0.06975647374412516f,0.9790965803202625f,-0.191059992609528f,-2.197986609696232f,0f,0f,0f,1f], start_interpolation: 0, interpolation_duration: 1 }
$data merge entity $(bone_rearlegr) { transformation: [-1.080694387781476f,-0.04751449067945274f,0.05876329214912592f,-1.3751208740816523f,0f,0.8424062885500245f,0.6811481161410372f,-0.36771679159636045f,-0.07556951322280253f,0.6794888735645022f,-0.8403542291703087f,-1.5811575420212798f,0f,0f,0f,1f], start_interpolation: 0, interpolation_duration: 1 }
$data merge entity $(bone_rearfootrightd) { transformation: [-0.9975640502598242f,-0.035970940701588544f,-0.059766688500013605f,-0.5347977074145047f,0f,-0.8567905642599501f,0.5156645508420336f,-2.2994995723652023f,-0.06975647374412541f,0.5144084179133921f,0.854703465507556f,-3.7426226157964413f,0f,0f,0f,1f], start_interpolation: 0, interpolation_duration: 1 }
$data merge entity $(bone_rearfootright) { transformation: [-0.9975640502598242f,-0.05424303890688549f,-0.04385952985795635f,-0.5717315140552104f,0f,-0.6287521072071109f,0.7776058048154075f,-1.8434895949554984f,-0.06975647374412541f,0.7757115961572083f,0.6272204986749247f,-3.2144445734377793f,0f,0f,0f,1f], start_interpolation: 0, interpolation_duration: 1 }
$data merge entity $(bone_rearlegtipright) { transformation: [-0.9975640502598242f,-0.06846510244658924f,0.013360216173134975f,-0.7033793831538595f,0f,0.1915265416388699f,0.9814874343810288f,-1.7133060179654427f,-0.06975647374412541f,0.9790965803202625f,-0.191059992609528f,-2.227766523188429f,0f,0f,0f,1f], start_interpolation: 0, interpolation_duration: 1 }
$data merge entity $(bone_tail11) { transformation: [-0.2937340837125001f,-1.1249501715650268e-18f,4.075279055247408e-17f,1.0107119265886569e-15f,0f,0.29362527942823f,0.0079974793428517f,-0.05891225161759506f,-3.5972050541899386e-17f,0.009185915256123313f,-0.33277178841154664f,-8.253089195124293f,0f,0f,0f,1f], start_interpolation: 0, interpolation_duration: 1 }
$data merge entity $(bone_tail10) { transformation: [-0.39164544495000014f,-4.533536753310183e-18f,5.4168369831474595e-17f,9.802422185584525e-16f,0f,0.3902930294112364f,0.03252074732523462f,-0.07720517198803953f,-4.796273405586585e-17f,0.03701913691740841f,-0.4423183065451095f,-8.004285147692668f,0f,0f,0f,1f], start_interpolation: 0, interpolation_duration: 1 }
$data merge entity $(bone_tail9) { transformation: [-0.48955680618750014f,-1.0321171203874143e-17f,6.715872334533812e-17f,9.424654366766997e-16f,0f,0.48390333375749706f,0.07418608890565541f,-0.1189348469974707f,-5.99534175698323e-17f,0.08427875866788813f,-0.5483925928038734f,-7.695814314240489f,0f,0f,0f,1f], start_interpolation: 0, interpolation_duration: 1 }
$data merge entity $(bone_tail8) { transformation: [-0.5759491837500001f,-1.7321539954714784e-17f,7.803862826320843e-17f,8.98568708278645e-16f,0f,0.5623111425494504f,0.124594714661023f,-0.18901937399429614f,-7.053343243509683e-17f,0.14144110748319202f,-0.637233758480747f,-7.337370325095069f,0f,0f,0f,1f], start_interpolation: 0, interpolation_duration: 1 }
$data merge entity $(bone_tail7) { transformation: [-0.6775872750000002f,-2.470864657036606e-17f,9.074062476112506e-17f,8.475271068505121e-16f,0f,0.653848074315825f,0.17778495469883263f,-0.2890234110123895f,-8.298050874717275e-17f,0.20176141061707903f,-0.74095343101621f,-6.920584020148451f,0f,0f,0f,1f], start_interpolation: 0, interpolation_duration: 1 }
$data merge entity $(bone_tail6) { transformation: [-0.7971615000000002f,-3.096806208001167e-17f,1.0621832721999938e-16f,7.877792977892625e-16f,0f,0.7653808804778331f,0.2228428847067247f,-0.4143725336599221f,-9.76241279378503e-17f,0.25287341706664196f,-0.8673384627629186f,-6.432706134844309f,0f,0f,0f,1f], start_interpolation: 0, interpolation_duration: 1 }
$data merge entity $(bone_tail5) { transformation: [-0.8857350000000002f,-3.2523196621442005e-17f,1.1855388767149162e-16f,7.210927359740484e-16f,0f,0.8542622356748611f,0.23401495666104175f,-0.5460059467817581f,-1.0847125326427811e-16f,0.2655720542779022f,-0.968065957907484f,-5.888169033521349f,0f,0f,0f,1f], start_interpolation: 0, interpolation_duration: 1 }
$data merge entity $(bone_tail4) { transformation: [-0.9841500000000002f,-3.004334702863226e-17f,1.3324846564307135e-16f,6.461404740498208e-16f,0f,0.9601295544903585f,0.2161088846001818f,-0.6675671943693603f,-1.205236147380868e-16f,0.24532254564785222f,-1.0880562929315143f,-5.2761373687473725f,0f,0f,0f,1f], start_interpolation: 0, interpolation_duration: 1 }
$data merge entity $(bone_tail3) { transformation: [-1.0935000000000001f,-2.36548293440442e-17f,1.4991569658289044e-16f,5.618128947219449e-16f,0f,1.0801994289892138f,0.17003579228947852f,-0.7632123275321919f,-1.339151274867631e-16f,0.19315633993828768f,-1.2241545618480987f,-4.587550427707817f,0f,0f,0f,1f], start_interpolation: 0, interpolation_duration: 1 }
$data merge entity $(bone_tail2) { transformation: [-1.215f,-1.469205621784719e-17f,1.6799258969306322e-16f,4.673170630195968e-16f,0f,1.210419059867983f,0.10541156055479542f,-0.8225063303442643f,-1.4879458609640342e-16f,0.11996974334213238f,-1.3717635959202787f,-3.8159334050026605f,0f,0f,0f,1f], start_interpolation: 0, interpolation_duration: 1 }
$data merge entity $(bone_tail1) { transformation: [-1.35f,-5.655333097157828e-18f,1.872855502715336e-16f,3.619689409918592e-16f,0f,1.3494002150711688f,0.04025130683646178f,-0.8451476904397741f,-1.6532731788489269e-16f,0.04617929921586609f,-1.52930257443966f,-2.955700706880352f,0f,0f,0f,1f], start_interpolation: 0, interpolation_duration: 1 }
$data merge entity $(bone_tail0) { transformation: [-1.5f,2.685753668832832e-19f,2.0818973334063889e-16f,2.4492935982947064e-16f,0f,1.4999983967928936f,-0.002485495540534457f,-0.46875f,-1.8369701987210297e-16f,-0.0021930843004715796f,-1.699998183031946f,-2f,0f,0f,0f,1f], start_interpolation: 0, interpolation_duration: 1 }