# This file was generated by Animated Java via MC-Build. It is not recommended to edit this file directly.
$data merge entity $(bone_leftwing20) {transformation: [-2.1165f,1.9993f,0.5246f,4.4647f,1.6147f,2.068f,-1.3666f,-1.3259f,-1.2903f,-0.6914f,-2.5708f,3.6427f,0f,0f,0f,1f],start_interpolation: 0,interpolation_duration: 1}
$data merge entity $(bone_leftwing21) {transformation: [-1.8475f,1.9992f,-1.158f,4.4647f,2.1047f,2.0679f,0.2122f,-1.3259f,0.9529f,-0.6914f,-2.7138f,3.6427f,0f,0f,0f,1f],start_interpolation: 0,interpolation_duration: 1}
$data merge entity $(bone_leftwing22) {transformation: [-0.4512f,2.003f,-2.1375f,4.4647f,1.3119f,2.0719f,1.6646f,-1.3259f,2.6191f,-0.6927f,-1.202f,3.6427f,0f,0f,0f,1f],start_interpolation: 0,interpolation_duration: 1}
$data merge entity $(bone_leftwing23) {transformation: [1.2047f,1.9711f,-1.7806f,4.4647f,-0.2815f,2.0389f,2.0666f,-1.3259f,2.6413f,-0.6817f,1.0324f,3.6427f,0f,0f,0f,1f],start_interpolation: 0,interpolation_duration: 1}
$data merge entity $(bone_leftwing1) {transformation: [-1.386f,1.3516f,0.5023f,2.3857f,0.9891f,1.3981f,-1.033f,0.1578f,-1.0492f,-0.4674f,-1.6373f,2.0689f,0f,0f,0f,1f],start_interpolation: 0,interpolation_duration: 1}
$data merge entity $(bone_leftwing) {transformation: [-1.1322f,-0.261f,-0.106f,0.6875f,-0.2302f,1.1102f,-0.2749f,-0.1875f,0.1624f,-0.2459f,-1.1288f,2.3125f,0f,0f,0f,1f],start_interpolation: 0,interpolation_duration: 1}
$data merge entity $(bone_rightwing20) {transformation: [-2.1165f,-1.9993f,-0.5246f,-4.4647f,-1.6147f,2.068f,-1.3666f,-1.3259f,1.2903f,-0.6914f,-2.5708f,3.6427f,0f,0f,0f,1f],start_interpolation: 0,interpolation_duration: 1}
$data merge entity $(bone_rightwing21) {transformation: [-1.8476f,-1.9993f,1.1581f,-4.4647f,-2.1048f,2.068f,0.2122f,-1.3259f,-0.953f,-0.6914f,-2.7139f,3.6427f,0f,0f,0f,1f],start_interpolation: 0,interpolation_duration: 1}
$data merge entity $(bone_rightwing22) {transformation: [-0.4504f,-1.9993f,2.1335f,-4.4647f,-1.3094f,2.068f,1.6615f,-1.3259f,-2.6142f,-0.6914f,-1.1998f,3.6427f,0f,0f,0f,1f],start_interpolation: 0,interpolation_duration: 1}
$data merge entity $(bone_rightwing23) {transformation: [1.2047f,-1.9711f,1.7806f,-4.4647f,0.2815f,2.0389f,2.0666f,-1.3259f,-2.6413f,-0.6817f,1.0324f,3.6427f,0f,0f,0f,1f],start_interpolation: 0,interpolation_duration: 1}
$data merge entity $(bone_rightwing1) {transformation: [-1.386f,-1.3516f,-0.5023f,-2.3857f,-0.9891f,1.3981f,-1.033f,0.1578f,1.0492f,-0.4674f,-1.6373f,2.0689f,0f,0f,0f,1f],start_interpolation: 0,interpolation_duration: 1}
$data merge entity $(bone_rightwing) {transformation: [-1.1322f,0.261f,0.106f,-0.6875f,0.2302f,1.1102f,-0.2749f,-0.1875f,-0.1624f,-0.2459f,-1.1288f,2.3125f,0f,0f,0f,1f],start_interpolation: 0,interpolation_duration: 1}
$data merge entity $(bone_eyebrow) {transformation: [-0.8923f,0f,0f,0f,0f,0.8904f,-0.058f,-0.1677f,0f,-0.058f,-0.8904f,6.2286f,0f,0f,0f,1f],start_interpolation: 0,interpolation_duration: 1}
$data merge entity $(bone_head) {transformation: [-1.2269f,0f,0f,0f,0f,1.2243f,-0.0797f,-0.701f,0f,-0.0797f,-1.2243f,4.6467f,0f,0f,0f,1f],start_interpolation: 0,interpolation_duration: 1}
$data merge entity $(bone_neck4) {transformation: [-1.0498f,0f,0f,0f,0f,1.0403f,-0.1403f,-0.6773f,0f,-0.1403f,-1.0403f,4.5773f,0f,0f,0f,1f],start_interpolation: 0,interpolation_duration: 1}
$data merge entity $(bone_neck3) {transformation: [-1.1664f,0f,0f,0f,0f,1.1419f,-0.2377f,-0.7812f,0f,-0.2377f,-1.1419f,4.0777f,0f,0f,0f,1f],start_interpolation: 0,interpolation_duration: 1}
$data merge entity $(bone_neck2) {transformation: [-1.296f,0f,0f,0f,0f,1.2748f,-0.2336f,-0.8396f,0f,-0.2336f,-1.2748f,3.759f,0f,0f,0f,1f],start_interpolation: 0,interpolation_duration: 1}
$data merge entity $(bone_neck1) {transformation: [-1.44f,0f,0f,0f,0f,1.435f,-0.1199f,-0.8696f,0f,-0.1199f,-1.435f,3.4002f,0f,0f,0f,1f],start_interpolation: 0,interpolation_duration: 1}
$data merge entity $(bone_neck0) {transformation: [-1.6f,0f,0f,0f,0f,1.6f,0.0035f,-0.9687f,0f,0.0035f,-1.6f,3f,0f,0f,0f,1f],start_interpolation: 0,interpolation_duration: 1}
$data merge entity $(bone_frontlegl) {transformation: [-0.9925f,-0.1104f,0.0516f,0.4294f,0f,0.4233f,0.906f,-0.7608f,-0.1219f,0.8992f,-0.4201f,2.5641f,0f,0f,0f,1f],start_interpolation: 0,interpolation_duration: 1}
$data merge entity $(bone_frontlegtipleft) {transformation: [-0.9925f,-0.0698f,0.0999f,0.7969f,0f,0.8196f,0.573f,-1.1641f,-0.1219f,0.5687f,-0.8135f,1.6219f,0f,0f,0f,1f],start_interpolation: 0,interpolation_duration: 1}
$data merge entity $(bone_frontfootleftd) {transformation: [-0.9925f,-0.12f,-0.0211f,0.8905f,0f,-0.1729f,0.9849f,-2.7367f,-0.1219f,0.9776f,0.1716f,0.7733f,0f,0f,0f,1f],start_interpolation: 0,interpolation_duration: 1}
$data merge entity $(bone_frontfootleft) {transformation: [0.9925f,0.1177f,0.0316f,0.9073f,0f,-0.2595f,0.9657f,-2.29f,0.1219f,-0.9585f,-0.2576f,0.7235f,0f,0f,0f,1f],start_interpolation: 0,interpolation_duration: 1}
$data merge entity $(bone_frontlegr) {transformation: [-0.9925f,0.1104f,-0.0516f,-0.8735f,0f,0.4233f,0.906f,-0.8015f,0.1219f,0.8992f,-0.4201f,2.6095f,0f,0f,0f,1f],start_interpolation: 0,interpolation_duration: 1}
$data merge entity $(bone_frontlegtipright) {transformation: [-0.9925f,0.0698f,-0.0999f,-0.7486f,0f,0.8196f,0.573f,-1.1294f,0.1219f,0.5687f,-0.8135f,1.5754f,0f,0f,0f,1f],start_interpolation: 0,interpolation_duration: 1}
$data merge entity $(bone_frontfootrightd) {transformation: [-0.9925f,0.12f,0.0211f,-0.8548f,0f,-0.1729f,0.9849f,-2.6928f,0.1219f,0.9776f,0.1716f,0.7975f,0f,0f,0f,1f],start_interpolation: 0,interpolation_duration: 1}
$data merge entity $(bone_frontfootright) {transformation: [0.9925f,-0.1177f,-0.0316f,-0.8518f,0f,-0.2595f,0.9657f,-2.2339f,-0.1219f,-0.9585f,-0.2576f,0.7352f,0f,0f,0f,1f],start_interpolation: 0,interpolation_duration: 1}
$data merge entity $(bone_rearlegl) {transformation: [-1.0807f,0.0475f,-0.0588f,0.0007f,0f,0.8424f,0.6811f,-0.3925f,0.0756f,0.6795f,-0.8404f,-0.4017f,0f,0f,0f,1f],start_interpolation: 0,interpolation_duration: 1}
$data merge entity $(bone_rearfootleftd) {transformation: [-0.9976f,0.036f,0.0598f,0.532f,0f,-0.8568f,0.5157f,-2.3243f,0.0698f,0.5144f,0.8547f,-2.6591f,0f,0f,0f,1f],start_interpolation: 0,interpolation_duration: 1}
$data merge entity $(bone_rearfootleft) {transformation: [-0.9976f,0.0542f,0.0439f,0.5689f,0f,-0.6288f,0.7776f,-1.8683f,0.0698f,0.7757f,0.6272f,-2.1309f,0f,0f,0f,1f],start_interpolation: 0,interpolation_duration: 1}
$data merge entity $(bone_rearlegtipleft) {transformation: [-0.9976f,0.0685f,-0.0134f,0.5759f,0f,0.1915f,0.9815f,-1.7381f,0.0698f,0.9791f,-0.1911f,-1.1355f,0f,0f,0f,1f],start_interpolation: 0,interpolation_duration: 1}
$data merge entity $(bone_rearlegr) {transformation: [-1.0807f,-0.0475f,0.0588f,-1.3751f,0f,0.8424f,0.6811f,-0.3677f,-0.0756f,0.6795f,-0.8404f,-0.5187f,0f,0f,0f,1f],start_interpolation: 0,interpolation_duration: 1}
$data merge entity $(bone_rearfootrightd) {transformation: [-0.9976f,-0.0598f,0.036f,-0.5348f,0f,0.5157f,0.8568f,-2.2995f,-0.0698f,0.8547f,-0.5144f,-2.6801f,0f,0f,0f,1f],start_interpolation: 0,interpolation_duration: 1}
$data merge entity $(bone_rearfootright) {transformation: [-0.9976f,-0.0542f,-0.0439f,-0.5717f,0f,-0.6288f,0.7776f,-1.8435f,-0.0698f,0.7757f,0.6272f,-2.1519f,0f,0f,0f,1f],start_interpolation: 0,interpolation_duration: 1}
$data merge entity $(bone_rearlegtipright) {transformation: [-0.9976f,-0.0685f,0.0134f,-0.7034f,0f,0.1915f,0.9815f,-1.7133f,-0.0698f,0.9791f,-0.1911f,-1.1653f,0f,0f,0f,1f],start_interpolation: 0,interpolation_duration: 1}
$data merge entity $(bone_tail11) {transformation: [-0.2937f,0f,0f,0f,0f,0.2936f,0.008f,-0.0589f,0f,0.0092f,-0.3328f,-7.1906f,0f,0f,0f,1f],start_interpolation: 0,interpolation_duration: 1}
$data merge entity $(bone_tail10) {transformation: [-0.3916f,0f,0f,0f,0f,0.3903f,0.0325f,-0.0772f,0f,0.037f,-0.4423f,-6.9418f,0f,0f,0f,1f],start_interpolation: 0,interpolation_duration: 1}
$data merge entity $(bone_tail9) {transformation: [-0.4896f,0f,0f,0f,0f,0.4839f,0.0742f,-0.1189f,0f,0.0843f,-0.5484f,-6.6333f,0f,0f,0f,1f],start_interpolation: 0,interpolation_duration: 1}
$data merge entity $(bone_tail8) {transformation: [-0.5759f,0f,0f,0f,0f,0.5623f,0.1246f,-0.189f,0f,0.1414f,-0.6372f,-6.2749f,0f,0f,0f,1f],start_interpolation: 0,interpolation_duration: 1}
$data merge entity $(bone_tail7) {transformation: [-0.6776f,0f,0f,0f,0f,0.6538f,0.1778f,-0.289f,0f,0.2018f,-0.741f,-5.8581f,0f,0f,0f,1f],start_interpolation: 0,interpolation_duration: 1}
$data merge entity $(bone_tail6) {transformation: [-0.7972f,0f,0f,0f,0f,0.7654f,0.2228f,-0.4144f,0f,0.2529f,-0.8673f,-5.3702f,0f,0f,0f,1f],start_interpolation: 0,interpolation_duration: 1}
$data merge entity $(bone_tail5) {transformation: [-0.8857f,0f,0f,0f,0f,0.8543f,0.234f,-0.546f,0f,0.2656f,-0.9681f,-4.8257f,0f,0f,0f,1f],start_interpolation: 0,interpolation_duration: 1}
$data merge entity $(bone_tail4) {transformation: [-0.9842f,0f,0f,0f,0f,0.9601f,0.2161f,-0.6676f,0f,0.2453f,-1.0881f,-4.2136f,0f,0f,0f,1f],start_interpolation: 0,interpolation_duration: 1}
$data merge entity $(bone_tail3) {transformation: [-1.0935f,0f,0f,0f,0f,1.0802f,0.17f,-0.7632f,0f,0.1932f,-1.2242f,-3.5251f,0f,0f,0f,1f],start_interpolation: 0,interpolation_duration: 1}
$data merge entity $(bone_tail2) {transformation: [-1.215f,0f,0f,0f,0f,1.2104f,0.1054f,-0.8225f,0f,0.12f,-1.3718f,-2.7534f,0f,0f,0f,1f],start_interpolation: 0,interpolation_duration: 1}
$data merge entity $(bone_tail1) {transformation: [-1.35f,0f,0f,0f,0f,1.3494f,0.0403f,-0.8451f,0f,0.0462f,-1.5293f,-1.8932f,0f,0f,0f,1f],start_interpolation: 0,interpolation_duration: 1}
$data merge entity $(bone_tail0) {transformation: [-1.5f,0f,0f,0f,0f,1.5f,-0.0025f,-0.4687f,0f,-0.0022f,-1.7f,-0.9375f,0f,0f,0f,1f],start_interpolation: 0,interpolation_duration: 1}