# This file was generated by Animated Java via MC-Build. It is not recommended to edit this file directly.
$data merge entity $(bone_leftwing20) {transformation: [-2.44f,1.357f,0.9781f,4.5821f,0.8595f,2.501f,-1.3258f,-0.1142f,-1.4351f,-0.8094f,-2.4571f,3.7767f,0f,0f,0f,1f],start_interpolation: 0,interpolation_duration: 1}
$data merge entity $(bone_leftwing21) {transformation: [-2.3984f,1.3569f,-1.0757f,4.5821f,1.5507f,2.5009f,-0.3027f,-0.1142f,0.7706f,-0.8093f,-2.739f,3.7767f,0f,0f,0f,1f],start_interpolation: 0,interpolation_duration: 1}
$data merge entity $(bone_leftwing22) {transformation: [-0.894f,1.3595f,-2.4773f,4.5821f,1.2975f,2.5057f,0.9069f,-0.1142f,2.5104f,-0.8109f,-1.351f,3.7767f,0f,0f,0f,1f],start_interpolation: 0,interpolation_duration: 1}
$data merge entity $(bone_leftwing23) {transformation: [1.1425f,1.3379f,-2.3263f,4.5821f,0.2449f,2.4658f,1.5384f,-0.1142f,2.6724f,-0.798f,0.8535f,3.7767f,0f,0f,0f,1f],start_interpolation: 0,interpolation_duration: 1}
$data merge entity $(bone_leftwing1) {transformation: [-1.5714f,0.9174f,0.83f,2.225f,0.4842f,1.6908f,-0.9522f,0.6121f,-1.1385f,-0.5472f,-1.5506f,2.0689f,0f,0f,0f,1f],start_interpolation: 0,interpolation_duration: 1}
$data merge entity $(bone_leftwing) {transformation: [-1.025f,-0.557f,0.0153f,0.6875f,-0.5331f,0.9708f,-0.3667f,-0.1875f,0.1624f,-0.3291f,-1.1074f,2.3125f,0f,0f,0f,1f],start_interpolation: 0,interpolation_duration: 1}
$data merge entity $(bone_rightwing20) {transformation: [-2.44f,-1.357f,-0.9781f,-4.5821f,-0.8595f,2.501f,-1.3258f,-0.1142f,1.4351f,-0.8094f,-2.4571f,3.7767f,0f,0f,0f,1f],start_interpolation: 0,interpolation_duration: 1}
$data merge entity $(bone_rightwing21) {transformation: [-2.3985f,-1.357f,1.0758f,-4.5821f,-1.5508f,2.501f,-0.3027f,-0.1142f,-0.7706f,-0.8094f,-2.7391f,3.7767f,0f,0f,0f,1f],start_interpolation: 0,interpolation_duration: 1}
$data merge entity $(bone_rightwing22) {transformation: [-0.8923f,-1.357f,2.4727f,-4.5821f,-1.295f,2.501f,0.9052f,-0.1142f,-2.5057f,-0.8094f,-1.3484f,3.7767f,0f,0f,0f,1f],start_interpolation: 0,interpolation_duration: 1}
$data merge entity $(bone_rightwing23) {transformation: [1.1425f,-1.3379f,2.3263f,-4.5821f,-0.2449f,2.4658f,1.5384f,-0.1142f,-2.6724f,-0.798f,0.8535f,3.7767f,0f,0f,0f,1f],start_interpolation: 0,interpolation_duration: 1}
$data merge entity $(bone_rightwing1) {transformation: [-1.5714f,-0.9174f,-0.83f,-2.225f,-0.4842f,1.6908f,-0.9522f,0.6121f,1.1385f,-0.5472f,-1.5506f,2.0689f,0f,0f,0f,1f],start_interpolation: 0,interpolation_duration: 1}
$data merge entity $(bone_rightwing) {transformation: [-1.025f,0.557f,-0.0153f,-0.6875f,0.5331f,0.9708f,-0.3667f,-0.1875f,-0.1624f,-0.3291f,-1.1074f,2.3125f,0f,0f,0f,1f],start_interpolation: 0,interpolation_duration: 1}
$data merge entity $(bone_eyebrow) {transformation: [-0.8923f,0f,0f,0f,0f,0.891f,-0.0486f,-0.1559f,0f,-0.0486f,-0.891f,6.2286f,0f,0f,0f,1f],start_interpolation: 0,interpolation_duration: 1}
$data merge entity $(bone_head) {transformation: [-1.2269f,0f,0f,0f,0f,1.2251f,-0.0668f,-0.6725f,0f,-0.0668f,-1.2251f,4.6411f,0f,0f,0f,1f],start_interpolation: 0,interpolation_duration: 1}
$data merge entity $(bone_neck4) {transformation: [-1.0498f,0f,0f,0f,0f,1.0423f,-0.1251f,-0.6477f,0f,-0.1251f,-1.0423f,4.572f,0f,0f,0f,1f],start_interpolation: 0,interpolation_duration: 1}
$data merge entity $(bone_neck3) {transformation: [-1.1664f,0f,0f,0f,0f,1.1418f,-0.2384f,-0.752f,0f,-0.2384f,-1.1418f,4.0725f,0f,0f,0f,1f],start_interpolation: 0,interpolation_duration: 1}
$data merge entity $(bone_neck2) {transformation: [-1.296f,0f,0f,0f,0f,1.2688f,-0.2639f,-0.818f,0f,-0.2639f,-1.2688f,3.7553f,0f,0f,0f,1f],start_interpolation: 0,interpolation_duration: 1}
$data merge entity $(bone_neck1) {transformation: [-1.44f,0f,0f,0f,0f,1.43f,-0.1693f,-0.8604f,0f,-0.1693f,-1.43f,3.3978f,0f,0f,0f,1f],start_interpolation: 0,interpolation_duration: 1}
$data merge entity $(bone_neck0) {transformation: [-1.6f,0f,0f,0f,0f,1.5996f,-0.0337f,-0.9687f,0f,-0.0337f,-1.5996f,3f,0f,0f,0f,1f],start_interpolation: 0,interpolation_duration: 1}
$data merge entity $(bone_frontlegl) {transformation: [-0.9925f,-0.1108f,0.0507f,0.4293f,0f,0.4162f,0.9093f,-0.7611f,-0.1219f,0.9025f,-0.4131f,2.5644f,0f,0f,0f,1f],start_interpolation: 0,interpolation_duration: 1}
$data merge entity $(bone_frontlegtipleft) {transformation: [-0.9925f,-0.0706f,0.0993f,0.7973f,0f,0.8151f,0.5793f,-1.1568f,-0.1219f,0.575f,-0.809f,1.6193f,0f,0f,0f,1f],start_interpolation: 0,interpolation_duration: 1}
$data merge entity $(bone_frontfootleftd) {transformation: [-0.9925f,-0.1199f,-0.022f,0.8923f,0f,-0.1806f,0.9836f,-2.7227f,-0.1219f,0.9762f,0.1792f,0.7585f,0f,0f,0f,1f],start_interpolation: 0,interpolation_duration: 1}
$data merge entity $(bone_frontfootleft) {transformation: [0.9925f,0.1179f,0.0307f,0.9087f,0f,-0.252f,0.9677f,-2.2757f,0.1219f,-0.9605f,-0.2502f,0.7121f,0f,0f,0f,1f],start_interpolation: 0,interpolation_duration: 1}
$data merge entity $(bone_frontlegr) {transformation: [-0.9925f,0.1108f,-0.0507f,-0.8735f,0f,0.4162f,0.9093f,-0.8012f,0.1219f,0.9025f,-0.4131f,2.6096f,0f,0f,0f,1f],start_interpolation: 0,interpolation_duration: 1}
$data merge entity $(bone_frontlegtipright) {transformation: [-0.9925f,0.0706f,-0.0993f,-0.7489f,0f,0.8151f,0.5793f,-1.1213f,0.1219f,0.575f,-0.809f,1.573f,0f,0f,0f,1f],start_interpolation: 0,interpolation_duration: 1}
$data merge entity $(bone_frontfootrightd) {transformation: [-0.9925f,0.1199f,0.022f,-0.8566f,0f,-0.1806f,0.9836f,-2.6786f,0.1219f,0.9762f,0.1792f,0.7831f,0f,0f,0f,1f],start_interpolation: 0,interpolation_duration: 1}
$data merge entity $(bone_frontfootright) {transformation: [0.9925f,-0.1179f,-0.0307f,-0.8531f,0f,-0.252f,0.9677f,-2.2193f,-0.1219f,-0.9605f,-0.2502f,0.7243f,0f,0f,0f,1f],start_interpolation: 0,interpolation_duration: 1}
$data merge entity $(bone_rearlegl) {transformation: [-1.0807f,0.048f,-0.0584f,0.0008f,0f,0.8371f,0.6877f,-0.3924f,0.0756f,0.686f,-0.8351f,-0.3999f,0f,0f,0f,1f],start_interpolation: 0,interpolation_duration: 1}
$data merge entity $(bone_rearfootleftd) {transformation: [-0.9976f,0.0355f,0.06f,0.5311f,0f,-0.8608f,0.509f,-2.3069f,0.0698f,0.5078f,0.8587f,-2.6721f,0f,0f,0f,1f],start_interpolation: 0,interpolation_duration: 1}
$data merge entity $(bone_rearfootleft) {transformation: [-0.9976f,0.0539f,0.0443f,0.5683f,0f,-0.6348f,0.7727f,-1.855f,0.0698f,0.7708f,0.6332f,-2.1404f,0f,0f,0f,1f],start_interpolation: 0,interpolation_duration: 1}
$data merge entity $(bone_rearlegtipleft) {transformation: [-0.9976f,0.0686f,-0.0128f,0.5753f,0f,0.1839f,0.9829f,-1.7326f,0.0698f,0.9805f,-0.1835f,-1.1441f,0f,0f,0f,1f],start_interpolation: 0,interpolation_duration: 1}
$data merge entity $(bone_rearlegr) {transformation: [-1.0807f,-0.048f,0.0584f,-1.3753f,0f,0.8371f,0.6877f,-0.3674f,-0.0756f,0.686f,-0.8351f,-0.5167f,0f,0f,0f,1f],start_interpolation: 0,interpolation_duration: 1}
$data merge entity $(bone_rearfootrightd) {transformation: [-0.9976f,-0.06f,0.0355f,-0.5339f,0f,0.509f,0.8608f,-2.282f,-0.0698f,0.8587f,-0.5078f,-2.693f,0f,0f,0f,1f],start_interpolation: 0,interpolation_duration: 1}
$data merge entity $(bone_rearfootright) {transformation: [-0.9976f,-0.0539f,-0.0443f,-0.5711f,0f,-0.6348f,0.7727f,-1.8301f,-0.0698f,0.7708f,0.6332f,-2.1613f,0f,0f,0f,1f],start_interpolation: 0,interpolation_duration: 1}
$data merge entity $(bone_rearlegtipright) {transformation: [-0.9976f,-0.0686f,0.0128f,-0.7028f,0f,0.1839f,0.9829f,-1.7076f,-0.0698f,0.9805f,-0.1835f,-1.1737f,0f,0f,0f,1f],start_interpolation: 0,interpolation_duration: 1}
$data merge entity $(bone_tail11) {transformation: [-0.2937f,0f,0f,0f,0f,0.2937f,0.0049f,0.0325f,0f,0.0044f,-0.3329f,-7.1875f,0f,0f,0f,1f],start_interpolation: 0,interpolation_duration: 1}
$data merge entity $(bone_tail10) {transformation: [-0.3916f,0f,0f,0f,0f,0.3909f,0.0243f,0.0188f,0f,0.026f,-0.4431f,-6.9383f,0f,0f,0f,1f],start_interpolation: 0,interpolation_duration: 1}
$data merge entity $(bone_tail9) {transformation: [-0.4896f,0f,0f,0f,0f,0.4856f,0.062f,-0.016f,0f,0.0683f,-0.5506f,-6.6286f,0f,0f,0f,1f],start_interpolation: 0,interpolation_duration: 1}
$data merge entity $(bone_tail8) {transformation: [-0.5759f,0f,0f,0f,0f,0.5649f,0.1124f,-0.0792f,0f,0.1251f,-0.6406f,-6.2682f,0f,0f,0f,1f],start_interpolation: 0,interpolation_duration: 1}
$data merge entity $(bone_tail7) {transformation: [-0.6776f,0f,0f,0f,0f,0.6559f,0.1702f,-0.175f,0f,0.1903f,-0.744f,-5.8497f,0f,0f,0f,1f],start_interpolation: 0,interpolation_duration: 1}
$data merge entity $(bone_tail6) {transformation: [-0.7972f,0f,0f,0f,0f,0.7647f,0.2251f,-0.3016f,0f,0.2521f,-0.8676f,-5.3617f,0f,0f,0f,1f],start_interpolation: 0,interpolation_duration: 1}
$data merge entity $(bone_tail5) {transformation: [-0.8857f,0f,0f,0f,0f,0.8498f,0.2497f,-0.4421f,0f,0.2796f,-0.9641f,-4.8194f,0f,0f,0f,1f],start_interpolation: 0,interpolation_duration: 1}
$data merge entity $(bone_tail4) {transformation: [-0.9842f,0f,0f,0f,0f,0.9529f,0.246f,-0.5804f,0f,0.2749f,-1.0809f,-4.2114f,0f,0f,0f,1f],start_interpolation: 0,interpolation_duration: 1}
$data merge entity $(bone_tail3) {transformation: [-1.0935f,0f,0f,0f,0f,1.0729f,0.2113f,-0.6993f,0f,0.2352f,-1.2168f,-3.527f,0f,0f,0f,1f],start_interpolation: 0,interpolation_duration: 1}
$data merge entity $(bone_tail2) {transformation: [-1.215f,0f,0f,0f,0f,1.2056f,0.1514f,-0.7844f,0f,0.1668f,-1.3668f,-2.7581f,0f,0f,0f,1f],start_interpolation: 0,interpolation_duration: 1}
$data merge entity $(bone_tail1) {transformation: [-1.35f,0f,0f,0f,0f,1.3476f,0.0815f,-0.8303f,0f,0.087f,-1.5275f,-1.8989f,0f,0f,0f,1f],start_interpolation: 0,interpolation_duration: 1}
$data merge entity $(bone_tail0) {transformation: [-1.5f,0f,0f,0f,0f,1.4999f,0.0239f,-0.4687f,0f,0.0211f,-1.6998f,-0.9375f,0f,0f,0f,1f],start_interpolation: 0,interpolation_duration: 1}