# This file was generated by Animated Java via MC-Build. It is not recommended to edit this file directly.
$data merge entity $(bone_leftwing20) {transformation: [-2.5382f,0.5787f,1.4052f,4.3711f,0.0257f,2.7514f,-1.0867f,1.1092f,-1.5195f,-0.9202f,-2.3656f,3.8521f,0f,0f,0f,1f],start_interpolation: 0,interpolation_duration: 1}
$data merge entity $(bone_leftwing21) {transformation: [-2.7738f,0.5787f,-0.8496f,4.3711f,0.7995f,2.7512f,-0.7364f,1.1092f,0.6461f,-0.9201f,-2.7362f,3.8521f,0f,0f,0f,1f],start_interpolation: 0,interpolation_duration: 1}
$data merge entity $(bone_leftwing22) {transformation: [-1.3182f,0.5798f,-2.5905f,4.3711f,1.0872f,2.7566f,0.0637f,1.1092f,2.4218f,-0.9219f,-1.4387f,3.8521f,0f,0f,0f,1f],start_interpolation: 0,interpolation_duration: 1}
$data merge entity $(bone_leftwing23) {transformation: [0.9326f,0.5706f,-2.704f,4.3711f,0.6981f,2.7126f,0.8132f,1.1092f,2.6739f,-0.9072f,0.7308f,3.8521f,0f,0f,0f,1f],start_interpolation: 0,interpolation_duration: 1}
$data merge entity $(bone_leftwing1) {transformation: [-1.6072f,0.3912f,1.1241f,1.9602f,-0.0595f,1.8601f,-0.7325f,1.0199f,-1.1888f,-0.6221f,-1.4832f,2.0689f,0f,0f,0f,1f],start_interpolation: 0,interpolation_duration: 1}
$data merge entity $(bone_leftwing) {transformation: [-0.8485f,-0.7849f,0.1586f,0.6875f,-0.7841f,0.7675f,-0.3965f,-0.1562f,0.1624f,-0.395f,-1.0857f,2.3125f,0f,0f,0f,1f],start_interpolation: 0,interpolation_duration: 1}
$data merge entity $(bone_rightwing20) {transformation: [-2.5382f,-0.5787f,-1.4052f,-4.3711f,-0.0257f,2.7514f,-1.0867f,1.1092f,1.5195f,-0.9202f,-2.3656f,3.8521f,0f,0f,0f,1f],start_interpolation: 0,interpolation_duration: 1}
$data merge entity $(bone_rightwing21) {transformation: [-2.774f,-0.5787f,0.8497f,-4.3711f,-0.7996f,2.7514f,-0.7364f,1.1092f,-0.6462f,-0.9202f,-2.7363f,3.8521f,0f,0f,0f,1f],start_interpolation: 0,interpolation_duration: 1}
$data merge entity $(bone_rightwing22) {transformation: [-1.3157f,-0.5787f,2.5857f,-4.3711f,-1.0852f,2.7514f,0.0636f,1.1092f,-2.4172f,-0.9202f,-1.436f,3.8521f,0f,0f,0f,1f],start_interpolation: 0,interpolation_duration: 1}
$data merge entity $(bone_rightwing23) {transformation: [0.9326f,-0.5706f,2.704f,-4.3711f,-0.6981f,2.7126f,0.8132f,1.1092f,-2.6739f,-0.9072f,0.7308f,3.8521f,0f,0f,0f,1f],start_interpolation: 0,interpolation_duration: 1}
$data merge entity $(bone_rightwing1) {transformation: [-1.6072f,-0.3912f,-1.1241f,-1.9602f,0.0595f,1.8601f,-0.7325f,1.0199f,1.1888f,-0.6221f,-1.4832f,2.0689f,0f,0f,0f,1f],start_interpolation: 0,interpolation_duration: 1}
$data merge entity $(bone_rightwing) {transformation: [-0.8485f,0.7849f,-0.1586f,-0.6875f,0.7841f,0.7675f,-0.3965f,-0.1562f,-0.1624f,-0.395f,-1.0857f,2.3125f,0f,0f,0f,1f],start_interpolation: 0,interpolation_duration: 1}
$data merge entity $(bone_eyebrow) {transformation: [-0.8923f,0f,0f,0f,0f,0.8915f,-0.0368f,-0.1286f,0f,-0.0368f,-0.8915f,6.231f,0f,0f,0f,1f],start_interpolation: 0,interpolation_duration: 1}
$data merge entity $(bone_head) {transformation: [-1.2269f,0f,0f,0f,0f,1.2259f,-0.0506f,-0.6241f,0f,-0.0506f,-1.2259f,4.6368f,0f,0f,0f,1f],start_interpolation: 0,interpolation_duration: 1}
$data merge entity $(bone_neck4) {transformation: [-1.0498f,0f,0f,0f,0f,1.0446f,-0.1036f,-0.5979f,0f,-0.1036f,-1.0446f,4.5682f,0f,0f,0f,1f],start_interpolation: 0,interpolation_duration: 1}
$data merge entity $(bone_neck3) {transformation: [-1.1664f,0f,0f,0f,0f,1.144f,-0.2274f,-0.6974f,0f,-0.2274f,-1.144f,4.0677f,0f,0f,0f,1f],start_interpolation: 0,interpolation_duration: 1}
$data merge entity $(bone_neck2) {transformation: [-1.296f,0f,0f,0f,0f,1.2651f,-0.2812f,-0.7677f,0f,-0.2812f,-1.2651f,3.7514f,0f,0f,0f,1f],start_interpolation: 0,interpolation_duration: 1}
$data merge entity $(bone_neck1) {transformation: [-1.44f,0f,0f,0f,0f,1.4246f,-0.2102f,-0.8203f,0f,-0.2102f,-1.4246f,3.3953f,0f,0f,0f,1f],start_interpolation: 0,interpolation_duration: 1}
$data merge entity $(bone_neck0) {transformation: [-1.6f,0f,0f,0f,0f,1.5985f,-0.0692f,-0.9375f,0f,-0.0692f,-1.5985f,3f,0f,0f,0f,1f],start_interpolation: 0,interpolation_duration: 1}
$data merge entity $(bone_frontlegl) {transformation: [-0.9925f,-0.1112f,0.0499f,0.4293f,0f,0.4095f,0.9123f,-0.7301f,-0.1219f,0.9055f,-0.4065f,2.5648f,0f,0f,0f,1f],start_interpolation: 0,interpolation_duration: 1}
$data merge entity $(bone_frontlegtipleft) {transformation: [-0.9925f,-0.0713f,0.0988f,0.7976f,0f,0.8108f,0.5853f,-1.1186f,-0.1219f,0.581f,-0.8048f,1.6167f,0f,0f,0f,1f],start_interpolation: 0,interpolation_duration: 1}
$data merge entity $(bone_frontfootleftd) {transformation: [-0.9925f,-0.1197f,-0.0229f,0.894f,0f,-0.1878f,0.9822f,-2.678f,-0.1219f,0.9749f,0.1864f,0.7446f,0f,0f,0f,1f],start_interpolation: 0,interpolation_duration: 1}
$data merge entity $(bone_frontfootleft) {transformation: [0.9925f,0.1182f,0.0298f,0.91f,0f,-0.2449f,0.9696f,-2.2307f,0.1219f,-0.9623f,-0.243f,0.7014f,0f,0f,0f,1f],start_interpolation: 0,interpolation_duration: 1}
$data merge entity $(bone_frontlegr) {transformation: [-0.9925f,0.1112f,-0.0499f,-0.8735f,0f,0.4095f,0.9123f,-0.7697f,0.1219f,0.9055f,-0.4065f,2.6097f,0f,0f,0f,1f],start_interpolation: 0,interpolation_duration: 1}
$data merge entity $(bone_frontlegtipright) {transformation: [-0.9925f,0.0713f,-0.0988f,-0.7492f,0f,0.8108f,0.5853f,-1.0823f,0.1219f,0.581f,-0.8048f,1.5708f,0f,0f,0f,1f],start_interpolation: 0,interpolation_duration: 1}
$data merge entity $(bone_frontfootrightd) {transformation: [-0.9925f,0.1197f,0.0229f,-0.8583f,0f,-0.1878f,0.9822f,-2.6337f,0.1219f,0.9749f,0.1864f,0.7695f,0f,0f,0f,1f],start_interpolation: 0,interpolation_duration: 1}
$data merge entity $(bone_frontfootright) {transformation: [0.9925f,-0.1182f,-0.0298f,-0.8544f,0f,-0.2449f,0.9696f,-2.1739f,-0.1219f,-0.9623f,-0.243f,0.7141f,0f,0f,0f,1f],start_interpolation: 0,interpolation_duration: 1}
$data merge entity $(bone_rearlegl) {transformation: [-1.0807f,0.0484f,-0.058f,0.0009f,0f,0.832f,0.6938f,-0.361f,0.0756f,0.6921f,-0.83f,-0.3982f,0f,0f,0f,1f],start_interpolation: 0,interpolation_duration: 1}
$data merge entity $(bone_rearfootleftd) {transformation: [-0.9976f,0.0351f,0.0603f,0.5302f,0f,-0.8645f,0.5026f,-2.259f,0.0698f,0.5014f,0.8624f,-2.6845f,0f,0f,0f,1f],start_interpolation: 0,interpolation_duration: 1}
$data merge entity $(bone_rearfootleft) {transformation: [-0.9976f,0.0536f,0.0447f,0.5676f,0f,-0.6405f,0.768f,-1.8111f,0.0698f,0.7661f,0.6389f,-2.1495f,0f,0f,0f,1f],start_interpolation: 0,interpolation_duration: 1}
$data merge entity $(bone_rearlegtipleft) {transformation: [-0.9976f,0.0687f,-0.0123f,0.5747f,0f,0.1766f,0.9843f,-1.696f,0.0698f,0.9819f,-0.1762f,-1.1522f,0f,0f,0f,1f],start_interpolation: 0,interpolation_duration: 1}
$data merge entity $(bone_rearlegr) {transformation: [-1.0807f,-0.0484f,0.058f,-1.3754f,0f,0.832f,0.6938f,-0.3359f,-0.0756f,0.6921f,-0.83f,-0.5148f,0f,0f,0f,1f],start_interpolation: 0,interpolation_duration: 1}
$data merge entity $(bone_rearfootrightd) {transformation: [-0.9976f,-0.0603f,0.0351f,-0.533f,0f,0.5026f,0.8645f,-2.2339f,-0.0698f,0.8624f,-0.5014f,-2.7052f,0f,0f,0f,1f],start_interpolation: 0,interpolation_duration: 1}
$data merge entity $(bone_rearfootright) {transformation: [-0.9976f,-0.0536f,-0.0447f,-0.5705f,0f,-0.6405f,0.768f,-1.786f,-0.0698f,0.7661f,0.6389f,-2.1702f,0f,0f,0f,1f],start_interpolation: 0,interpolation_duration: 1}
$data merge entity $(bone_rearlegtipright) {transformation: [-0.9976f,-0.0687f,0.0123f,-0.7022f,0f,0.1766f,0.9843f,-1.6709f,-0.0698f,0.9819f,-0.1762f,-1.1816f,0f,0f,0f,1f],start_interpolation: 0,interpolation_duration: 1}
$data merge entity $(bone_tail11) {transformation: [-0.2937f,0f,0f,0f,0f,0.2938f,0.0016f,0.112f,0f,-0.0006f,-0.3329f,-7.1907f,0f,0f,0f,1f],start_interpolation: 0,interpolation_duration: 1}
$data merge entity $(bone_tail10) {transformation: [-0.3916f,0f,0f,0f,0f,0.3914f,0.0148f,0.1036f,0f,0.0136f,-0.4436f,-6.9411f,0f,0f,0f,1f],start_interpolation: 0,interpolation_duration: 1}
$data merge entity $(bone_tail9) {transformation: [-0.4896f,0f,0f,0f,0f,0.4874f,0.0467f,0.0774f,0f,0.0489f,-0.5526f,-6.6303f,0f,0f,0f,1f],start_interpolation: 0,interpolation_duration: 1}
$data merge entity $(bone_tail8) {transformation: [-0.5759f,0f,0f,0f,0f,0.5682f,0.0945f,0.0242f,0f,0.1024f,-0.6446f,-6.2677f,0f,0f,0f,1f],start_interpolation: 0,interpolation_duration: 1}
$data merge entity $(bone_tail7) {transformation: [-0.6776f,0f,0f,0f,0f,0.6599f,0.1543f,-0.0626f,0f,0.1695f,-0.7489f,-5.8464f,0f,0f,0f,1f],start_interpolation: 0,interpolation_duration: 1}
$data merge entity $(bone_tail6) {transformation: [-0.7972f,0f,0f,0f,0f,0.7673f,0.2165f,-0.1844f,0f,0.239f,-0.8712f,-5.3564f,0f,0f,0f,1f],start_interpolation: 0,interpolation_duration: 1}
$data merge entity $(bone_tail5) {transformation: [-0.8857f,0f,0f,0f,0f,0.8489f,0.2533f,-0.3268f,0f,0.28f,-0.9639f,-4.8142f,0f,0f,0f,1f],start_interpolation: 0,interpolation_duration: 1}
$data merge entity $(bone_tail4) {transformation: [-0.9842f,0f,0f,0f,0f,0.9483f,0.2637f,-0.4752f,0f,0.291f,-1.0766f,-4.2086f,0f,0f,0f,1f],start_interpolation: 0,interpolation_duration: 1}
$data merge entity $(bone_tail3) {transformation: [-1.0935f,0f,0f,0f,0f,1.0665f,0.2419f,-0.6113f,0f,0.2654f,-1.2104f,-3.5277f,0f,0f,0f,1f],start_interpolation: 0,interpolation_duration: 1}
$data merge entity $(bone_tail2) {transformation: [-1.215f,0f,0f,0f,0f,1.2002f,0.1898f,-0.718f,0f,0.2052f,-1.3615f,-2.7619f,0f,0f,0f,1f],start_interpolation: 0,interpolation_duration: 1}
$data merge entity $(bone_tail1) {transformation: [-1.35f,0f,0f,0f,0f,1.3449f,0.1187f,-0.7848f,0f,0.1234f,-1.5249f,-1.9042f,0f,0f,0f,1f],start_interpolation: 0,interpolation_duration: 1}
$data merge entity $(bone_tail0) {transformation: [-1.5f,0f,0f,0f,0f,1.4994f,0.049f,-0.4375f,0f,0.0433f,-1.6993f,-0.9375f,0f,0f,0f,1f],start_interpolation: 0,interpolation_duration: 1}