# This file was generated by Animated Java via MC-Build. It is not recommended to edit this file directly.
$data merge entity $(bone_leftwing20) { transformation: [-2.5381642764498697f,0.5787148644023051f,1.405185867629132f,4.37105351285839f,0.025700206527497008f,2.7513861704511435f,-1.0867151197741498f,1.0779699252023094f,-1.5194728415635663f,-0.920162680117555f,-2.365637131299035f,2.7896390529282264f,0f,0f,0f,1f], start_interpolation: 0, interpolation_duration: 1 }
$data merge entity $(bone_leftwing21) { transformation: [-2.773814325360824f,0.5786838094215534f,-0.849632863427357f,4.37105351285839f,0.7995273943512188f,2.7512385256439686f,-0.7363690556872222f,1.0779699252023094f,0.646147738202621f,-0.9201133023737345f,-2.736180088497443f,2.7896390529282264f,0f,0f,0f,1f], start_interpolation: 0, interpolation_duration: 1 }
$data merge entity $(bone_leftwing22) { transformation: [-1.3182191127491214f,0.5798012181646648f,-2.590512129105387f,4.37105351285839f,1.0871932348865239f,2.7565510260680126f,0.06372976969049884f,1.0779699252023094f,2.4217624602021437f,-0.9218899939486261f,-1.4386832862925414f,2.7896390529282264f,0f,0f,0f,1f], start_interpolation: 0, interpolation_duration: 1 }
$data merge entity $(bone_leftwing23) { transformation: [0.932647244536902f,0.570563950819174f,-2.7039915568891435f,4.37105351285839f,0.698082760672457f,2.712634252557465f,0.8131668436110542f,1.0779699252023094f,2.673909875248993f,-0.9072026423694203f,0.7308445725106657f,2.7896390529282264f,0f,0f,0f,1f], start_interpolation: 0, interpolation_duration: 1 }
$data merge entity $(bone_leftwing1) { transformation: [-1.6072414834629423f,0.39124385199029077f,1.124145480850071f,1.9601912876639767f,-0.05951543213924526f,1.8600920588965477f,-0.7324721467518613f,0.9886967769934414f,-1.188794653072227f,-0.6220818119104596f,-1.4831660365977513f,1.0064470733198858f,0f,0f,0f,1f], start_interpolation: 0, interpolation_duration: 1 }
$data merge entity $(bone_leftwing) { transformation: [-0.8484608584426513f,-0.784894697869619f,0.15863667942197346f,0.6874999999999999f,-0.7841311846622944f,0.7675048467807536f,-0.3964665263540794f,-0.1875f,0.16236861778674286f,-0.39495282570874524f,-1.0857070546578445f,1.25f,0f,0f,0f,1f], start_interpolation: 0, interpolation_duration: 1 }
$data merge entity $(bone_rightwing20) { transformation: [-2.53816427644987f,-0.5787148644023051f,-1.4051858676291316f,-4.37105351285839f,-0.025700206527497008f,2.7513861704511435f,-1.0867151197741498f,1.0779699252023094f,1.5194728415635657f,-0.9201626801175552f,-2.3656371312990356f,2.7896390529282256f,0f,0f,0f,1f], start_interpolation: 0, interpolation_duration: 1 }
$data merge entity $(bone_rightwing21) { transformation: [-2.7739631816949406f,-0.5787148644023051f,0.8496784588488814f,-4.37105351285839f,-0.7995703008701811f,2.7513861704511435f,-0.7364085728233132f,1.0779699252023094f,-0.6461824136250988f,-0.9201626801175552f,-2.7363269251958235f,2.7896390529282256f,0f,0f,0f,1f], start_interpolation: 0, interpolation_duration: 1 }
$data merge entity $(bone_rightwing22) { transformation: [-1.3157492105690558f,-0.5787148644023051f,2.585658374905284f,-4.37105351285839f,-1.0851561980122835f,2.7513861704511435f,0.0636103613951925f,1.0779699252023094f,-2.417224886499712f,-0.9201626801175552f,-1.4359876745001836f,2.7896390529282256f,0f,0f,0f,1f], start_interpolation: 0, interpolation_duration: 1 }
$data merge entity $(bone_rightwing23) { transformation: [0.9326472445369024f,-0.570563950819174f,2.7039915568891435f,-4.37105351285839f,-0.698082760672457f,2.712634252557465f,0.8131668436110542f,1.0779699252023094f,-2.6739098752489925f,-0.9072026423694206f,0.7308445725106661f,2.7896390529282256f,0f,0f,0f,1f], start_interpolation: 0, interpolation_duration: 1 }
$data merge entity $(bone_rightwing1) { transformation: [-1.6072414834629425f,-0.39124385199029077f,-1.1241454808500708f,-1.960191287663977f,0.05951543213924526f,1.8600920588965477f,-0.7324721467518613f,0.9886967769934414f,1.1887946530722269f,-0.6220818119104599f,-1.4831660365977515f,1.0064470733198854f,0f,0f,0f,1f], start_interpolation: 0, interpolation_duration: 1 }
$data merge entity $(bone_rightwing) { transformation: [-0.8484608584426513f,0.784894697869619f,-0.1586366794219732f,-0.6875000000000001f,0.7841311846622944f,0.7675048467807536f,-0.3964665263540794f,-0.1875f,-0.16236861778674305f,-0.3949528257087451f,-1.0857070546578445f,1.25f,0f,0f,0f,1f], start_interpolation: 0, interpolation_duration: 1 }
$data merge entity $(bone_head) { transformation: [-1.2269070000000002f,6.199691610471491e-18f,1.501248135059269e-16f,-4.37720315617007e-16f,0f,1.2258621311095548f,-0.05062432380330363f,-0.6553502981135745f,-1.5025277304014817e-16f,-0.05062432380330363f,-1.2258621311095548f,3.5742576220487803f,0f,0f,0f,1f], start_interpolation: 0, interpolation_duration: 1 }
$data merge entity $(bone_neck4) { transformation: [-1.0497600000000002f,1.2690810640630154e-17f,1.2793059447875506e-16f,-4.293280656295651e-16f,0f,1.0446325795145615f,-0.10362833307910488f,-0.6291823008211885f,-1.2855852238729257e-16f,-0.10362833307910488f,-1.0446325795145615f,3.505729700420398f,0f,0f,0f,1f], start_interpolation: 0, interpolation_duration: 1 }
$data merge entity $(bone_neck3) { transformation: [-1.1664000000000003f,2.7852352459520614e-17f,1.4010108041019959e-16f,-3.6803384295010277e-16f,0f,1.14401213891012f,-0.22743171728299547f,-0.728683677132499f,-1.428428026525473e-16f,-0.22743171728299547f,-1.14401213891012f,3.005224389647221f,0f,0f,0f,1f], start_interpolation: 0, interpolation_duration: 1 }
$data merge entity $(bone_neck2) { transformation: [-1.2960000000000003f,3.443944729878039e-17f,1.549326619564394e-16f,-3.293006774609929e-16f,0f,1.265121193019159f,-0.28121942851407017f,-0.7989885342610166f,-1.58714225169497e-16f,-0.28121942851407017f,-1.265121193019159f,2.688944091392431f,0f,0f,0f,1f], start_interpolation: 0, interpolation_duration: 1 }
$data merge entity $(bone_neck1) { transformation: [-1.4400000000000002f,2.5745182520821846e-17f,1.7445975017248493e-16f,-2.856857399178717e-16f,0f,1.4245719687827594f,-0.21022536896962163f,-0.851544876503422f,-1.7634913907721887e-16f,-0.21022536896962163f,-1.4245719687827594f,2.3328010991967414f,0f,0f,0f,1f], start_interpolation: 0, interpolation_duration: 1 }
$data merge entity $(bone_neck0) { transformation: [-1.6f,8.473909788639817e-18f,1.957601677794478e-16f,-2.372753173347997e-16f,0f,1.598503077913923f,-0.06919472450783101f,-0.96875f,-1.9594348786357652e-16f,-0.06919472450783101f,-1.598503077913923f,1.9375f,0f,0f,0f,1f], start_interpolation: 0, interpolation_duration: 1 }
$data merge entity $(bone_frontlegl) { transformation: [-0.9925461516413221f,-0.11118231993256761f,0.04990619797594249f,0.42929807287844335f,8.673617379884035e-19f,0.40950575904911724f,0.9123075321982201f,-0.7613756176745317f,-0.12186934340514757f,0.9055073301967349f,-0.40645336521915987f,1.5023249373512642f,0f,0f,0f,1f], start_interpolation: 0, interpolation_duration: 1 }
$data merge entity $(bone_frontlegtipleft) { transformation: [-0.9925461516413221f,-0.07133361452532125f,0.09881119521974555f,0.7975846933243982f,8.673617379884035e-19f,0.810796156431675f,0.5853286194229896f,-1.149821678540198f,-0.12186934340514757f,0.5809656686538165f,-0.8047526048318343f,0.554248377682687f,0f,0f,0f,1f], start_interpolation: 0, interpolation_duration: 1 }
$data merge entity $(bone_frontfootleftd) { transformation: [-0.9925461516413221f,-0.11970024384842619f,-0.022890794757479654f,0.8940175857171054f,-8.481661901645693e-17f,-0.1878306235012726f,0.9822014339610402f,-2.7092885657212844f,-0.12186934340514742f,0.9748802534146184f,0.18643056251657847f,-0.3179487907442793f,0f,0f,0f,1f], start_interpolation: 0, interpolation_duration: 1 }
$data merge entity $(bone_frontfootleft) { transformation: [0.9925461516413221f,0.1181593310002838f,0.029841403444998183f,0.9099693533734509f,1.1480379888456344e-16f,-0.2448639059766845f,0.9695574596432341f,-2.261930818841409f,0.12186934340514753f,-0.9623305253640285f,-0.24303872755302047f,-0.3610512269469539f,0f,0f,0f,1f], start_interpolation: 0, interpolation_duration: 1 }
$data merge entity $(bone_frontlegr) { transformation: [-0.9925461516413221f,0.11118231993256739f,-0.04990619797594239f,-0.8735258007836382f,-8.673617379884035e-19f,0.40950575904911724f,0.9123075321982201f,-0.8009978200258304f,0.12186934340514732f,0.9055073301967349f,-0.40645336521915987f,1.547201376538854f,0f,0f,0f,1f], start_interpolation: 0, interpolation_duration: 1 }
$data merge entity $(bone_frontlegtipright) { transformation: [-0.9925461516413221f,0.07133361452532111f,-0.09881119521974534f,-0.7492132411705472f,-8.673617379884035e-19f,0.810796156431675f,0.5853286194229896f,-1.1135884312995095f,0.12186934340514732f,0.5809656686538165f,-0.8047526048318343f,0.508268665344839f,0f,0f,0f,1f], start_interpolation: 0, interpolation_duration: 1 }
$data merge entity $(bone_frontfootrightd) { transformation: [-0.9925461516413221f,0.11970024384842629f,0.02289079475747949f,-0.8582589263486424f,-8.655134249243374e-17f,-0.1878306235012726f,0.9822014339610402f,-2.664949907624445f,0.12186934340514748f,0.9748802534146184f,0.18643056251657847f,-0.29302288549226f,0f,0f,0f,1f], start_interpolation: 0, interpolation_duration: 1 }
$data merge entity $(bone_frontfootright) { transformation: [0.9925461516413221f,-0.11815933100028357f,-0.029841403444998364f,-0.854403598132683f,1.1653852236054025e-16f,-0.2448639059766845f,0.9695574596432341f,-2.205170407511986f,-0.12186934340514737f,-0.9623305253640285f,-0.24303872755302047f,-0.3484380426371043f,0f,0f,0f,1f], start_interpolation: 0, interpolation_duration: 1 }
$data merge entity $(bone_rearlegl) { transformation: [-1.080694387781476f,0.04839933123174683f,-0.058036678618361176f,0.0009190774721108408f,3.758567531283082e-18f,0.8319898570453323f,0.6938328248827657f,-0.392261139823956f,0.07556951322280225f,0.6921426829932671f,-0.8299631715692339f,-1.4606660026884741f,0f,0f,0f,1f], start_interpolation: 0, interpolation_duration: 1 }
$data merge entity $(bone_rearfootleftd) { transformation: [-0.9975640502598242f,0.035061316087245026f,0.06030480696797824f,0.5302226148156616f,3.469446951953614e-18f,-0.8645048083878677f,0.5026245480219369f,-2.2902665712920527f,0.06975647374412516f,0.5014001798847768f,0.8623989181244945f,-3.746988847156327f,0f,0f,0f,1f], start_interpolation: 0, interpolation_duration: 1 }
$data merge entity $(bone_rearfootleft) { transformation: [-0.9975640502598242f,0.05357231872464111f,0.04467630575238166f,0.5676341148610041f,3.469446951953614e-18f,-0.6404610691225526f,0.7679906372726147f,-1.8423306418074494f,0.06975647374412516f,0.7661198506792931f,0.6389009381476308f,-3.211979470844919f,0f,0f,0f,1f], start_interpolation: 0, interpolation_duration: 1 }
$data merge entity $(bone_rearlegtipleft) { transformation: [-0.9975640502598242f,0.0686596584590739f,-0.012321401279811685f,0.5747161077588272f,3.469446951953614e-18f,0.176634520331518f,0.9842765090294773f,-1.7272134032902737f,0.06975647374412516f,0.9818788609230458f,-0.17620424751761038f,-2.2147280648430145f,0f,0f,0f,1f], start_interpolation: 0, interpolation_duration: 1 }
$data merge entity $(bone_rearlegr) { transformation: [-1.080694387781476f,-0.04839933123174699f,0.05803667861836139f,-1.3753930819812947f,-3.758567531283082e-18f,0.8319898570453323f,0.6938328248827657f,-0.36718039493041477f,-0.07556951322280253f,0.6921426829932671f,-0.8299631715692339f,-1.5772647876960522f,0f,0f,0f,1f], start_interpolation: 0, interpolation_duration: 1 }
$data merge entity $(bone_rearfootrightd) { transformation: [-0.9975640502598242f,-0.03506131608724516f,-0.06030480696797844f,-0.5330460502175868f,-3.469446951953614e-18f,-0.8645048083878677f,0.5026245480219369f,-2.2651858263985116f,-0.06975647374412541f,0.5014001798847768f,0.8623989181244945f,-3.7676724807657327f,0f,0f,0f,1f], start_interpolation: 0, interpolation_duration: 1 }
$data merge entity $(bone_rearfootright) { transformation: [-0.9975640502598242f,-0.053572318724641306f,-0.04467630575238181f,-0.5704575502629294f,-3.469446951953614e-18f,-0.6404610691225526f,0.7679906372726147f,-1.8172498969139081f,-0.06975647374412541f,0.7661198506792931f,0.6389009381476308f,-3.232663104454325f,0f,0f,0f,1f], start_interpolation: 0, interpolation_duration: 1 }
$data merge entity $(bone_rearlegtipright) { transformation: [-0.9975640502598242f,-0.06865965845907414f,0.01232140127981174f,-0.7022350494432308f,-3.469446951953614e-18f,0.176634520331518f,0.9842765090294773f,-1.7021326583967324f,-0.06975647374412541f,0.9818788609230458f,-0.17620424751761038f,-2.244131257670436f,0f,0f,0f,1f], start_interpolation: 0, interpolation_duration: 1 }
$data merge entity $(bone_tail11) { transformation: [-0.2937340837125001f,6.995747079127093e-20f,4.076451013767292e-17f,1.0107230716284063e-15f,0f,0.29376434651294037f,0.0016210177866308097f,0.08073365020701831f,-3.5972050541899386e-17f,-0.0005712461000182065f,-0.33286748608704775f,-8.253180201280166f,0f,0f,0f,1f], start_interpolation: 0, interpolation_duration: 1 }
$data merge entity $(bone_tail10) { transformation: [-0.39164544495000014f,-1.6644577058538794e-18f,5.432726869824658e-17f,9.801639829856427e-16f,0f,0.39141103804183125f,0.014826767777595503f,0.07239359333212084f,-4.796273405586585e-17f,0.01359132859378508f,-0.44361581425821167f,-8.003646305759922f,0f,0f,0f,1f], start_interpolation: 0, interpolation_duration: 1 }
$data merge entity $(bone_tail9) { transformation: [-0.48955680618750014f,-5.986778860228718e-18f,6.767666660937826e-17f,9.420958580178675e-16f,0f,0.48738527808951704f,0.04667058416345561f,0.04614138974017705f,-5.99534175698323e-17f,0.04888575926052268f,-0.5526219205120806f,-7.6927964754718765f,0f,0f,0f,1f], start_interpolation: 0, interpolation_duration: 1 }
$data merge entity $(bone_tail8) { transformation: [-0.5759491837500001f,-1.2545751228274115e-17f,7.893981067985377e-17f,8.976922145104497e-16f,0f,0.5682087753065451f,0.09452358642509598f,-0.007028127623939437f,-7.053343243509683e-17f,0.10244383308729468f,-0.6445924713543099f,-7.330213210335077f,0f,0f,0f,1f], start_interpolation: 0, interpolation_duration: 1 }
$data merge entity $(bone_tail7) { transformation: [-0.6775872750000002f,-2.075266690205817e-17f,9.171739511132227e-17f,8.461011797603309e-16f,0f,0.6598598509587748f,0.15433109007578685f,-0.09383936579156954f,-8.298050874717275e-17f,0.1694583851973237f,-0.7489293662072972f,-6.908940441843472f,0f,0f,0f,1f], start_interpolation: 0, interpolation_duration: 1 }
$data merge entity $(bone_tail6) { transformation: [-0.7971615000000002f,-2.9270559882897213e-17f,1.0668804928321101e-16f,7.860891520385247e-16f,0f,0.7672986013534716f,0.21649391495845866f,-0.21561719295570253f,-9.76241279378503e-17f,0.23901225972481627f,-0.8711740344848111f,-6.418905047445766f,0f,0f,0f,1f], start_interpolation: 0, interpolation_duration: 1 }
$data merge entity $(bone_tail5) { transformation: [-0.8857350000000002f,-3.4296232443887804e-17f,1.1804141338687466e-16f,7.196908570084077e-16f,0f,0.8488521844718505f,0.25330222439622624f,-0.3580996941785798f,-1.0847125326427811e-16f,0.28004999047697815f,-0.9638812878052648f,-5.876721823055305f,0f,0f,0f,1f], start_interpolation: 0, interpolation_duration: 1 }
$data merge entity $(bone_tail4) { transformation: [-0.9841500000000002f,-3.563799111350129e-17f,1.3184939519903873e-16f,6.455255722089485e-16f,0f,0.9482864948915471f,0.263691163556997f,-0.5064259736793906f,-1.205236147380868e-16f,0.2910062814708196f,-1.0766320157847746f,-5.271116314176369f,0f,0f,0f,1f], start_interpolation: 0, interpolation_duration: 1 }
$data merge entity $(bone_tail3) { transformation: [-1.0935000000000001f,-3.2501468670936186e-17f,1.4823525512286593e-16f,5.621432412023363e-16f,0f,1.0665311945329412f,0.24194272129283173f,-0.6425187544066084f,-1.339151274867631e-16f,0.2653946320977197f,-1.2104327159967518f,-4.590247911428196f,0f,0f,0f,1f], start_interpolation: 0, interpolation_duration: 1 }
$data merge entity $(bone_tail2) { transformation: [-1.215f,-2.513073323112654e-17f,1.6673508887148127e-16f,4.683547537121281e-16f,0f,1.2002305327932412f,0.18979153768953888f,-0.7492764943569741f,-1.4879458609640342e-16f,0.20520800975941417f,-1.3614953224682314f,-3.8244067925398153f,0f,0f,0f,1f], start_interpolation: 0, interpolation_duration: 1 }
$data merge entity $(bone_tail1) { transformation: [-1.35f,-1.5114427685504283e-17f,1.8674304791483771e-16f,3.6331178926003186e-16f,0f,1.344935772429138f,0.1186542426936871f,-0.8160195058721731f,-1.6532731788489269e-16f,0.12341866810926655f,-1.524872706521223f,-2.9666658951216274f,0f,0f,0f,1f], start_interpolation: 0, interpolation_duration: 1 }
$data merge entity $(bone_tail0) { transformation: [-1.5f,-5.297111514594893e-18f,2.0810338053673325e-16f,2.4492935982947064e-16f,0f,1.4993762284210983f,0.04902142441440265f,-0.46875f,-1.8369701987210297e-16f,0.04325419801270822f,-1.6992930588772446f,-2f,0f,0f,0f,1f], start_interpolation: 0, interpolation_duration: 1 }