# This file was generated by Animated Java via MC-Build. It is not recommended to edit this file directly.
$data merge entity $(bone_leftwing20) {transformation: [-2.4039f,-0.2448f,1.7068f,3.8867f,-0.783f,2.764f,-0.7064f,2.1227f,-1.5362f,-1.0258f,-2.3107f,3.8632f,0f,0f,0f,1f],start_interpolation: 0,interpolation_duration: 1}
$data merge entity $(bone_leftwing21) {transformation: [-2.8975f,-0.2448f,-0.5435f,3.8867f,-0.0358f,2.7638f,-1.0539f,2.1227f,0.595f,-1.0257f,-2.7101f,3.8632f,0f,0f,0f,1f],start_interpolation: 0,interpolation_duration: 1}
$data merge entity $(bone_leftwing22) {transformation: [-1.6249f,-0.2452f,-2.4666f,3.8867f,0.7347f,2.7692f,-0.7593f,2.1227f,2.3674f,-1.0277f,-1.4574f,3.8632f,0f,0f,0f,1f],start_interpolation: 0,interpolation_duration: 1}
$data merge entity $(bone_leftwing23) {transformation: [0.6353f,-0.2413f,-2.8364f,3.8867f,1.0397f,2.7251f,0.001f,2.1227f,2.65f,-1.0113f,0.6796f,3.8632f,0f,0f,0f,1f],start_interpolation: 0,interpolation_duration: 1}
$data merge entity $(bone_leftwing1) {transformation: [-1.4956f,-0.1655f,1.3174f,1.6432f,-0.5764f,1.8686f,-0.4196f,1.2581f,-1.1962f,-0.6935f,-1.4451f,2.0689f,0f,0f,0f,1f],start_interpolation: 0,interpolation_duration: 1}
$data merge entity $(bone_leftwing) {transformation: [-0.6371f,-0.9337f,0.2887f,0.6875f,-0.9637f,0.543f,-0.3707f,-0.1875f,0.1624f,-0.4409f,-1.0679f,2.3125f,0f,0f,0f,1f],start_interpolation: 0,interpolation_duration: 1}
$data merge entity $(bone_rightwing20) {transformation: [-2.4039f,0.2448f,-1.7068f,-3.8867f,0.783f,2.764f,-0.7064f,2.1227f,1.5362f,-1.0258f,-2.3107f,3.8632f,0f,0f,0f,1f],start_interpolation: 0,interpolation_duration: 1}
$data merge entity $(bone_rightwing21) {transformation: [-2.8976f,0.2448f,0.5436f,-3.8867f,0.0358f,2.764f,-1.054f,2.1227f,-0.5951f,-1.0258f,-2.7102f,3.8632f,0f,0f,0f,1f],start_interpolation: 0,interpolation_duration: 1}
$data merge entity $(bone_rightwing22) {transformation: [-1.6219f,0.2448f,2.462f,-3.8867f,-0.7333f,2.764f,-0.7579f,2.1227f,-2.363f,-1.0258f,-1.4546f,3.8632f,0f,0f,0f,1f],start_interpolation: 0,interpolation_duration: 1}
$data merge entity $(bone_rightwing23) {transformation: [0.6353f,0.2413f,2.8364f,-3.8867f,-1.0397f,2.7251f,0.001f,2.1227f,-2.65f,-1.0113f,0.6796f,3.8632f,0f,0f,0f,1f],start_interpolation: 0,interpolation_duration: 1}
$data merge entity $(bone_rightwing1) {transformation: [-1.4956f,0.1655f,-1.3174f,-1.6432f,0.5764f,1.8686f,-0.4196f,1.2581f,1.1962f,-0.6935f,-1.4451f,2.0689f,0f,0f,0f,1f],start_interpolation: 0,interpolation_duration: 1}
$data merge entity $(bone_rightwing) {transformation: [-0.6371f,0.9337f,-0.2887f,-0.6875f,0.9637f,0.543f,-0.3707f,-0.1875f,-0.1624f,-0.4409f,-1.0679f,2.3125f,0f,0f,0f,1f],start_interpolation: 0,interpolation_duration: 1}
$data merge entity $(bone_eyebrow) {transformation: [-0.8923f,0f,0f,0f,0f,0.892f,-0.0232f,-0.1793f,0f,-0.0232f,-0.892f,6.2357f,0f,0f,0f,1f],start_interpolation: 0,interpolation_duration: 1}
$data merge entity $(bone_head) {transformation: [-1.2269f,0f,0f,0f,0f,1.2265f,-0.0319f,-0.6504f,0f,-0.0319f,-1.2265f,4.6341f,0f,0f,0f,1f],start_interpolation: 0,interpolation_duration: 1}
$data merge entity $(bone_neck4) {transformation: [-1.0498f,0f,0f,0f,0f,1.0469f,-0.077f,-0.6225f,0f,-0.077f,-1.0469f,4.5662f,0f,0f,0f,1f],start_interpolation: 0,interpolation_duration: 1}
$data merge entity $(bone_neck3) {transformation: [-1.1664f,0f,0f,0f,0f,1.1482f,-0.2053f,-0.7123f,0f,-0.2053f,-1.1482f,4.0639f,0f,0f,0f,1f],start_interpolation: 0,interpolation_duration: 1}
$data merge entity $(bone_neck2) {transformation: [-1.296f,0f,0f,0f,0f,1.2643f,-0.2847f,-0.7835f,0f,-0.2847f,-1.2643f,3.7478f,0f,0f,0f,1f],start_interpolation: 0,interpolation_duration: 1}
$data merge entity $(bone_neck1) {transformation: [-1.44f,0f,0f,0f,0f,1.4198f,-0.2406f,-0.8436f,0f,-0.2406f,-1.4198f,3.3929f,0f,0f,0f,1f],start_interpolation: 0,interpolation_duration: 1}
$data merge entity $(bone_neck0) {transformation: [-1.6f,0f,0f,0f,0f,1.5968f,-0.1012f,-0.9687f,0f,-0.1012f,-1.5968f,3f,0f,0f,0f,1f],start_interpolation: 0,interpolation_duration: 1}
$data merge entity $(bone_frontlegl) {transformation: [-0.9925f,-0.1115f,0.0492f,0.4293f,0f,0.4034f,0.915f,-0.7617f,-0.1219f,0.9082f,-0.4004f,2.5652f,0f,0f,0f,1f],start_interpolation: 0,interpolation_duration: 1}
$data merge entity $(bone_frontlegtipleft) {transformation: [-0.9925f,-0.072f,0.0983f,0.7979f,0f,0.8069f,0.5907f,-1.1435f,-0.1219f,0.5863f,-0.8009f,1.6145f,0f,0f,0f,1f],start_interpolation: 0,interpolation_duration: 1}
$data merge entity $(bone_frontfootleftd) {transformation: [-0.9925f,-0.1195f,-0.0237f,0.8956f,0f,-0.1944f,0.9809f,-2.6971f,-0.1219f,0.9736f,0.1929f,0.732f,0f,0f,0f,1f],start_interpolation: 0,interpolation_duration: 1}
$data merge entity $(bone_frontfootleft) {transformation: [0.9925f,0.1184f,0.0291f,0.9111f,0f,-0.2384f,0.9712f,-2.2494f,0.1219f,-0.9639f,-0.2366f,0.6919f,0f,0f,0f,1f],start_interpolation: 0,interpolation_duration: 1}
$data merge entity $(bone_frontlegr) {transformation: [-0.9925f,0.1115f,-0.0492f,-0.8735f,0f,0.4034f,0.915f,-0.8008f,0.1219f,0.9082f,-0.4004f,2.6098f,0f,0f,0f,1f],start_interpolation: 0,interpolation_duration: 1}
$data merge entity $(bone_frontlegtipright) {transformation: [-0.9925f,0.072f,-0.0983f,-0.7495f,0f,0.8069f,0.5907f,-1.1066f,0.1219f,0.5863f,-0.8009f,1.5688f,0f,0f,0f,1f],start_interpolation: 0,interpolation_duration: 1}
$data merge entity $(bone_frontfootrightd) {transformation: [-0.9925f,0.1195f,0.0237f,-0.8598f,0f,-0.1944f,0.9809f,-2.6525f,0.1219f,0.9736f,0.1929f,0.7572f,0f,0f,0f,1f],start_interpolation: 0,interpolation_duration: 1}
$data merge entity $(bone_frontfootright) {transformation: [0.9925f,-0.1184f,-0.0291f,-0.8555f,0f,-0.2384f,0.9712f,-2.1924f,-0.1219f,-0.9639f,-0.2366f,0.7049f,0f,0f,0f,1f],start_interpolation: 0,interpolation_duration: 1}
$data merge entity $(bone_rearlegl) {transformation: [-1.0807f,0.0488f,-0.0577f,0.001f,0f,0.8273f,0.6994f,-0.3922f,0.0756f,0.6977f,-0.8253f,-0.3966f,0f,0f,0f,1f],start_interpolation: 0,interpolation_duration: 1}
$data merge entity $(bone_rearfootleftd) {transformation: [-0.9976f,0.0347f,0.0605f,0.5294f,0f,-0.8678f,0.4968f,-2.2751f,0.0698f,0.4956f,0.8657f,-2.6955f,0f,0f,0f,1f],start_interpolation: 0,interpolation_duration: 1}
$data merge entity $(bone_rearfootleft) {transformation: [-0.9976f,0.0533f,0.045f,0.5671f,0f,-0.6456f,0.7637f,-1.8308f,0.0698f,0.7618f,0.644f,-2.1576f,0f,0f,0f,1f],start_interpolation: 0,interpolation_duration: 1}
$data merge entity $(bone_rearlegtipleft) {transformation: [-0.9976f,0.0687f,-0.0119f,0.5742f,0f,0.1701f,0.9854f,-1.7223f,0.0698f,0.983f,-0.1696f,-1.1596f,0f,0f,0f,1f],start_interpolation: 0,interpolation_duration: 1}
$data merge entity $(bone_rearlegr) {transformation: [-1.0807f,-0.0488f,0.0577f,-1.3755f,0f,0.8273f,0.6994f,-0.367f,-0.0756f,0.6977f,-0.8253f,-0.513f,0f,0f,0f,1f],start_interpolation: 0,interpolation_duration: 1}
$data merge entity $(bone_rearfootrightd) {transformation: [-0.9976f,-0.0605f,0.0347f,-0.5323f,0f,0.4968f,0.8678f,-2.2499f,-0.0698f,0.8657f,-0.4956f,-2.7161f,0f,0f,0f,1f],start_interpolation: 0,interpolation_duration: 1}
$data merge entity $(bone_rearfootright) {transformation: [-0.9976f,-0.0533f,-0.045f,-0.5699f,0f,-0.6456f,0.7637f,-1.8056f,-0.0698f,0.7618f,0.644f,-2.1781f,0f,0f,0f,1f],start_interpolation: 0,interpolation_duration: 1}
$data merge entity $(bone_rearlegtipright) {transformation: [-0.9976f,-0.0687f,0.0119f,-0.7017f,0f,0.1701f,0.9854f,-1.6971f,-0.0698f,0.983f,-0.1696f,-1.1888f,0f,0f,0f,1f],start_interpolation: 0,interpolation_duration: 1}
$data merge entity $(bone_tail11) {transformation: [-0.2937f,0f,0f,0f,0f,0.2938f,-0.0018f,0.0835f,0f,-0.0055f,-0.3328f,-7.2003f,0f,0f,0f,1f],start_interpolation: 0,interpolation_duration: 1}
$data merge entity $(bone_tail10) {transformation: [-0.3916f,0f,0f,0f,0f,0.3917f,0.0046f,0.0809f,0f,0.0005f,-0.4438f,-6.9507f,0f,0f,0f,1f],start_interpolation: 0,interpolation_duration: 1}
$data merge entity $(bone_tail9) {transformation: [-0.4896f,0f,0f,0f,0f,0.4888f,0.029f,0.0646f,0f,0.027f,-0.5541f,-6.639f,0f,0f,0f,1f],start_interpolation: 0,interpolation_duration: 1}
$data merge entity $(bone_tail8) {transformation: [-0.5759f,0f,0f,0f,0f,0.5716f,0.0719f,0.0241f,0f,0.0746f,-0.6483f,-6.2743f,0f,0f,0f,1f],start_interpolation: 0,interpolation_duration: 1}
$data merge entity $(bone_tail7) {transformation: [-0.6776f,0f,0f,0f,0f,0.665f,0.1308f,-0.0495f,0f,0.1402f,-0.7549f,-5.8497f,0f,0f,0f,1f],start_interpolation: 0,interpolation_duration: 1}
$data merge entity $(bone_tail6) {transformation: [-0.7972f,0f,0f,0f,0f,0.7726f,0.1973f,-0.1604f,0f,0.2142f,-0.8775f,-5.3561f,0f,0f,0f,1f],start_interpolation: 0,interpolation_duration: 1}
$data merge entity $(bone_tail5) {transformation: [-0.8857f,0f,0f,0f,0f,0.8515f,0.2447f,-0.2981f,0f,0.2669f,-0.9675f,-4.8119f,0f,0f,0f,1f],start_interpolation: 0,interpolation_duration: 1}
$data merge entity $(bone_tail4) {transformation: [-0.9842f,0f,0f,0f,0f,0.947f,0.2686f,-0.4492f,0f,0.2929f,-1.076f,-4.2066f,0f,0f,0f,1f],start_interpolation: 0,interpolation_duration: 1}
$data merge entity $(bone_tail3) {transformation: [-1.0935f,0f,0f,0f,0f,1.0623f,0.2607f,-0.5958f,0f,0.2825f,-1.2064f,-3.528f,0f,0f,0f,1f],start_interpolation: 0,interpolation_duration: 1}
$data merge entity $(bone_tail2) {transformation: [-1.215f,0f,0f,0f,0f,1.1955f,0.2187f,-0.7188f,0f,0.2334f,-1.3568f,-2.7648f,0f,0f,0f,1f],start_interpolation: 0,interpolation_duration: 1}
$data merge entity $(bone_tail1) {transformation: [-1.35f,0f,0f,0f,0f,1.342f,0.1499f,-0.8031f,0f,0.1537f,-1.522f,-1.9087f,0f,0f,0f,1f],start_interpolation: 0,interpolation_duration: 1}
$data merge entity $(bone_tail0) {transformation: [-1.5f,0f,0f,0f,0f,1.4987f,0.0717f,-0.4687f,0f,0.0633f,-1.6985f,-0.9375f,0f,0f,0f,1f],start_interpolation: 0,interpolation_duration: 1}