# This file was generated by Animated Java via MC-Build. It is not recommended to edit this file directly.
$data merge entity $(bone_leftwing20) {transformation: [-2.088f,-1.0092f,1.8367f,3.2435f,-1.479f,2.5465f,-0.2821f,2.9425f,-1.4848f,-1.1173f,-2.3019f,3.8104f,0f,0f,0f,1f],start_interpolation: 0,interpolation_duration: 1}
$data merge entity $(bone_leftwing21) {transformation: [-2.7715f,-1.0091f,-0.2261f,3.2435f,-0.8244f,2.5464f,-1.2598f,2.9425f,0.6244f,-1.1173f,-2.667f,3.8104f,0f,0f,0f,1f],start_interpolation: 0,interpolation_duration: 1}
$data merge entity $(bone_leftwing22) {transformation: [-1.766f,-1.0111f,-2.1549f,3.2435f,0.3342f,2.5513f,-1.471f,2.9425f,2.3567f,-1.1194f,-1.4062f,3.8104f,0f,0f,0f,1f],start_interpolation: 0,interpolation_duration: 1}
$data merge entity $(bone_leftwing23) {transformation: [0.3182f,-0.995f,-2.7232f,3.2435f,1.2697f,2.5107f,-0.769f,2.9425f,2.6064f,-1.1016f,0.707f,3.8104f,0f,0f,0f,1f],start_interpolation: 0,interpolation_duration: 1}
$data merge entity $(bone_leftwing1) {transformation: [-1.2741f,-0.6823f,1.3825f,1.3323f,-1.0143f,1.7216f,-0.0852f,1.421f,-1.161f,-0.7554f,-1.4428f,2.0689f,0f,0f,0f,1f],start_interpolation: 0,interpolation_duration: 1}
$data merge entity $(bone_leftwing) {transformation: [-0.4299f,-1.0154f,0.3811f,0.6875f,-1.0724f,0.3366f,-0.3129f,-0.1875f,0.1624f,-0.4656f,-1.0573f,2.3125f,0f,0f,0f,1f],start_interpolation: 0,interpolation_duration: 1}
$data merge entity $(bone_rightwing20) {transformation: [-2.088f,1.0092f,-1.8367f,-3.2435f,1.479f,2.5465f,-0.2821f,2.9425f,1.4848f,-1.1173f,-2.3019f,3.8104f,0f,0f,0f,1f],start_interpolation: 0,interpolation_duration: 1}
$data merge entity $(bone_rightwing21) {transformation: [-2.7717f,1.0092f,0.2261f,-3.2435f,0.8244f,2.5465f,-1.2598f,2.9425f,-0.6244f,-1.1173f,-2.6671f,3.8104f,0f,0f,0f,1f],start_interpolation: 0,interpolation_duration: 1}
$data merge entity $(bone_rightwing22) {transformation: [-1.7627f,1.0092f,2.1508f,-3.2435f,-0.3335f,2.5465f,-1.4682f,2.9425f,-2.3523f,-1.1173f,-1.4036f,3.8104f,0f,0f,0f,1f],start_interpolation: 0,interpolation_duration: 1}
$data merge entity $(bone_rightwing23) {transformation: [0.3182f,0.995f,2.7232f,-3.2435f,-1.2697f,2.5107f,-0.769f,2.9425f,-2.6064f,-1.1016f,0.707f,3.8104f,0f,0f,0f,1f],start_interpolation: 0,interpolation_duration: 1}
$data merge entity $(bone_rightwing1) {transformation: [-1.2741f,0.6823f,-1.3825f,-1.3323f,1.0143f,1.7216f,-0.0852f,1.421f,1.161f,-0.7554f,-1.4428f,2.0689f,0f,0f,0f,1f],start_interpolation: 0,interpolation_duration: 1}
$data merge entity $(bone_rightwing) {transformation: [-0.4299f,1.0154f,-0.3811f,-0.6875f,1.0724f,0.3366f,-0.3129f,-0.1875f,-0.1624f,-0.4656f,-1.0573f,2.3125f,0f,0f,0f,1f],start_interpolation: 0,interpolation_duration: 1}
$data merge entity $(bone_eyebrow) {transformation: [-0.8923f,0f,0f,0f,0f,0.8923f,-0.0084f,-0.2134f,0f,-0.0084f,-0.8923f,6.2423f,0f,0f,0f,1f],start_interpolation: 0,interpolation_duration: 1}
$data merge entity $(bone_head) {transformation: [-1.2269f,0f,0f,0f,0f,1.2269f,-0.0115f,-0.6579f,0f,-0.0115f,-1.2269f,4.6332f,0f,0f,0f,1f],start_interpolation: 0,interpolation_duration: 1}
$data merge entity $(bone_neck4) {transformation: [-1.0498f,0f,0f,0f,0f,1.0487f,-0.0465f,-0.628f,0f,-0.0465f,-1.0487f,4.5662f,0f,0f,0f,1f],start_interpolation: 0,interpolation_duration: 1}
$data merge entity $(bone_neck3) {transformation: [-1.1664f,0f,0f,0f,0f,1.1535f,-0.1729f,-0.7037f,0f,-0.1729f,-1.1535f,4.0615f,0f,0f,0f,1f],start_interpolation: 0,interpolation_duration: 1}
$data merge entity $(bone_neck2) {transformation: [-1.296f,0f,0f,0f,0f,1.2666f,-0.2743f,-0.7723f,0f,-0.2743f,-1.2666f,3.7448f,0f,0f,0f,1f],start_interpolation: 0,interpolation_duration: 1}
$data merge entity $(bone_neck1) {transformation: [-1.44f,0f,0f,0f,0f,1.4165f,-0.2591f,-0.837f,0f,-0.2591f,-1.4165f,3.3907f,0f,0f,0f,1f],start_interpolation: 0,interpolation_duration: 1}
$data merge entity $(bone_neck0) {transformation: [-1.6f,0f,0f,0f,0f,1.5949f,-0.1282f,-0.9687f,0f,-0.1282f,-1.5949f,3f,0f,0f,0f,1f],start_interpolation: 0,interpolation_duration: 1}
$data merge entity $(bone_frontlegl) {transformation: [-0.9925f,-0.1118f,0.0485f,0.4292f,0f,0.3982f,0.9173f,-0.7619f,-0.1219f,0.9104f,-0.3953f,2.5654f,0f,0f,0f,1f],start_interpolation: 0,interpolation_duration: 1}
$data merge entity $(bone_frontlegtipleft) {transformation: [-0.9925f,-0.0725f,0.0979f,0.7981f,0f,0.8035f,0.5953f,-1.1382f,-0.1219f,0.5908f,-0.7975f,1.6127f,0f,0f,0f,1f],start_interpolation: 0,interpolation_duration: 1}
$data merge entity $(bone_frontfootleftd) {transformation: [-0.9925f,-0.1194f,-0.0244f,0.8968f,0f,-0.1999f,0.9798f,-2.6867f,-0.1219f,0.9725f,0.1984f,0.7215f,0f,0f,0f,1f],start_interpolation: 0,interpolation_duration: 1}
$data merge entity $(bone_frontfootleft) {transformation: [0.9925f,0.1185f,0.0284f,0.9121f,0f,-0.2329f,0.9725f,-2.2388f,0.1219f,-0.9653f,-0.2312f,0.6839f,0f,0f,0f,1f],start_interpolation: 0,interpolation_duration: 1}
$data merge entity $(bone_frontlegr) {transformation: [-0.9925f,0.1118f,-0.0485f,-0.8735f,0f,0.3982f,0.9173f,-0.8006f,0.1219f,0.9104f,-0.3953f,2.6098f,0f,0f,0f,1f],start_interpolation: 0,interpolation_duration: 1}
$data merge entity $(bone_frontlegtipright) {transformation: [-0.9925f,0.0725f,-0.0979f,-0.7497f,0f,0.8035f,0.5953f,-1.1007f,0.1219f,0.5908f,-0.7975f,1.5672f,0f,0f,0f,1f],start_interpolation: 0,interpolation_duration: 1}
$data merge entity $(bone_frontfootrightd) {transformation: [-0.9925f,0.1194f,0.0244f,-0.861f,0f,-0.1999f,0.9798f,-2.642f,0.1219f,0.9725f,0.1984f,0.747f,0f,0f,0f,1f],start_interpolation: 0,interpolation_duration: 1}
$data merge entity $(bone_frontfootright) {transformation: [0.9925f,-0.1185f,-0.0284f,-0.8565f,0f,-0.2329f,0.9725f,-2.1815f,-0.1219f,-0.9653f,-0.2312f,0.6972f,0f,0f,0f,1f],start_interpolation: 0,interpolation_duration: 1}
$data merge entity $(bone_rearlegl) {transformation: [-1.0807f,0.0491f,-0.0574f,0.0011f,0f,0.8234f,0.704f,-0.3921f,0.0756f,0.7023f,-0.8214f,-0.3953f,0f,0f,0f,1f],start_interpolation: 0,interpolation_duration: 1}
$data merge entity $(bone_rearfootleftd) {transformation: [-0.9976f,0.0343f,0.0607f,0.5288f,0f,-0.8706f,0.4919f,-2.2623f,0.0698f,0.4907f,0.8685f,-2.7048f,0f,0f,0f,1f],start_interpolation: 0,interpolation_duration: 1}
$data merge entity $(bone_rearfootleft) {transformation: [-0.9976f,0.053f,0.0453f,0.5666f,0f,-0.6499f,0.76f,-1.821f,0.0698f,0.7582f,0.6483f,-2.1643f,0f,0f,0f,1f],start_interpolation: 0,interpolation_duration: 1}
$data merge entity $(bone_rearlegtipleft) {transformation: [-0.9976f,0.0688f,-0.0115f,0.5738f,0f,0.1645f,0.9864f,-1.7182f,0.0698f,0.984f,-0.1641f,-1.1657f,0f,0f,0f,1f],start_interpolation: 0,interpolation_duration: 1}
$data merge entity $(bone_rearlegr) {transformation: [-1.0807f,-0.0491f,0.0574f,-1.3756f,0f,0.8234f,0.704f,-0.3668f,-0.0756f,0.7023f,-0.8214f,-0.5116f,0f,0f,0f,1f],start_interpolation: 0,interpolation_duration: 1}
$data merge entity $(bone_rearfootrightd) {transformation: [-0.9976f,-0.0607f,0.0343f,-0.5316f,0f,0.4919f,0.8706f,-2.237f,-0.0698f,0.8685f,-0.4907f,-2.7252f,0f,0f,0f,1f],start_interpolation: 0,interpolation_duration: 1}
$data merge entity $(bone_rearfootright) {transformation: [-0.9976f,-0.053f,-0.0453f,-0.5694f,0f,-0.6499f,0.76f,-1.7957f,-0.0698f,0.7582f,0.6483f,-2.1847f,0f,0f,0f,1f],start_interpolation: 0,interpolation_duration: 1}
$data merge entity $(bone_rearlegtipright) {transformation: [-0.9976f,-0.0688f,0.0115f,-0.7013f,0f,0.1645f,0.9864f,-1.6929f,-0.0698f,0.984f,-0.1641f,-1.1948f,0f,0f,0f,1f],start_interpolation: 0,interpolation_duration: 1}
$data merge entity $(bone_tail11) {transformation: [-0.2937f,0f,0f,0f,0f,0.2938f,-0.0051f,0.0404f,0f,-0.0102f,-0.3326f,-7.2152f,0f,0f,0f,1f],start_interpolation: 0,interpolation_duration: 1}
$data merge entity $(bone_tail10) {transformation: [-0.3916f,0f,0f,0f,0f,0.3918f,-0.0058f,0.0437f,0f,-0.0125f,-0.4435f,-6.9657f,0f,0f,0f,1f],start_interpolation: 0,interpolation_duration: 1}
$data merge entity $(bone_tail9) {transformation: [-0.4896f,0f,0f,0f,0f,0.4897f,0.0098f,0.0382f,0f,0.0037f,-0.5546f,-6.6537f,0f,0f,0f,1f],start_interpolation: 0,interpolation_duration: 1}
$data merge entity $(bone_tail8) {transformation: [-0.5759f,0f,0f,0f,0f,0.5744f,0.0456f,0.0125f,0f,0.0429f,-0.6511f,-6.2874f,0f,0f,0f,1f],start_interpolation: 0,interpolation_duration: 1}
$data merge entity $(bone_tail7) {transformation: [-0.6776f,0f,0f,0f,0f,0.6704f,0.1006f,-0.0441f,0f,0.1037f,-0.7607f,-5.8596f,0f,0f,0f,1f],start_interpolation: 0,interpolation_duration: 1}
$data merge entity $(bone_tail6) {transformation: [-0.7972f,0f,0f,0f,0f,0.7795f,0.1683f,-0.1388f,0f,0.1788f,-0.8853f,-5.3616f,0f,0f,0f,1f],start_interpolation: 0,interpolation_duration: 1}
$data merge entity $(bone_tail5) {transformation: [-0.8857f,0f,0f,0f,0f,0.8573f,0.2241f,-0.2648f,0f,0.2407f,-0.9742f,-4.8136f,0f,0f,0f,1f],start_interpolation: 0,interpolation_duration: 1}
$data merge entity $(bone_tail4) {transformation: [-0.9842f,0f,0f,0f,0f,0.9495f,0.2605f,-0.4113f,0f,0.2806f,-1.0791f,-4.2066f,0f,0f,0f,1f],start_interpolation: 0,interpolation_duration: 1}
$data merge entity $(bone_tail3) {transformation: [-1.0935f,0f,0f,0f,0f,1.061f,0.2666f,-0.5613f,0f,0.2858f,-1.2055f,-3.5285f,0f,0f,0f,1f],start_interpolation: 0,interpolation_duration: 1}
$data merge entity $(bone_tail2) {transformation: [-1.215f,0f,0f,0f,0f,1.1922f,0.2367f,-0.6945f,0f,0.25f,-1.3537f,-2.7671f,0f,0f,0f,1f],start_interpolation: 0,interpolation_duration: 1}
$data merge entity $(bone_tail1) {transformation: [-1.35f,0f,0f,0f,0f,1.3393f,0.1736f,-0.7921f,0f,0.1762f,-1.5193f,-1.9124f,0f,0f,0f,1f],start_interpolation: 0,interpolation_duration: 1}
$data merge entity $(bone_tail0) {transformation: [-1.5f,0f,0f,0f,0f,1.4979f,0.0909f,-0.4687f,0f,0.0802f,-1.6976f,-0.9375f,0f,0f,0f,1f],start_interpolation: 0,interpolation_duration: 1}