# This file was generated by Animated Java via MC-Build. It is not recommended to edit this file directly.
$data merge entity $(bone_leftwing20) {transformation: [-1.6777f,-1.6363f,1.8055f,2.5768f,-2.0133f,2.1656f,0.0918f,3.6471f,-1.3724f,-1.1767f,-2.3417f,3.7013f,0f,0f,0f,1f],start_interpolation: 0,interpolation_duration: 1}
$data merge entity $(bone_leftwing21) {transformation: [-2.464f,-1.6362f,0.0473f,2.5768f,-1.4646f,2.1655f,-1.3844f,3.6471f,0.7311f,-1.1766f,-2.6138f,3.7013f,0f,0f,0f,1f],start_interpolation: 0,interpolation_duration: 1}
$data merge entity $(bone_leftwing22) {transformation: [-1.7491f,-1.6394f,-1.7429f,2.5768f,-0.0215f,2.1697f,-2.0191f,3.6471f,2.3927f,-1.1789f,-1.2923f,3.7013f,0f,0f,0f,1f],start_interpolation: 0,interpolation_duration: 1}
$data merge entity $(bone_leftwing23) {transformation: [0.0381f,-1.6132f,-2.4296f,2.5768f,1.4145f,2.1351f,-1.3955f,3.6471f,2.5504f,-1.1601f,0.8103f,3.7013f,0f,0f,0f,1f],start_interpolation: 0,interpolation_duration: 1}
$data merge entity $(bone_leftwing1) {transformation: [-1.0004f,-1.1062f,1.3325f,1.0762f,-1.3472f,1.4641f,0.204f,1.6263f,-1.0882f,-0.7955f,-1.4775f,2.0689f,0f,0f,0f,1f],start_interpolation: 0,interpolation_duration: 1}
$data merge entity $(bone_leftwing) {transformation: [-0.2591f,-1.0541f,0.4276f,0.6875f,-1.1259f,0.1751f,-0.2507f,-0.0625f,0.1624f,-0.4684f,-1.0561f,2.3125f,0f,0f,0f,1f],start_interpolation: 0,interpolation_duration: 1}
$data merge entity $(bone_rightwing20) {transformation: [-1.6777f,1.6363f,-1.8055f,-2.5768f,2.0133f,2.1656f,0.0918f,3.6471f,1.3724f,-1.1767f,-2.3417f,3.7013f,0f,0f,0f,1f],start_interpolation: 0,interpolation_duration: 1}
$data merge entity $(bone_rightwing21) {transformation: [-2.4642f,1.6363f,-0.0473f,-2.5768f,1.4646f,2.1656f,-1.3845f,3.6471f,-0.7311f,-1.1767f,-2.6139f,3.7013f,0f,0f,0f,1f],start_interpolation: 0,interpolation_duration: 1}
$data merge entity $(bone_rightwing22) {transformation: [-1.7458f,1.6363f,1.7397f,-2.5768f,0.0215f,2.1656f,-2.0153f,3.6471f,-2.3882f,-1.1767f,-1.2899f,3.7013f,0f,0f,0f,1f],start_interpolation: 0,interpolation_duration: 1}
$data merge entity $(bone_rightwing23) {transformation: [0.0381f,1.6132f,2.4296f,-2.5768f,-1.4145f,2.1351f,-1.3955f,3.6471f,-2.5504f,-1.1601f,0.8103f,3.7013f,0f,0f,0f,1f],start_interpolation: 0,interpolation_duration: 1}
$data merge entity $(bone_rightwing1) {transformation: [-1.0004f,1.1062f,-1.3325f,-1.0762f,1.3472f,1.4641f,0.204f,1.6263f,1.0882f,-0.7955f,-1.4775f,2.0689f,0f,0f,0f,1f],start_interpolation: 0,interpolation_duration: 1}
$data merge entity $(bone_rightwing) {transformation: [-0.2591f,1.0541f,-0.4276f,-0.6875f,1.1259f,0.1751f,-0.2507f,-0.0625f,-0.1624f,-0.4684f,-1.0561f,2.3125f,0f,0f,0f,1f],start_interpolation: 0,interpolation_duration: 1}
$data merge entity $(bone_eyebrow) {transformation: [-0.8923f,0f,0f,0f,0f,0.8923f,0.0068f,-0.1355f,0f,0.0068f,-0.8923f,6.2503f,0f,0f,0f,1f],start_interpolation: 0,interpolation_duration: 1}
$data merge entity $(bone_head) {transformation: [-1.2269f,0f,0f,0f,0f,1.2269f,0.0094f,-0.5525f,0f,0.0094f,-1.2269f,4.6338f,0f,0f,0f,1f],start_interpolation: 0,interpolation_duration: 1}
$data merge entity $(bone_neck4) {transformation: [-1.0498f,0f,0f,0f,0f,1.0497f,-0.0136f,-0.5205f,0f,-0.0136f,-1.0497f,4.5678f,0f,0f,0f,1f],start_interpolation: 0,interpolation_duration: 1}
$data merge entity $(bone_neck3) {transformation: [-1.1664f,0f,0f,0f,0f,1.1589f,-0.1318f,-0.5782f,0f,-0.1318f,-1.1589f,4.0607f,0f,0f,0f,1f],start_interpolation: 0,interpolation_duration: 1}
$data merge entity $(bone_neck2) {transformation: [-1.296f,0f,0f,0f,0f,1.2716f,-0.2504f,-0.6408f,0f,-0.2504f,-1.2716f,3.7428f,0f,0f,0f,1f],start_interpolation: 0,interpolation_duration: 1}
$data merge entity $(bone_neck1) {transformation: [-1.44f,0f,0f,0f,0f,1.4155f,-0.2648f,-0.707f,0f,-0.2648f,-1.4155f,3.389f,0f,0f,0f,1f],start_interpolation: 0,interpolation_duration: 1}
$data merge entity $(bone_neck0) {transformation: [-1.6f,0f,0f,0f,0f,1.5931f,-0.1488f,-0.8437f,0f,-0.1488f,-1.5931f,3f,0f,0f,0f,1f],start_interpolation: 0,interpolation_duration: 1}
$data merge entity $(bone_frontlegl) {transformation: [-0.9925f,-0.112f,0.0481f,0.4292f,0f,0.3943f,0.919f,-0.6371f,-0.1219f,0.9121f,-0.3913f,2.5657f,0f,0f,0f,1f],start_interpolation: 0,interpolation_duration: 1}
$data merge entity $(bone_frontlegtipleft) {transformation: [-0.9925f,-0.073f,0.0976f,0.7983f,0f,0.801f,0.5987f,-1.0091f,-0.1219f,0.5943f,-0.795f,1.6113f,0f,0f,0f,1f],start_interpolation: 0,interpolation_duration: 1}
$data merge entity $(bone_frontfootleftd) {transformation: [-0.9925f,-0.1193f,-0.0249f,0.8978f,0f,-0.2041f,0.9789f,-2.5537f,-0.1219f,0.9716f,0.2026f,0.7135f,0f,0f,0f,1f],start_interpolation: 0,interpolation_duration: 1}
$data merge entity $(bone_frontfootleft) {transformation: [0.9925f,0.1186f,0.0279f,0.9129f,0f,-0.2287f,0.9735f,-2.1057f,0.1219f,-0.9662f,-0.227f,0.6778f,0f,0f,0f,1f],start_interpolation: 0,interpolation_duration: 1}
$data merge entity $(bone_frontlegr) {transformation: [-0.9925f,0.112f,-0.0481f,-0.8735f,0f,0.3943f,0.919f,-0.6755f,0.1219f,0.9121f,-0.3913f,2.6099f,0f,0f,0f,1f],start_interpolation: 0,interpolation_duration: 1}
$data merge entity $(bone_frontlegtipright) {transformation: [-0.9925f,0.073f,-0.0976f,-0.7498f,0f,0.801f,0.5987f,-0.9712f,0.1219f,0.5943f,-0.795f,1.5659f,0f,0f,0f,1f],start_interpolation: 0,interpolation_duration: 1}
$data merge entity $(bone_frontfootrightd) {transformation: [-0.9925f,0.1193f,0.0249f,-0.862f,0f,-0.2041f,0.9789f,-2.5089f,0.1219f,0.9716f,0.2026f,0.7392f,0f,0f,0f,1f],start_interpolation: 0,interpolation_duration: 1}
$data merge entity $(bone_frontfootright) {transformation: [0.9925f,-0.1186f,-0.0279f,-0.8572f,0f,-0.2287f,0.9735f,-2.0482f,-0.1219f,-0.9662f,-0.227f,0.6913f,0f,0f,0f,1f],start_interpolation: 0,interpolation_duration: 1}
$data merge entity $(bone_rearlegl) {transformation: [-1.0807f,0.0494f,-0.0572f,0.0012f,0f,0.8203f,0.7076f,-0.2671f,0.0756f,0.7058f,-0.8183f,-0.3943f,0f,0f,0f,1f],start_interpolation: 0,interpolation_duration: 1}
$data merge entity $(bone_rearfootleftd) {transformation: [-0.9976f,0.0341f,0.0609f,0.5283f,0f,-0.8727f,0.4882f,-2.1275f,0.0698f,0.487f,0.8706f,-2.7118f,0f,0f,0f,1f],start_interpolation: 0,interpolation_duration: 1}
$data merge entity $(bone_rearfootleft) {transformation: [-0.9976f,0.0528f,0.0456f,0.5662f,0f,-0.6531f,0.7572f,-1.6886f,0.0698f,0.7554f,0.6515f,-2.1694f,0f,0f,0f,1f],start_interpolation: 0,interpolation_duration: 1}
$data merge entity $(bone_rearlegtipleft) {transformation: [-0.9976f,0.0689f,-0.0112f,0.5734f,0f,0.1602f,0.9871f,-1.59f,0.0698f,0.9847f,-0.1599f,-1.1704f,0f,0f,0f,1f],start_interpolation: 0,interpolation_duration: 1}
$data merge entity $(bone_rearlegr) {transformation: [-1.0807f,-0.0494f,0.0572f,-1.3757f,0f,0.8203f,0.7076f,-0.2417f,-0.0756f,0.7058f,-0.8183f,-0.5105f,0f,0f,0f,1f],start_interpolation: 0,interpolation_duration: 1}
$data merge entity $(bone_rearfootrightd) {transformation: [-0.9976f,-0.0609f,0.0341f,-0.5312f,0f,0.4882f,0.8727f,-2.1021f,-0.0698f,0.8706f,-0.487f,-2.7321f,0f,0f,0f,1f],start_interpolation: 0,interpolation_duration: 1}
$data merge entity $(bone_rearfootright) {transformation: [-0.9976f,-0.0528f,-0.0456f,-0.5691f,0f,-0.6531f,0.7572f,-1.6631f,-0.0698f,0.7554f,0.6515f,-2.1897f,0f,0f,0f,1f],start_interpolation: 0,interpolation_duration: 1}
$data merge entity $(bone_rearlegtipright) {transformation: [-0.9976f,-0.0689f,0.0112f,-0.701f,0f,0.1602f,0.9871f,-1.5646f,-0.0698f,0.9847f,-0.1599f,-1.1994f,0f,0f,0f,1f],start_interpolation: 0,interpolation_duration: 1}
$data merge entity $(bone_tail11) {transformation: [-0.2937f,0f,0f,0f,0f,0.2938f,-0.0081f,0.0785f,0f,-0.0144f,-0.3324f,-7.233f,0f,0f,0f,1f],start_interpolation: 0,interpolation_duration: 1}
$data merge entity $(bone_tail10) {transformation: [-0.3916f,0f,0f,0f,0f,0.3915f,-0.016f,0.0875f,0f,-0.025f,-0.443f,-6.9839f,0f,0f,0f,1f],start_interpolation: 0,interpolation_duration: 1}
$data merge entity $(bone_tail9) {transformation: [-0.4896f,0f,0f,0f,0f,0.4897f,-0.0099f,0.093f,0f,-0.0198f,-0.5542f,-6.6721f,0f,0f,0f,1f],start_interpolation: 0,interpolation_duration: 1}
$data merge entity $(bone_tail8) {transformation: [-0.5759f,0f,0f,0f,0f,0.576f,0.0169f,0.0835f,0f,0.009f,-0.6524f,-6.3051f,0f,0f,0f,1f],start_interpolation: 0,interpolation_duration: 1}
$data merge entity $(bone_tail7) {transformation: [-0.6776f,0f,0f,0f,0f,0.6748f,0.0652f,0.0468f,0f,0.0619f,-0.7651f,-5.8748f,0f,0f,0f,1f],start_interpolation: 0,interpolation_duration: 1}
$data merge entity $(bone_tail6) {transformation: [-0.7972f,0f,0f,0f,0f,0.7868f,0.1308f,-0.0267f,0f,0.1342f,-0.893f,-5.3724f,0f,0f,0f,1f],start_interpolation: 0,interpolation_duration: 1}
$data merge entity $(bone_tail5) {transformation: [-0.8857f,0f,0f,0f,0f,0.8651f,0.1924f,-0.135f,0f,0.2026f,-0.9827f,-4.8196f,0f,0f,0f,1f],start_interpolation: 0,interpolation_duration: 1}
$data merge entity $(bone_tail4) {transformation: [-0.9842f,0f,0f,0f,0f,0.9551f,0.2397f,-0.2698f,0f,0.2545f,-1.0854f,-4.2091f,0f,0f,0f,1f],start_interpolation: 0,interpolation_duration: 1}
$data merge entity $(bone_tail3) {transformation: [-1.0935f,0f,0f,0f,0f,1.0629f,0.2596f,-0.4158f,0f,0.2752f,-1.2078f,-3.5297f,0f,0f,0f,1f],start_interpolation: 0,interpolation_duration: 1}
$data merge entity $(bone_tail2) {transformation: [-1.215f,0f,0f,0f,0f,1.1911f,0.2431f,-0.5526f,0f,0.2543f,-1.3527f,-2.7688f,0f,0f,0f,1f],start_interpolation: 0,interpolation_duration: 1}
$data merge entity $(bone_tail1) {transformation: [-1.35f,0f,0f,0f,0f,1.3375f,0.1887f,-0.6587f,0f,0.1901f,-1.5175f,-1.9152f,0f,0f,0f,1f],start_interpolation: 0,interpolation_duration: 1}
$data merge entity $(bone_tail0) {transformation: [-1.5f,0f,0f,0f,0f,1.4971f,0.1055f,-0.3437f,0f,0.0931f,-1.6967f,-0.9375f,0f,0f,0f,1f],start_interpolation: 0,interpolation_duration: 1}