# This file was generated by Animated Java via MC-Build. It is not recommended to edit this file directly.
$data merge entity $(bone_leftwing20) {transformation: [-1.268f,-2.0969f,1.6574f,2.0097f,-2.3805f,1.7201f,0.355f,4.0198f,-1.2153f,-1.1815f,-2.4246f,3.5516f,0f,0f,0f,1f],start_interpolation: 0,interpolation_duration: 1}
$data merge entity $(bone_leftwing21) {transformation: [-2.0729f,-2.0968f,0.2392f,2.0097f,-1.9089f,1.72f,-1.4657f,4.0198f,0.8999f,-1.1814f,-2.5584f,3.5516f,0f,0f,0f,1f],start_interpolation: 0,interpolation_duration: 1}
$data merge entity $(bone_leftwing22) {transformation: [-1.6151f,-2.1009f,-1.3275f,2.0097f,-0.2722f,1.7233f,-2.396f,4.0198f,2.4702f,-1.1837f,-1.1321f,3.5516f,0f,0f,0f,1f],start_interpolation: 0,interpolation_duration: 1}
$data merge entity $(bone_leftwing23) {transformation: [-0.1643f,-2.0674f,-2.0508f,2.0097f,1.51f,1.6959f,-1.8306f,4.0198f,2.49f,-1.1648f,0.9747f,3.5516f,0f,0f,0f,1f],start_interpolation: 0,interpolation_duration: 1}
$data merge entity $(bone_leftwing1) {transformation: [-0.7354f,-1.4176f,1.2039f,0.9066f,-1.5755f,1.1629f,0.4069f,1.6566f,-0.9885f,-0.7988f,-1.5443f,2.0689f,0f,0f,0f,1f],start_interpolation: 0,interpolation_duration: 1}
$data merge entity $(bone_leftwing) {transformation: [-0.146f,-1.0743f,0.431f,0.6875f,-1.146f,0.0733f,-0.2057f,-0.0625f,0.1624f,-0.4491f,-1.0644f,2.3125f,0f,0f,0f,1f],start_interpolation: 0,interpolation_duration: 1}
$data merge entity $(bone_rightwing20) {transformation: [-1.268f,2.0969f,-1.6574f,-2.0097f,2.3805f,1.7201f,0.355f,4.0198f,1.2153f,-1.1815f,-2.4246f,3.5516f,0f,0f,0f,1f],start_interpolation: 0,interpolation_duration: 1}
$data merge entity $(bone_rightwing21) {transformation: [-2.073f,2.0969f,-0.2392f,-2.0097f,1.909f,1.7201f,-1.4658f,4.0198f,-0.8999f,-1.1815f,-2.5585f,3.5516f,0f,0f,0f,1f],start_interpolation: 0,interpolation_duration: 1}
$data merge entity $(bone_rightwing22) {transformation: [-1.6121f,2.0969f,1.3251f,-2.0097f,0.2717f,1.7201f,-2.3915f,4.0198f,-2.4656f,-1.1815f,-1.1299f,3.5516f,0f,0f,0f,1f],start_interpolation: 0,interpolation_duration: 1}
$data merge entity $(bone_rightwing23) {transformation: [-0.1643f,2.0674f,2.0508f,-2.0097f,-1.51f,1.6959f,-1.8306f,4.0198f,-2.49f,-1.1648f,0.9747f,3.5516f,0f,0f,0f,1f],start_interpolation: 0,interpolation_duration: 1}
$data merge entity $(bone_rightwing1) {transformation: [-0.7354f,1.4176f,-1.2039f,-0.9066f,1.5755f,1.1629f,0.4069f,1.6566f,0.9885f,-0.7988f,-1.5443f,2.0689f,0f,0f,0f,1f],start_interpolation: 0,interpolation_duration: 1}
$data merge entity $(bone_rightwing) {transformation: [-0.146f,1.0743f,-0.431f,-0.6875f,1.146f,0.0733f,-0.2057f,-0.0625f,-0.1624f,-0.4491f,-1.0644f,2.3125f,0f,0f,0f,1f],start_interpolation: 0,interpolation_duration: 1}
$data merge entity $(bone_eyebrow) {transformation: [-0.8923f,0f,0f,0f,0f,0.892f,0.0217f,-0.1932f,0f,0.0217f,-0.892f,6.2588f,0f,0f,0f,1f],start_interpolation: 0,interpolation_duration: 1}
$data merge entity $(bone_head) {transformation: [-1.2269f,0f,0f,0f,0f,1.2265f,0.0298f,-0.5832f,0f,0.0298f,-1.2265f,4.6355f,0f,0f,0f,1f],start_interpolation: 0,interpolation_duration: 1}
$data merge entity $(bone_neck4) {transformation: [-1.0498f,0f,0f,0f,0f,1.0496f,0.0199f,-0.5491f,0f,0.0199f,-1.0496f,4.5705f,0f,0f,0f,1f],start_interpolation: 0,interpolation_duration: 1}
$data merge entity $(bone_neck3) {transformation: [-1.1664f,0f,0f,0f,0f,1.1634f,-0.084f,-0.5859f,0f,-0.084f,-1.1634f,4.0616f,0f,0f,0f,1f],start_interpolation: 0,interpolation_duration: 1}
$data merge entity $(bone_neck2) {transformation: [-1.296f,0f,0f,0f,0f,1.2782f,-0.214f,-0.6394f,0f,-0.214f,-1.2782f,3.742f,0f,0f,0f,1f],start_interpolation: 0,interpolation_duration: 1}
$data merge entity $(bone_neck1) {transformation: [-1.44f,0f,0f,0f,0f,1.4168f,-0.2574f,-0.7038f,0f,-0.2574f,-1.4168f,3.3878f,0f,0f,0f,1f],start_interpolation: 0,interpolation_duration: 1}
$data merge entity $(bone_neck0) {transformation: [-1.6f,0f,0f,0f,0f,1.5918f,-0.162f,-0.8437f,0f,-0.162f,-1.5918f,3f,0f,0f,0f,1f],start_interpolation: 0,interpolation_duration: 1}
$data merge entity $(bone_frontlegl) {transformation: [-0.9925f,-0.1121f,0.0477f,0.4292f,0f,0.3917f,0.9201f,-0.6372f,-0.1219f,0.9132f,-0.3888f,2.5658f,0f,0f,0f,1f],start_interpolation: 0,interpolation_duration: 1}
$data merge entity $(bone_frontlegtipleft) {transformation: [-0.9925f,-0.0732f,0.0974f,0.7984f,0f,0.7993f,0.6009f,-1.0064f,-0.1219f,0.5965f,-0.7933f,1.6104f,0f,0f,0f,1f],start_interpolation: 0,interpolation_duration: 1}
$data merge entity $(bone_frontfootleftd) {transformation: [-0.9925f,-0.1192f,-0.0252f,0.8985f,0f,-0.2068f,0.9784f,-2.5486f,-0.1219f,0.9711f,0.2053f,0.7084f,0f,0f,0f,1f],start_interpolation: 0,interpolation_duration: 1}
$data merge entity $(bone_frontfootleft) {transformation: [0.9925f,0.1187f,0.0275f,0.9134f,0f,-0.226f,0.9741f,-2.1005f,0.1219f,-0.9669f,-0.2243f,0.6739f,0f,0f,0f,1f],start_interpolation: 0,interpolation_duration: 1}
$data merge entity $(bone_frontlegr) {transformation: [-0.9925f,0.1121f,-0.0477f,-0.8735f,0f,0.3917f,0.9201f,-0.6754f,0.1219f,0.9132f,-0.3888f,2.6099f,0f,0f,0f,1f],start_interpolation: 0,interpolation_duration: 1}
$data merge entity $(bone_frontlegtipright) {transformation: [-0.9925f,0.0732f,-0.0974f,-0.7499f,0f,0.7993f,0.6009f,-0.9682f,0.1219f,0.5965f,-0.7933f,1.5652f,0f,0f,0f,1f],start_interpolation: 0,interpolation_duration: 1}
$data merge entity $(bone_frontfootrightd) {transformation: [-0.9925f,0.1192f,0.0252f,-0.8626f,0f,-0.2068f,0.9784f,-2.5036f,0.1219f,0.9711f,0.2053f,0.7342f,0f,0f,0f,1f],start_interpolation: 0,interpolation_duration: 1}
$data merge entity $(bone_frontfootright) {transformation: [0.9925f,-0.1187f,-0.0275f,-0.8577f,0f,-0.226f,0.9741f,-2.0429f,-0.1219f,-0.9669f,-0.2243f,0.6876f,0f,0f,0f,1f],start_interpolation: 0,interpolation_duration: 1}
$data merge entity $(bone_rearlegl) {transformation: [-1.0807f,0.0495f,-0.0571f,0.0012f,0f,0.8184f,0.7098f,-0.2671f,0.0756f,0.7081f,-0.8164f,-0.3937f,0f,0f,0f,1f],start_interpolation: 0,interpolation_duration: 1}
$data merge entity $(bone_rearfootleftd) {transformation: [-0.9976f,0.0339f,0.061f,0.528f,0f,-0.8741f,0.4858f,-2.1212f,0.0698f,0.4846f,0.872f,-2.7163f,0f,0f,0f,1f],start_interpolation: 0,interpolation_duration: 1}
$data merge entity $(bone_rearfootleft) {transformation: [-0.9976f,0.0527f,0.0457f,0.566f,0f,-0.6552f,0.7554f,-1.6837f,0.0698f,0.7536f,0.6536f,-2.1727f,0f,0f,0f,1f],start_interpolation: 0,interpolation_duration: 1}
$data merge entity $(bone_rearlegtipleft) {transformation: [-0.9976f,0.0689f,-0.011f,0.5732f,0f,0.1575f,0.9875f,-1.5879f,0.0698f,0.9851f,-0.1571f,-1.1734f,0f,0f,0f,1f],start_interpolation: 0,interpolation_duration: 1}
$data merge entity $(bone_rearlegr) {transformation: [-1.0807f,-0.0495f,0.0571f,-1.3757f,0f,0.8184f,0.7098f,-0.2416f,-0.0756f,0.7081f,-0.8164f,-0.5098f,0f,0f,0f,1f],start_interpolation: 0,interpolation_duration: 1}
$data merge entity $(bone_rearfootrightd) {transformation: [-0.9976f,-0.061f,0.0339f,-0.5309f,0f,0.4858f,0.8741f,-2.0957f,-0.0698f,0.872f,-0.4846f,-2.7365f,0f,0f,0f,1f],start_interpolation: 0,interpolation_duration: 1}
$data merge entity $(bone_rearfootright) {transformation: [-0.9976f,-0.0527f,-0.0457f,-0.5689f,0f,-0.6552f,0.7554f,-1.6583f,-0.0698f,0.7536f,0.6536f,-2.1929f,0f,0f,0f,1f],start_interpolation: 0,interpolation_duration: 1}
$data merge entity $(bone_rearlegtipright) {transformation: [-0.9976f,-0.0689f,0.011f,-0.7008f,0f,0.1575f,0.9875f,-1.5625f,-0.0698f,0.9851f,-0.1571f,-1.2023f,0f,0f,0f,1f],start_interpolation: 0,interpolation_duration: 1}
$data merge entity $(bone_tail11) {transformation: [-0.2937f,0f,0f,0f,0f,0.2937f,-0.0108f,-0.0483f,0f,-0.0178f,-0.3323f,-7.2509f,0f,0f,0f,1f],start_interpolation: 0,interpolation_duration: 1}
$data merge entity $(bone_tail10) {transformation: [-0.3916f,0f,0f,0f,0f,0.3911f,-0.0253f,-0.034f,0f,-0.0362f,-0.4422f,-7.0022f,0f,0f,0f,1f],start_interpolation: 0,interpolation_duration: 1}
$data merge entity $(bone_tail9) {transformation: [-0.4896f,0f,0f,0f,0f,0.489f,-0.029f,-0.0177f,0f,-0.0422f,-0.5529f,-6.6911f,0f,0f,0f,1f],start_interpolation: 0,interpolation_duration: 1}
$data merge entity $(bone_tail8) {transformation: [-0.5759f,0f,0f,0f,0f,0.5762f,-0.0126f,-0.0106f,0f,-0.0253f,-0.6519f,-6.3244f,0f,0f,0f,1f],start_interpolation: 0,interpolation_duration: 1}
$data merge entity $(bone_tail7) {transformation: [-0.6776f,0f,0f,0f,0f,0.6775f,0.0263f,-0.0254f,0f,0.0168f,-0.7674f,-5.8928f,0f,0f,0f,1f],start_interpolation: 0,interpolation_duration: 1}
$data merge entity $(bone_tail6) {transformation: [-0.7972f,0f,0f,0f,0f,0.793f,0.0865f,-0.074f,0f,0.0827f,-0.8992f,-5.387f,0f,0f,0f,1f],start_interpolation: 0,interpolation_duration: 1}
$data merge entity $(bone_tail5) {transformation: [-0.8857f,0f,0f,0f,0f,0.8734f,0.1509f,-0.1589f,0f,0.1541f,-0.9914f,-4.8293f,0f,0f,0f,1f],start_interpolation: 0,interpolation_duration: 1}
$data merge entity $(bone_tail4) {transformation: [-0.9842f,0f,0f,0f,0f,0.9628f,0.207f,-0.2753f,0f,0.2158f,-1.0937f,-4.2141f,0f,0f,0f,1f],start_interpolation: 0,interpolation_duration: 1}
$data merge entity $(bone_tail3) {transformation: [-1.0935f,0f,0f,0f,0f,1.0676f,0.2399f,-0.4103f,0f,0.251f,-1.213f,-3.5318f,0f,0f,0f,1f],start_interpolation: 0,interpolation_duration: 1}
$data merge entity $(bone_tail2) {transformation: [-1.215f,0f,0f,0f,0f,1.1924f,0.2376f,-0.5439f,0f,0.2461f,-1.3541f,-2.7701f,0f,0f,0f,1f],start_interpolation: 0,interpolation_duration: 1}
$data merge entity $(bone_tail1) {transformation: [-1.35f,0f,0f,0f,0f,1.3368f,0.1945f,-0.6533f,0f,0.1945f,-1.5168f,-1.9169f,0f,0f,0f,1f],start_interpolation: 0,interpolation_duration: 1}
$data merge entity $(bone_tail0) {transformation: [-1.5f,0f,0f,0f,0f,1.4966f,0.1149f,-0.3437f,0f,0.1014f,-1.6961f,-0.9375f,0f,0f,0f,1f],start_interpolation: 0,interpolation_duration: 1}