# This file was generated by Animated Java via MC-Build. It is not recommended to edit this file directly.
$data merge entity $(bone_leftwing20) { transformation: [-1.2679862048517396f,-2.0969316975182046f,1.6573546848397331f,2.0096797565459967f,-2.380546001829998f,1.7200854951987226f,0.35502497586688664f,3.8947854257509134f,-1.215297423920581f,-1.181490353858843f,-2.424637875283981f,2.4891233681952585f,0f,0f,0f,1f], start_interpolation: 0, interpolation_duration: 1 }
$data merge entity $(bone_leftwing21) { transformation: [-2.072907176653739f,-2.0968191720285208f,0.23916952621601f,2.0096797565459967f,-1.908947358312546f,1.7199931920193323f,-1.4657217567048788f,3.8947854257509134f,0.89987370538777f,-1.1814269527567556f,-2.558369507153123f,2.4891233681952585f,0f,0f,0f,1f], start_interpolation: 0, interpolation_duration: 1 }
$data merge entity $(bone_leftwing22) { transformation: [-1.6151191824827926f,-2.1008680222596863f,-1.327541996423175f,2.0096797565459967f,-0.272238931701831f,1.723314410618442f,-2.395975287657428f,3.8947854257509134f,2.470202453906644f,-1.1837082275822557f,-1.1320595574050478f,2.4891233681952585f,0f,0f,0f,1f], start_interpolation: 0, interpolation_duration: 1 }
$data merge entity $(bone_leftwing23) { transformation: [-0.1643416208652835f,-2.0673974482573847f,-2.050805711673991f,2.0096797565459967f,1.5099614873064213f,1.6958589389283178f,-1.8305800202538913f,3.8947854257509134f,2.4899703980062076f,-1.1648496446495635f,0.9747395379572105f,2.4891233681952585f,0f,0f,0f,1f], start_interpolation: 0, interpolation_duration: 1 }
$data merge entity $(bone_leftwing1) { transformation: [-0.7354136149549737f,-1.4176439645193495f,1.2039320598774323f,0.9065593341135358f,-1.5754782467170703f,1.162874700979418f,0.4069284014950703f,1.531568055675308f,-0.9884508632502487f,-0.798754042045415f,-1.5443305576384707f,1.0064470733198856f,0f,0f,0f,1f], start_interpolation: 0, interpolation_duration: 1 }
$data merge entity $(bone_leftwing) { transformation: [-0.14603955607569064f,-1.0742583091876579f,0.4309903065193004f,0.6874999999999999f,-1.1460453704502054f,0.07326101362190665f,-0.20572783930195962f,-0.1875f,0.16236861778674289f,-0.44912472670236725f,-1.0644409438450109f,1.25f,0f,0f,0f,1f], start_interpolation: 0, interpolation_duration: 1 }
$data merge entity $(bone_rightwing20) { transformation: [-1.2679862048517399f,2.096931697518205f,-1.6573546848397325f,-2.0096797565459967f,2.380546001829998f,1.7200854951987226f,0.35502497586688664f,3.8947854257509134f,1.2152974239205805f,-1.1814903538588426f,-2.424637875283981f,2.489123368195258f,0f,0f,0f,1f], start_interpolation: 0, interpolation_duration: 1 }
$data merge entity $(bone_rightwing21) { transformation: [-2.073018418909739f,2.096931697518205f,-0.23918236121313924f,-2.0096797565459967f,1.9090498016892283f,1.7200854951987226f,-1.4658004144454286f,3.8947854257509134f,-0.8999219969766226f,-1.1814903538588426f,-2.558506801673043f,2.489123368195258f,0f,0f,0f,1f], start_interpolation: 0, interpolation_duration: 1 }
$data merge entity $(bone_rightwing22) { transformation: [-1.6120929887709137f,2.096931697518205f,1.3250546262740233f,-2.0096797565459967f,0.2717288469030249f,1.7200854951987226f,-2.391486030500455f,3.8947854257509134f,-2.4655741198405554f,-1.1814903538588426f,-1.1299384560329337f,2.489123368195258f,0f,0f,0f,1f], start_interpolation: 0, interpolation_duration: 1 }
$data merge entity $(bone_rightwing23) { transformation: [-0.16434162086528287f,2.0673974482573847f,2.050805711673991f,-2.0096797565459967f,-1.5099614873064213f,1.6958589389283178f,-1.8305800202538913f,3.8947854257509134f,-2.489970398006207f,-1.164849644649563f,0.9747395379572111f,2.489123368195258f,0f,0f,0f,1f], start_interpolation: 0, interpolation_duration: 1 }
$data merge entity $(bone_rightwing1) { transformation: [-0.7354136149549739f,1.4176439645193497f,-1.203932059877432f,-0.906559334113536f,1.5754782467170703f,1.162874700979418f,0.4069284014950703f,1.531568055675308f,0.9884508632502483f,-0.7987540420454147f,-1.544330557638471f,1.0064470733198856f,0f,0f,0f,1f], start_interpolation: 0, interpolation_duration: 1 }
$data merge entity $(bone_rightwing) { transformation: [-0.14603955607569058f,1.0742583091876579f,-0.43099030651930015f,-0.6875000000000001f,1.1460453704502054f,0.07326101362190665f,-0.20572783930195962f,-0.1875f,-0.16236861778674297f,-0.44912472670236697f,-1.0644409438450109f,1.25f,0f,0f,0f,1f], start_interpolation: 0, interpolation_duration: 1 }
$data merge entity $(bone_head) { transformation: [-1.2269070000000002f,-3.653613487306297e-18f,1.5020834502363593e-16f,-4.3756898596992067e-16f,0f,1.2265442177141752f,0.029834018182630984f,-0.70818873022129f,-1.5025277304014817e-16f,0.029834018182630984f,-1.2265442177141752f,3.57302192170488f,0f,0f,0f,1f], start_interpolation: 0, interpolation_duration: 1 }
$data merge entity $(bone_neck4) { transformation: [-1.0497600000000002f,-2.437689197283706e-18f,1.2853540893380878e-16f,-4.2961170069897275e-16f,0f,1.0495712643294386f,0.01990524287476944f,-0.674145550531322f,-1.2855852238729257e-16f,0.01990524287476944f,-1.0495712643294386f,3.508045756524127f,0f,0f,0f,1f], start_interpolation: 0, interpolation_duration: 1 }
$data merge entity $(bone_neck3) { transformation: [-1.1664000000000003f,1.0288684939215233e-17f,1.4247178398495662e-16f,-3.6728029520555425e-16f,0f,1.1633704026675364f,-0.08401348818597013f,-0.7109014516126839f,-1.428428026525473e-16f,-0.08401348818597013f,-1.1633704026675364f,2.99907120535708f,0f,0f,0f,1f], start_interpolation: 0, interpolation_duration: 1 }
$data merge entity $(bone_neck2) { transformation: [-1.2960000000000003f,2.6208377972511182e-17f,1.5653538320521588e-16f,-3.281464494042503e-16f,0f,1.2782084051842695f,-0.2140076468640466f,-0.7644033633286956f,-1.58714225169497e-16f,-0.2140076468640466f,-1.2782084051842695f,2.6795191040610127f,0f,0f,0f,1f], start_interpolation: 0, interpolation_duration: 1 }
$data merge entity $(bone_neck1) { transformation: [-1.4400000000000002f,3.152643079832076e-17f,1.735082217486969e-16f,-2.847693939670761e-16f,0f,1.4168021495626337f,-0.25743284365966324f,-0.8287615742436114f,-1.7634913907721887e-16f,-0.25743284365966324f,-1.4168021495626337f,2.3253185666703544f,0f,0f,0f,1f], start_interpolation: 0, interpolation_duration: 1 }
$data merge entity $(bone_neck0) { transformation: [-1.6f,1.9840446471358927e-17f,1.949364181469453e-16f,-2.372753173347997e-16f,0f,1.5917766517061704f,-0.16200954009901156f,-0.96875f,-1.9594348786357652e-16f,-0.16200954009901156f,-1.5917766517061704f,1.9375f,0f,0f,0f,1f], start_interpolation: 0, interpolation_duration: 1 }
$data merge entity $(bone_frontlegl) { transformation: [-0.992546151641322f,-0.1121290339875458f,0.04774114157643895f,0.42917822021147833f,4.336808689942018e-19f,0.39174036917328986f,0.9200758029423307f,-0.762187750157748f,-0.12186934340514759f,0.9132176974287096f,-0.38882039586549966f,1.5033010589913438f,0f,0f,0f,1f], start_interpolation: 0, interpolation_duration: 1 }
$data merge entity $(bone_frontlegtipleft) { transformation: [-0.992546151641322f,-0.07323602114680391f,0.09740955840463851f,0.7983601073900728f,4.336808689942018e-19f,0.7992950128631289f,0.6009388341687787f,-1.1314456649348035f,-0.12186934340514759f,0.5964595272260438f,-0.7933371890433994f,0.5479331369067089f,0f,0f,0f,1f], start_interpolation: 0, interpolation_duration: 1 }
$data merge entity $(bone_frontfootleftd) { transformation: [-0.992546151641322f,-0.11923392126779242f,-0.025207318007031777f,0.8984577350075142f,-8.831617793434939e-17f,-0.2068388759856648f,0.9783750198063048f,-2.673606871620193f,-0.12186934340514742f,0.9710823607707497f,0.20529713036938835f,-0.3541109047572944f,0f,0f,0f,1f], start_interpolation: 0, interpolation_duration: 1 }
$data merge entity $(bone_frontfootleft) { transformation: [0.992546151641322f,0.11871570424319203f,0.027544843946639773f,0.9133514244471692f,1.1599557952111555e-16f,-0.2260194662333469f,0.9741227853220524f,-2.225466056899765f,0.12186934340514755f,-0.9668618217975286f,-0.22433475140593395f,-0.3885959854153478f,0f,0f,0f,1f], start_interpolation: 0, interpolation_duration: 1 }
$data merge entity $(bone_frontlegr) { transformation: [-0.992546151641322f,0.11212903398754556f,-0.047741141576438856f,-0.8734979297612484f,-4.336808689942018e-19f,0.39174036917328986f,0.9200758029423307f,-0.8004136965646277f,0.12186934340514734f,0.9132176974287096f,-0.38882039586549966f,1.5474283678004985f,0f,0f,0f,1f], start_interpolation: 0, interpolation_duration: 1 }
$data merge entity $(bone_frontlegtipright) { transformation: [-0.992546151641322f,0.07323602114680378f,-0.0974095584046383f,-0.7499007087854203f,-4.336808689942018e-19f,0.7992950128631289f,0.6009388341687787f,-1.0932459270252313f,0.12186934340514734f,0.5964595272260438f,-0.7933371890433994f,0.5026696909313002f,0f,0f,0f,1f], start_interpolation: 0, interpolation_duration: 1 }
$data merge entity $(bone_frontfootrightd) { transformation: [-0.992546151641322f,0.11923392126779253f,0.02520731800703162f,-0.8625935540925138f,-8.918353967233779e-17f,-0.2068388759856648f,0.9783750198063048f,-2.6286379609083164f,0.1218693434051475f,0.9710823607707497f,0.20529713036938835f,-0.3283255954746589f,0f,0f,0f,1f], start_interpolation: 0, interpolation_duration: 1 }
$data merge entity $(bone_frontfootright) { transformation: [0.992546151641322f,-0.1187157042431918f,-0.027544843946639946f,-0.8576505718541253f,1.1686294125910395e-16f,-0.2260194662333469f,0.9741227853220524f,-2.167887582189609f,-0.12186934340514738f,-0.9668618217975286f,-0.22433475140593395f,-0.3748825214670607f,0f,0f,0f,1f], start_interpolation: 0, interpolation_duration: 1 }
$data merge entity $(bone_rearlegl) { transformation: [-1.080694387781476f,0.04951548612778349f,-0.057087371302772076f,0.0012340236946223326f,3.758567531283082e-18f,0.8183809794080931f,0.7098335605296227f,-0.39205254501523445f,0.07556951322280224f,0.7081044416522825f,-0.8163874444739391f,-1.4561620618715263f,0f,0f,0f,1f], start_interpolation: 0, interpolation_duration: 1 }
$data merge entity $(bone_rearfootleftd) { transformation: [-0.9975640502598242f,0.03388549651478354f,0.060973262625198386f,0.5279999618312979f,3.469446951953614e-18f,-0.8740875126351053f,0.4857684842138019f,-2.2461963362984063f,0.06975647374412515f,0.4845851766008956f,0.8719582793858109f,-3.778774265690197f,0f,0f,0f,1f], start_interpolation: 0, interpolation_duration: 1 }
$data merge entity $(bone_rearfootleft) { transformation: [-0.9975640502598242f,0.0526960350487127f,0.04570660257949243f,0.5660102554857881f,3.469446951953614e-18f,-0.6552309789504206f,0.7554285963767017f,-1.8087430486582263f,0.06975647374412515f,0.7535884102836363f,0.6536348692174913f,-3.235201741817717f,0f,0f,0f,1f], start_interpolation: 0, interpolation_duration: 1 }
$data merge entity $(bone_rearlegtipleft) { transformation: [-0.9975640502598242f,0.06888564732878787f,-0.01098786700450471f,0.5732348913611185f,3.469446951953614e-18f,0.15751752367542948f,0.9875161921382154f,-1.7129452869914352f,0.06975647374412515f,0.9851106523265568f,-0.15713381890455902f,-2.2359104462006174f,0f,0f,0f,1f], start_interpolation: 0, interpolation_duration: 1 }
$data merge entity $(bone_rearlegr) { transformation: [-1.080694387781476f,-0.04951548612778367f,0.05708737130277227f,-1.3757422174814227f,-3.758567531283082e-18f,0.8183809794080931f,0.7098335605296227f,-0.3665802825278467f,-0.07556951322280252f,0.7081044416522825f,-0.8163874444739391f,-1.5722719174303532f,0f,0f,0f,1f], start_interpolation: 0, interpolation_duration: 1 }
$data merge entity $(bone_rearfootrightd) { transformation: [-0.9975640502598242f,-0.03388549651478366f,-0.060973262625198595f,-0.5308575865108394f,-3.469446951953614e-18f,-0.8740875126351053f,0.4857684842138019f,-2.2207240738110183f,-0.0697564737441254f,0.4845851766008956f,0.8719582793858109f,-3.7989689698508515f,0f,0f,0f,1f], start_interpolation: 0, interpolation_duration: 1 }
$data merge entity $(bone_rearfootright) { transformation: [-0.9975640502598242f,-0.05269603504871288f,-0.04570660257949259f,-0.5688678801653296f,-3.469446951953614e-18f,-0.6552309789504206f,0.7554285963767017f,-1.7832707861708383f,-0.0697564737441254f,0.7535884102836363f,0.6536348692174913f,-3.2553964459783717f,0f,0f,0f,1f], start_interpolation: 0, interpolation_duration: 1 }
$data merge entity $(bone_rearlegtipright) { transformation: [-0.9975640502598242f,-0.0688856473287881f,0.01098786700450474f,-0.7007880223231383f,-3.469446951953614e-18f,0.15751752367542948f,0.9875161921382154f,-1.6874730245040472f,-0.0697564737441254f,0.9851106523265568f,-0.15713381890455902f,-2.2648247095792877f,0f,0f,0f,1f], start_interpolation: 0, interpolation_duration: 1 }
$data merge entity $(bone_tail11) { transformation: [-0.2937340837125001f,2.1841047724396887e-18f,4.068913266822806e-17f,1.0180950708713677e-15f,0f,0.2937267364249082f,-0.010787089020507328f,-0.17325816287733564f,-3.5972050541899386e-17f,-0.017834568905584384f,-0.3322519823393766f,-8.313377143354352f,0f,0f,0f,1f], start_interpolation: 0, interpolation_duration: 1 }
$data merge entity $(bone_tail10) { transformation: [-0.39164544495000014f,4.4271334487296394e-18f,5.4149605210460706e-17f,9.876359179404835e-16f,0f,0.39108074787847863f,-0.02532181631871765f,-0.15901464119805697f,-4.796273405586585e-17f,-0.03615028799987044f,-0.4421650817865343f,-8.064659284849427f,0f,0f,0f,1f], start_interpolation: 0, interpolation_duration: 1 }
$data merge entity $(bone_tail9) { transformation: [-0.48955680618750014f,5.1713076600982166e-18f,6.771567516503015e-17f,9.49545850660154e-16f,0f,0.48901345180387995f,-0.029033544015282173f,-0.14268327268946074f,-5.99534175698323e-17f,-0.04222693158303824f,-0.5529404495416672f,-7.75363028198224f,0f,0f,0f,1f], start_interpolation: 0, interpolation_duration: 1 }
$data merge entity $(bone_tail8) { transformation: [-0.5759491837500001f,3.1002216416202946e-18f,7.983729880886745e-17f,9.046373700801661e-16f,0f,0.5761849060897224f,-0.012617173125385708f,-0.1355861128064313f,-7.053343243509683e-17f,-0.025315230838628553f,-0.6519210180800967f,-7.3869247093121855f,0f,0f,0f,1f], start_interpolation: 0, interpolation_duration: 1 }
$data merge entity $(bone_tail7) { transformation: [-0.6775872750000002f,-2.057426079009064e-18f,9.397450373009918e-17f,8.517767117319854e-16f,0f,0.6775165897216757f,0.02630621143915963f,-0.15038335674095857f,-8.298050874717275e-17f,0.016800158873901738f,-0.767360056757f,-6.955284677386373f,0f,0f,0f,1f], start_interpolation: 0, interpolation_duration: 1 }
$data merge entity $(bone_tail6) { transformation: [-0.7971615000000002f,-1.0123760619827193e-17f,1.1012035533448896e-16f,7.898340118563354e-16f,0f,0.792980194420872f,0.08645288527069958f,-0.19901310470572708f,-9.76241279378503e-17f,0.0826667789184258f,-0.8992009403132315f,-6.44948414846018f,0f,0f,0f,1f], start_interpolation: 0, interpolation_duration: 1 }
$data merge entity $(bone_tail5) { transformation: [-0.8857350000000002f,-1.8872872512875263e-17f,1.2141385749516224e-16f,7.215387170153066e-16f,0f,0.8733641217311129f,0.15093179688719732f,-0.2839122404547756f,-1.0847125326427811e-16f,0.15410869914505393f,-0.9914193837741238f,-5.891810745087236f,0f,0f,0f,1f], start_interpolation: 0, interpolation_duration: 1 }
$data merge entity $(bone_tail4) { transformation: [-0.9841500000000002f,-2.6433524770663888e-17f,1.3394092032316702e-16f,6.461969493335251e-16f,0f,0.9627898230663782f,0.20698976918894854f,-0.40034398562355916f,-1.205236147380868e-16f,0.21584610998916542f,-1.093710614492455f,-5.27659852443523f,0f,0f,0f,1f], start_interpolation: 0, interpolation_duration: 1 }
$data merge entity $(bone_tail3) { transformation: [-1.0935000000000001f,-3.074343202186855e-17f,1.48545719331581e-16f,5.626399822095109e-16f,0f,1.0675973605904245f,0.23985609686317202f,-0.5352630401090934f,-1.339151274867631e-16f,0.25103917344391324f,-1.2129678486483149f,-4.594304109570553f,0f,0f,0f,1f], start_interpolation: 0, interpolation_duration: 1 }
$data merge entity $(bone_tail2) { transformation: [-1.215f,-3.013315349764587e-17f,1.6583311454686038e-16f,4.693588552769019e-16f,0f,1.1923528551299063f,0.23756416500759053f,-0.6688928829258631f,-1.4879458609640342e-16f,0.24605587111831553f,-1.3541301431753208f,-3.8326059040344354f,0f,0f,0f,1f], start_interpolation: 0, interpolation_duration: 1 }
$data merge entity $(bone_tail1) { transformation: [-1.35f,-2.38205799048495e-17f,1.8575511091834473e-16f,3.6487160538533297e-16f,0f,1.3368055937483192f,0.19446734879699648f,-0.7782807666241737f,-1.6532731788489269e-16f,0.19450979597900653f,-1.516805588743421f,-2.979402760366261f,0f,0f,0f,1f], start_interpolation: 0, interpolation_duration: 1 }
$data merge entity $(bone_tail0) { transformation: [-1.5f,-1.2412102950729808e-17f,2.0771416856565316e-16f,2.4492935982947064e-16f,0f,1.496571972306905f,0.11486618036009356f,-0.46875f,-1.8369701987210297e-16f,0.10135251208243551f,-1.6961149019478257f,-2f,0f,0f,0f,1f], start_interpolation: 0, interpolation_duration: 1 }