# This file was generated by Animated Java via MC-Build. It is not recommended to edit this file directly.
$data merge entity $(bone_leftwing20) {transformation: [-0.9394f,-2.4073f,1.4402f,1.6341f,-2.6061f,1.3109f,0.4913f,4.2401f,-1.038f,-1.1128f,-2.537f,3.3847f,0f,0f,0f,1f],start_interpolation: 0,interpolation_duration: 1}
$data merge entity $(bone_leftwing21) {transformation: [-1.6885f,-2.4072f,0.3247f,1.6341f,-2.1637f,1.3108f,-1.5333f,4.2401f,1.1038f,-1.1127f,-2.5088f,3.3847f,0f,0f,0f,1f],start_interpolation: 0,interpolation_duration: 1}
$data merge entity $(bone_leftwing22) {transformation: [-1.4092f,-2.4118f,-0.9909f,1.6341f,-0.4008f,1.3133f,-2.6266f,4.2401f,2.5765f,-1.1149f,-0.9506f,3.3847f,0f,0f,0f,1f],start_interpolation: 0,interpolation_duration: 1}
$data merge entity $(bone_leftwing23) {transformation: [-0.2619f,-2.3734f,-1.6749f,1.6341f,1.5854f,1.2924f,-2.0792f,4.2401f,2.4341f,-1.0971f,1.174f,3.3847f,0f,0f,0f,1f],start_interpolation: 0,interpolation_duration: 1}
$data merge entity $(bone_leftwing1) {transformation: [-0.5298f,-1.6275f,1.0347f,0.8394f,-1.7175f,0.8862f,0.5145f,1.6638f,-0.8772f,-0.7523f,-1.6324f,2.0689f,0f,0f,0f,1f],start_interpolation: 0,interpolation_duration: 1}
$data merge entity $(bone_leftwing) {transformation: [-0.1013f,-1.0922f,0.3975f,0.6875f,-1.1509f,0.0385f,-0.1874f,-0.0625f,0.1624f,-0.4084f,-1.0807f,2.3125f,0f,0f,0f,1f],start_interpolation: 0,interpolation_duration: 1}
$data merge entity $(bone_rightwing20) {transformation: [-0.9394f,2.4073f,-1.4402f,-1.6341f,2.6061f,1.3109f,0.4913f,4.2401f,1.038f,-1.1128f,-2.537f,3.3847f,0f,0f,0f,1f],start_interpolation: 0,interpolation_duration: 1}
$data merge entity $(bone_rightwing21) {transformation: [-1.6886f,2.4073f,-0.3247f,-1.6341f,2.1638f,1.3109f,-1.5334f,4.2401f,-1.1039f,-1.1128f,-2.509f,3.3847f,0f,0f,0f,1f],start_interpolation: 0,interpolation_duration: 1}
$data merge entity $(bone_rightwing22) {transformation: [-1.4066f,2.4073f,0.9891f,-1.6341f,0.4f,1.3109f,-2.6217f,4.2401f,-2.5716f,-1.1128f,-0.9488f,3.3847f,0f,0f,0f,1f],start_interpolation: 0,interpolation_duration: 1}
$data merge entity $(bone_rightwing23) {transformation: [-0.2619f,2.3734f,1.6749f,-1.6341f,-1.5854f,1.2924f,-2.0792f,4.2401f,-2.4341f,-1.0971f,1.174f,3.3847f,0f,0f,0f,1f],start_interpolation: 0,interpolation_duration: 1}
$data merge entity $(bone_rightwing1) {transformation: [-0.5298f,1.6275f,-1.0347f,-0.8394f,1.7175f,0.8862f,0.5145f,1.6638f,0.8772f,-0.7523f,-1.6324f,2.0689f,0f,0f,0f,1f],start_interpolation: 0,interpolation_duration: 1}
$data merge entity $(bone_rightwing) {transformation: [-0.1013f,1.0922f,-0.3975f,-0.6875f,1.1509f,0.0385f,-0.1874f,-0.0625f,-0.1624f,-0.4084f,-1.0807f,2.3125f,0f,0f,0f,1f],start_interpolation: 0,interpolation_duration: 1}
$data merge entity $(bone_eyebrow) {transformation: [-0.8923f,0f,0f,0f,0f,0.8916f,0.0355f,-0.2587f,0f,0.0355f,-0.8916f,6.2668f,0f,0f,0f,1f],start_interpolation: 0,interpolation_duration: 1}
$data merge entity $(bone_head) {transformation: [-1.2269f,0f,0f,0f,0f,1.2259f,0.0488f,-0.6235f,0f,0.0488f,-1.2259f,4.6377f,0f,0f,0f,1f],start_interpolation: 0,interpolation_duration: 1}
$data merge entity $(bone_neck4) {transformation: [-1.0498f,0f,0f,0f,0f,1.0484f,0.0524f,-0.5875f,0f,0.0524f,-1.0484f,4.5738f,0f,0f,0f,1f],start_interpolation: 0,interpolation_duration: 1}
$data merge entity $(bone_neck3) {transformation: [-1.1664f,0f,0f,0f,0f,1.166f,-0.0319f,-0.6014f,0f,-0.0319f,-1.166f,4.0637f,0f,0f,0f,1f],start_interpolation: 0,interpolation_duration: 1}
$data merge entity $(bone_neck2) {transformation: [-1.296f,0f,0f,0f,0f,1.2852f,-0.1669f,-0.6431f,0f,-0.1669f,-1.2852f,3.7424f,0f,0f,0f,1f],start_interpolation: 0,interpolation_duration: 1}
$data merge entity $(bone_neck1) {transformation: [-1.44f,0f,0f,0f,0f,1.4203f,-0.2374f,-0.7025f,0f,-0.2374f,-1.4203f,3.3874f,0f,0f,0f,1f],start_interpolation: 0,interpolation_duration: 1}
$data merge entity $(bone_neck0) {transformation: [-1.6f,0f,0f,0f,0f,1.5912f,-0.1672f,-0.8437f,0f,-0.1672f,-1.5912f,3f,0f,0f,0f,1f],start_interpolation: 0,interpolation_duration: 1}
$data merge entity $(bone_frontlegl) {transformation: [-0.9925f,-0.1122f,0.0476f,0.4292f,0f,0.3907f,0.9205f,-0.6372f,-0.1219f,0.9136f,-0.3878f,2.5659f,0f,0f,0f,1f],start_interpolation: 0,interpolation_duration: 1}
$data merge entity $(bone_frontlegtipleft) {transformation: [-0.9925f,-0.0733f,0.0973f,0.7984f,0f,0.7986f,0.6018f,-1.0054f,-0.1219f,0.5973f,-0.7927f,1.6101f,0f,0f,0f,1f],start_interpolation: 0,interpolation_duration: 1}
$data merge entity $(bone_frontfootleftd) {transformation: [-0.9925f,-0.1192f,-0.0253f,0.8987f,0f,-0.2079f,0.9782f,-2.5466f,-0.1219f,0.9709f,0.2063f,0.7064f,0f,0f,0f,1f],start_interpolation: 0,interpolation_duration: 1}
$data merge entity $(bone_frontfootleft) {transformation: [0.9925f,0.1187f,0.0274f,0.9135f,0f,-0.225f,0.9744f,-2.0984f,0.1219f,-0.9671f,-0.2233f,0.6724f,0f,0f,0f,1f],start_interpolation: 0,interpolation_duration: 1}
$data merge entity $(bone_frontlegr) {transformation: [-0.9925f,0.1122f,-0.0476f,-0.8735f,0f,0.3907f,0.9205f,-0.6754f,0.1219f,0.9136f,-0.3878f,2.6099f,0f,0f,0f,1f],start_interpolation: 0,interpolation_duration: 1}
$data merge entity $(bone_frontlegtipright) {transformation: [-0.9925f,0.0733f,-0.0973f,-0.7499f,0f,0.7986f,0.6018f,-0.9671f,0.1219f,0.5973f,-0.7927f,1.5649f,0f,0f,0f,1f],start_interpolation: 0,interpolation_duration: 1}
$data merge entity $(bone_frontfootrightd) {transformation: [-0.9925f,0.1192f,0.0253f,-0.8628f,0f,-0.2079f,0.9782f,-2.5016f,0.1219f,0.9709f,0.2063f,0.7322f,0f,0f,0f,1f],start_interpolation: 0,interpolation_duration: 1}
$data merge entity $(bone_frontfootright) {transformation: [0.9925f,-0.1187f,-0.0274f,-0.8578f,0f,-0.225f,0.9744f,-2.0408f,-0.1219f,-0.9671f,-0.2233f,0.6862f,0f,0f,0f,1f],start_interpolation: 0,interpolation_duration: 1}
$data merge entity $(bone_rearlegl) {transformation: [-1.0807f,0.0496f,-0.057f,0.0013f,0f,0.8176f,0.7107f,-0.267f,0.0756f,0.709f,-0.8156f,-0.3934f,0f,0f,0f,1f],start_interpolation: 0,interpolation_duration: 1}
$data merge entity $(bone_rearfootleftd) {transformation: [-0.9976f,0.0338f,0.061f,0.5279f,0f,-0.8746f,0.4848f,-2.1187f,0.0698f,0.4836f,0.8725f,-2.718f,0f,0f,0f,1f],start_interpolation: 0,interpolation_duration: 1}
$data merge entity $(bone_rearfootleft) {transformation: [-0.9976f,0.0526f,0.0458f,0.5659f,0f,-0.656f,0.7547f,-1.6819f,0.0698f,0.7529f,0.6545f,-2.174f,0f,0f,0f,1f],start_interpolation: 0,interpolation_duration: 1}
$data merge entity $(bone_rearlegtipleft) {transformation: [-0.9976f,0.0689f,-0.0109f,0.5732f,0f,0.1564f,0.9877f,-1.5871f,0.0698f,0.9853f,-0.1561f,-1.1746f,0f,0f,0f,1f],start_interpolation: 0,interpolation_duration: 1}
$data merge entity $(bone_rearlegr) {transformation: [-1.0807f,-0.0496f,0.057f,-1.3758f,0f,0.8176f,0.7107f,-0.2415f,-0.0756f,0.709f,-0.8156f,-0.5095f,0f,0f,0f,1f],start_interpolation: 0,interpolation_duration: 1}
$data merge entity $(bone_rearfootrightd) {transformation: [-0.9976f,-0.061f,0.0338f,-0.5307f,0f,0.4848f,0.8746f,-2.0932f,-0.0698f,0.8725f,-0.4836f,-2.7382f,0f,0f,0f,1f],start_interpolation: 0,interpolation_duration: 1}
$data merge entity $(bone_rearfootright) {transformation: [-0.9976f,-0.0526f,-0.0458f,-0.5688f,0f,-0.656f,0.7547f,-1.6564f,-0.0698f,0.7529f,0.6545f,-2.1941f,0f,0f,0f,1f],start_interpolation: 0,interpolation_duration: 1}
$data merge entity $(bone_rearlegtipright) {transformation: [-0.9976f,-0.0689f,0.0109f,-0.7007f,0f,0.1564f,0.9877f,-1.5616f,-0.0698f,0.9853f,-0.1561f,-1.2035f,0f,0f,0f,1f],start_interpolation: 0,interpolation_duration: 1}
$data merge entity $(bone_tail11) {transformation: [-0.2937f,0f,0f,0f,0f,0.2937f,-0.0129f,-0.2087f,0f,-0.0204f,-0.3321f,-7.2655f,0f,0f,0f,1f],start_interpolation: 0,interpolation_duration: 1}
$data merge entity $(bone_tail10) {transformation: [-0.3916f,0f,0f,0f,0f,0.3905f,-0.0334f,-0.1899f,0f,-0.0455f,-0.4413f,-7.0173f,0f,0f,0f,1f],start_interpolation: 0,interpolation_duration: 1}
$data merge entity $(bone_tail9) {transformation: [-0.4896f,0f,0f,0f,0f,0.4877f,-0.0467f,-0.1636f,0f,-0.0625f,-0.551f,-6.7073f,0f,0f,0f,1f],start_interpolation: 0,interpolation_duration: 1}
$data merge entity $(bone_tail8) {transformation: [-0.5759f,0f,0f,0f,0f,0.5748f,-0.0415f,-0.1403f,0f,-0.0584f,-0.6498f,-6.3418f,0f,0f,0f,1f],start_interpolation: 0,interpolation_duration: 1}
$data merge entity $(bone_tail7) {transformation: [-0.6776f,0f,0f,0f,0f,0.6779f,-0.0139f,-0.1324f,0f,-0.0292f,-0.767f,-5.9104f,0f,0f,0f,1f],start_interpolation: 0,interpolation_duration: 1}
$data merge entity $(bone_tail6) {transformation: [-0.7972f,0f,0f,0f,0f,0.7968f,0.0375f,-0.1535f,0f,0.0267f,-0.9026f,-5.4027f,0f,0f,0f,1f],start_interpolation: 0,interpolation_duration: 1}
$data merge entity $(bone_tail5) {transformation: [-0.8857f,0f,0f,0f,0f,0.8805f,0.1016f,-0.2107f,0f,0.0976f,-0.9985f,-4.841f,0f,0f,0f,1f],start_interpolation: 0,interpolation_duration: 1}
$data merge entity $(bone_tail4) {transformation: [-0.9842f,0f,0f,0f,0f,0.9711f,0.1638f,-0.3029f,0f,0.1662f,-1.1023f,-4.221f,0f,0f,0f,1f],start_interpolation: 0,interpolation_duration: 1}
$data merge entity $(bone_tail3) {transformation: [-1.0935f,0f,0f,0f,0f,1.0743f,0.2082f,-0.42f,0f,0.2144f,-1.2199f,-3.5348f,0f,0f,0f,1f],start_interpolation: 0,interpolation_duration: 1}
$data merge entity $(bone_tail2) {transformation: [-1.215f,0f,0f,0f,0f,1.1957f,0.2203f,-0.5439f,0f,0.2257f,-1.3576f,-2.7711f,0f,0f,0f,1f],start_interpolation: 0,interpolation_duration: 1}
$data merge entity $(bone_tail1) {transformation: [-1.35f,0f,0f,0f,0f,1.3374f,0.1906f,-0.6512f,0f,0.1893f,-1.5174f,-1.9176f,0f,0f,0f,1f],start_interpolation: 0,interpolation_duration: 1}
$data merge entity $(bone_tail0) {transformation: [-1.5f,0f,0f,0f,0f,1.4963f,0.1185f,-0.3437f,0f,0.1046f,-1.6959f,-0.9375f,0f,0f,0f,1f],start_interpolation: 0,interpolation_duration: 1}