# This file was generated by Animated Java via MC-Build. It is not recommended to edit this file directly.
$data merge entity $(bone_leftwing20) {transformation: [-0.9053f,-2.7496f,0.6096f,2.1449f,-2.738f,1.0093f,0.4862f,4.1447f,-0.6599f,-0.4154f,-2.8537f,3.037f,0f,0f,0f,1f],start_interpolation: 0,interpolation_duration: 1}
$data merge entity $(bone_leftwing21) {transformation: [-1.0673f,-2.7495f,-0.2278f,2.1449f,-2.2516f,1.0092f,-1.6317f,4.1447f,1.5943f,-0.4153f,-2.4569f,3.037f,0f,0f,0f,1f],start_interpolation: 0,interpolation_duration: 1}
$data merge entity $(bone_leftwing22) {transformation: [-0.5787f,-2.7548f,-0.9278f,2.1449f,-0.3911f,1.0112f,-2.7585f,4.1447f,2.8804f,-0.4161f,-0.561f,3.037f,0f,0f,0f,1f],start_interpolation: 0,interpolation_duration: 1}
$data merge entity $(bone_leftwing23) {transformation: [0.2612f,-2.7109f,-1.0439f,2.1449f,1.6853f,0.9951f,-2.1625f,4.1447f,2.3661f,-0.4095f,1.6555f,3.037f,0f,0f,0f,1f],start_interpolation: 0,interpolation_duration: 1}
$data merge entity $(bone_leftwing1) {transformation: [-0.5656f,-1.8589f,0.4738f,1.2965f,-1.8065f,0.6823f,0.5204f,1.4349f,-0.6454f,-0.2808f,-1.8721f,2.0689f,0f,0f,0f,1f],start_interpolation: 0,interpolation_duration: 1}
$data merge entity $(bone_leftwing) {transformation: [-0.406f,-1.0895f,0.0965f,0.6875f,-1.0816f,0.3847f,-0.2079f,-0.1875f,0.1624f,-0.1618f,-1.1439f,2.3125f,0f,0f,0f,1f],start_interpolation: 0,interpolation_duration: 1}
$data merge entity $(bone_rightwing20) {transformation: [-0.9053f,2.7496f,-0.6096f,-2.1449f,2.738f,1.0093f,0.4862f,4.1447f,0.6599f,-0.4154f,-2.8537f,3.037f,0f,0f,0f,1f],start_interpolation: 0,interpolation_duration: 1}
$data merge entity $(bone_rightwing21) {transformation: [-1.0674f,2.7496f,0.2278f,-2.1449f,2.2517f,1.0093f,-1.6318f,4.1447f,-1.5944f,-0.4154f,-2.4571f,3.037f,0f,0f,0f,1f],start_interpolation: 0,interpolation_duration: 1}
$data merge entity $(bone_rightwing22) {transformation: [-0.5776f,2.7496f,0.9261f,-2.1449f,0.3904f,1.0093f,-2.7533f,4.1447f,-2.875f,-0.4154f,-0.5599f,3.037f,0f,0f,0f,1f],start_interpolation: 0,interpolation_duration: 1}
$data merge entity $(bone_rightwing23) {transformation: [0.2612f,2.7109f,1.0439f,-2.1449f,-1.6853f,0.9951f,-2.1625f,4.1447f,-2.3661f,-0.4095f,1.6555f,3.037f,0f,0f,0f,1f],start_interpolation: 0,interpolation_duration: 1}
$data merge entity $(bone_rightwing1) {transformation: [-0.5656f,1.8589f,-0.4738f,-1.2965f,1.8065f,0.6823f,0.5204f,1.4349f,0.6454f,-0.2808f,-1.8721f,2.0689f,0f,0f,0f,1f],start_interpolation: 0,interpolation_duration: 1}
$data merge entity $(bone_rightwing) {transformation: [-0.406f,1.0895f,-0.0965f,-0.6875f,1.0816f,0.3847f,-0.2079f,-0.1875f,-0.1624f,-0.1618f,-1.1439f,2.3125f,0f,0f,0f,1f],start_interpolation: 0,interpolation_duration: 1}
$data merge entity $(bone_eyebrow) {transformation: [-0.8923f,0f,0f,0f,0f,0.89f,0.0646f,-0.6009f,0f,0.0646f,-0.89f,6.2818f,0f,0f,0f,1f],start_interpolation: 0,interpolation_duration: 1}
$data merge entity $(bone_head) {transformation: [-1.2269f,0f,0f,0f,0f,1.2237f,0.0888f,-0.9123f,0f,0.0888f,-1.2237f,4.6416f,0f,0f,0f,1f],start_interpolation: 0,interpolation_duration: 1}
$data merge entity $(bone_neck4) {transformation: [-1.0498f,0f,0f,0f,0f,1.0416f,0.1305f,-0.8716f,0f,0.1305f,-1.0416f,4.5806f,0f,0f,0f,1f],start_interpolation: 0,interpolation_duration: 1}
$data merge entity $(bone_neck3) {transformation: [-1.1664f,0f,0f,0f,0f,1.1592f,0.129f,-0.8152f,0f,0.129f,-1.1592f,4.0734f,0f,0f,0f,1f],start_interpolation: 0,interpolation_duration: 1}
$data merge entity $(bone_neck2) {transformation: [-1.296f,0f,0f,0f,0f,1.2958f,0.0221f,-0.8097f,0f,0.0221f,-1.2958f,3.7495f,0f,0f,0f,1f],start_interpolation: 0,interpolation_duration: 1}
$data merge entity $(bone_neck1) {transformation: [-1.44f,0f,0f,0f,0f,1.4361f,-0.1065f,-0.8363f,0f,-0.1065f,-1.4361f,3.3905f,0f,0f,0f,1f],start_interpolation: 0,interpolation_duration: 1}
$data merge entity $(bone_neck0) {transformation: [-1.6f,0f,0f,0f,0f,1.5946f,-0.1312f,-0.9687f,0f,-0.1312f,-1.5946f,3f,0f,0f,0f,1f],start_interpolation: 0,interpolation_duration: 1}
$data merge entity $(bone_frontlegl) {transformation: [-0.9925f,-0.1118f,0.0485f,0.4292f,0f,0.3977f,0.9175f,-0.7619f,-0.1219f,0.9107f,-0.3947f,2.5655f,0f,0f,0f,1f],start_interpolation: 0,interpolation_duration: 1}
$data merge entity $(bone_frontlegtipleft) {transformation: [-0.9925f,-0.0726f,0.0979f,0.7981f,0f,0.8032f,0.5958f,-1.1376f,-0.1219f,0.5913f,-0.7972f,1.6125f,0f,0f,0f,1f],start_interpolation: 0,interpolation_duration: 1}
$data merge entity $(bone_frontfootleftd) {transformation: [-0.9925f,-0.1194f,-0.0244f,0.897f,0f,-0.2005f,0.9797f,-2.6856f,-0.1219f,0.9724f,0.199f,0.7203f,0f,0f,0f,1f],start_interpolation: 0,interpolation_duration: 1}
$data merge entity $(bone_frontfootleft) {transformation: [0.9925f,0.1185f,0.0283f,0.9122f,0f,-0.2323f,0.9726f,-2.2377f,0.1219f,-0.9654f,-0.2306f,0.683f,0f,0f,0f,1f],start_interpolation: 0,interpolation_duration: 1}
$data merge entity $(bone_frontlegr) {transformation: [-0.9925f,0.1118f,-0.0485f,-0.8735f,0f,0.3977f,0.9175f,-0.8006f,0.1219f,0.9107f,-0.3947f,2.6099f,0f,0f,0f,1f],start_interpolation: 0,interpolation_duration: 1}
$data merge entity $(bone_frontlegtipright) {transformation: [-0.9925f,0.0726f,-0.0979f,-0.7497f,0f,0.8032f,0.5958f,-1.1f,0.1219f,0.5913f,-0.7972f,1.567f,0f,0f,0f,1f],start_interpolation: 0,interpolation_duration: 1}
$data merge entity $(bone_frontfootrightd) {transformation: [-0.9925f,0.1194f,0.0244f,-0.8612f,0f,-0.2005f,0.9797f,-2.6408f,0.1219f,0.9724f,0.199f,0.7458f,0f,0f,0f,1f],start_interpolation: 0,interpolation_duration: 1}
$data merge entity $(bone_frontfootright) {transformation: [0.9925f,-0.1185f,-0.0283f,-0.8566f,0f,-0.2323f,0.9726f,-2.1804f,-0.1219f,-0.9654f,-0.2306f,0.6963f,0f,0f,0f,1f],start_interpolation: 0,interpolation_duration: 1}
$data merge entity $(bone_rearlegl) {transformation: [-1.0807f,0.0491f,-0.0574f,0.0011f,0f,0.8229f,0.7045f,-0.3921f,0.0756f,0.7028f,-0.8209f,-0.3952f,0f,0f,0f,1f],start_interpolation: 0,interpolation_duration: 1}
$data merge entity $(bone_rearfootleftd) {transformation: [-0.9976f,0.0343f,0.0608f,0.5287f,0f,-0.8709f,0.4914f,-2.2609f,0.0698f,0.4902f,0.8688f,-2.7058f,0f,0f,0f,1f],start_interpolation: 0,interpolation_duration: 1}
$data merge entity $(bone_rearfootleft) {transformation: [-0.9976f,0.053f,0.0454f,0.5665f,0f,-0.6503f,0.7596f,-1.82f,0.0698f,0.7578f,0.6488f,-2.165f,0f,0f,0f,1f],start_interpolation: 0,interpolation_duration: 1}
$data merge entity $(bone_rearlegtipleft) {transformation: [-0.9976f,0.0688f,-0.0114f,0.5737f,0f,0.1639f,0.9865f,-1.7177f,0.0698f,0.9841f,-0.1635f,-1.1664f,0f,0f,0f,1f],start_interpolation: 0,interpolation_duration: 1}
$data merge entity $(bone_rearlegr) {transformation: [-1.0807f,-0.0491f,0.0574f,-1.3756f,0f,0.8229f,0.7045f,-0.3668f,-0.0756f,0.7028f,-0.8209f,-0.5114f,0f,0f,0f,1f],start_interpolation: 0,interpolation_duration: 1}
$data merge entity $(bone_rearfootrightd) {transformation: [-0.9976f,-0.0608f,0.0343f,-0.5316f,0f,0.4914f,0.8709f,-2.2356f,-0.0698f,0.8688f,-0.4902f,-2.7261f,0f,0f,0f,1f],start_interpolation: 0,interpolation_duration: 1}
$data merge entity $(bone_rearfootright) {transformation: [-0.9976f,-0.053f,-0.0454f,-0.5694f,0f,-0.6503f,0.7596f,-1.7946f,-0.0698f,0.7578f,0.6488f,-2.1854f,0f,0f,0f,1f],start_interpolation: 0,interpolation_duration: 1}
$data merge entity $(bone_rearlegtipright) {transformation: [-0.9976f,-0.0688f,0.0114f,-0.7013f,0f,0.1639f,0.9865f,-1.6924f,-0.0698f,0.9841f,-0.1635f,-1.1955f,0f,0f,0f,1f],start_interpolation: 0,interpolation_duration: 1}
$data merge entity $(bone_tail11) {transformation: [-0.2937f,0f,0f,0f,0f,0.2935f,-0.0151f,-0.957f,0f,-0.0216f,-0.3321f,-7.2661f,0f,0f,0f,1f],start_interpolation: 0,interpolation_duration: 1}
$data merge entity $(bone_tail10) {transformation: [-0.3916f,0f,0f,0f,0f,0.389f,-0.0466f,-0.9308f,0f,-0.0588f,-0.4398f,-7.0187f,0f,0f,0f,1f],start_interpolation: 0,interpolation_duration: 1}
$data merge entity $(bone_tail9) {transformation: [-0.4896f,0f,0f,0f,0f,0.4826f,-0.0835f,-0.8838f,0f,-0.1021f,-0.5452f,-6.7121f,0f,0f,0f,1f],start_interpolation: 0,interpolation_duration: 1}
$data merge entity $(bone_tail8) {transformation: [-0.5759f,0f,0f,0f,0f,0.5652f,-0.1121f,-0.8207f,0f,-0.1357f,-0.6383f,-6.353f,0f,0f,0f,1f],start_interpolation: 0,interpolation_duration: 1}
$data merge entity $(bone_tail7) {transformation: [-0.6776f,0f,0f,0f,0f,0.6661f,-0.1257f,-0.75f,0f,-0.1527f,-0.7523f,-5.9299f,0f,0f,0f,1f],start_interpolation: 0,interpolation_duration: 1}
$data merge entity $(bone_tail6) {transformation: [-0.7972f,0f,0f,0f,0f,0.789f,-0.1159f,-0.6848f,0f,-0.1435f,-0.8917f,-5.4283f,0f,0f,0f,1f],start_interpolation: 0,interpolation_duration: 1}
$data merge entity $(bone_tail5) {transformation: [-0.8857f,0f,0f,0f,0f,0.883f,-0.0737f,-0.6434f,0f,-0.0972f,-0.9988f,-4.8665f,0f,0f,0f,1f],start_interpolation: 0,interpolation_duration: 1}
$data merge entity $(bone_tail4) {transformation: [-0.9842f,0f,0f,0f,0f,0.9845f,-0.0133f,-0.6359f,0f,-0.0304f,-1.1146f,-4.2395f,0f,0f,0f,1f],start_interpolation: 0,interpolation_duration: 1}
$data merge entity $(bone_tail3) {transformation: [-1.0935f,0f,0f,0f,0f,1.0927f,0.0516f,-0.6649f,0f,0.0415f,-1.2382f,-3.543f,0f,0f,0f,1f],start_interpolation: 0,interpolation_duration: 1}
$data merge entity $(bone_tail2) {transformation: [-1.215f,0f,0f,0f,0f,1.2112f,0.1027f,-0.7227f,0f,0.0975f,-1.3731f,-2.7707f,0f,0f,0f,1f],start_interpolation: 0,interpolation_duration: 1}
$data merge entity $(bone_tail1) {transformation: [-1.35f,0f,0f,0f,0f,1.3451f,0.1213f,-0.7909f,0f,0.1165f,-1.5251f,-1.9128f,0f,0f,0f,1f],start_interpolation: 0,interpolation_duration: 1}
$data merge entity $(bone_tail0) {transformation: [-1.5f,0f,0f,0f,0f,1.4978f,0.093f,-0.4687f,0f,0.082f,-1.6975f,-0.9375f,0f,0f,0f,1f],start_interpolation: 0,interpolation_duration: 1}