# This file was generated by Animated Java via MC-Build. It is not recommended to edit this file directly.
$data merge entity $(bone_leftwing20) {transformation: [-1.2438f,-2.6574f,0.3782f,2.8172f,-2.6035f,1.2958f,0.5424f,3.8835f,-0.6529f,-0.1048f,-2.8835f,3.0331f,0f,0f,0f,1f],start_interpolation: 0,interpolation_duration: 1}
$data merge entity $(bone_leftwing21) {transformation: [-1.136f,-2.6572f,-0.632f,2.8172f,-2.1986f,1.2957f,-1.496f,3.8835f,1.6206f,-0.1048f,-2.4726f,3.0331f,0f,0f,0f,1f],start_interpolation: 0,interpolation_duration: 1}
$data merge entity $(bone_leftwing22) {transformation: [-0.3352f,-2.6624f,-1.2586f,2.8172f,-0.4521f,1.2982f,-2.6258f,3.8835f,2.91f,-0.105f,-0.5529f,3.0331f,0f,0f,0f,1f],start_interpolation: 0,interpolation_duration: 1}
$data merge entity $(bone_leftwing23) {transformation: [0.6618f,-2.62f,-1.0976f,2.8172f,1.5497f,1.2776f,-2.115f,3.8835f,2.3806f,-0.1033f,1.682f,3.0331f,0f,0f,0f,1f],start_interpolation: 0,interpolation_duration: 1}
$data merge entity $(bone_leftwing1) {transformation: [-0.8096f,-1.7965f,0.3422f,1.6029f,-1.7122f,0.876f,0.5487f,1.3152f,-0.6427f,-0.0708f,-1.8926f,2.0689f,0f,0f,0f,1f],start_interpolation: 0,interpolation_duration: 1}
$data merge entity $(bone_leftwing) {transformation: [-0.6102f,-0.9937f,-0.0365f,0.6875f,-0.981f,0.6087f,-0.1683f,-0.1562f,0.1624f,-0.0573f,-1.1539f,2.3125f,0f,0f,0f,1f],start_interpolation: 0,interpolation_duration: 1}
$data merge entity $(bone_rightwing20) {transformation: [-1.2438f,2.6574f,-0.3782f,-2.8172f,2.6035f,1.2958f,0.5424f,3.8835f,0.6529f,-0.1048f,-2.8835f,3.0331f,0f,0f,0f,1f],start_interpolation: 0,interpolation_duration: 1}
$data merge entity $(bone_rightwing21) {transformation: [-1.1361f,2.6574f,0.632f,-2.8172f,2.1988f,1.2958f,-1.496f,3.8835f,-1.6207f,-0.1048f,-2.4727f,3.0331f,0f,0f,0f,1f],start_interpolation: 0,interpolation_duration: 1}
$data merge entity $(bone_rightwing22) {transformation: [-0.3345f,2.6574f,1.2562f,-2.8172f,0.4512f,1.2958f,-2.6209f,3.8835f,-2.9045f,-0.1048f,-0.5519f,3.0331f,0f,0f,0f,1f],start_interpolation: 0,interpolation_duration: 1}
$data merge entity $(bone_rightwing23) {transformation: [0.6618f,2.62f,1.0976f,-2.8172f,-1.5497f,1.2776f,-2.115f,3.8835f,-2.3806f,-0.1033f,1.682f,3.0331f,0f,0f,0f,1f],start_interpolation: 0,interpolation_duration: 1}
$data merge entity $(bone_rightwing1) {transformation: [-0.8096f,1.7965f,-0.3422f,-1.6029f,1.7122f,0.876f,0.5487f,1.3152f,0.6427f,-0.0708f,-1.8926f,2.0689f,0f,0f,0f,1f],start_interpolation: 0,interpolation_duration: 1}
$data merge entity $(bone_rightwing) {transformation: [-0.6102f,0.9937f,0.0365f,-0.6875f,0.981f,0.6087f,-0.1683f,-0.1562f,-0.1624f,-0.0573f,-1.1539f,2.3125f,0f,0f,0f,1f],start_interpolation: 0,interpolation_duration: 1}
$data merge entity $(bone_eyebrow) {transformation: [-0.8923f,0f,0f,0f,0f,0.8897f,0.0678f,-0.6309f,0f,0.0678f,-0.8897f,6.2822f,0f,0f,0f,1f],start_interpolation: 0,interpolation_duration: 1}
$data merge entity $(bone_head) {transformation: [-1.2269f,0f,0f,0f,0f,1.2234f,0.0933f,-0.9363f,0f,0.0933f,-1.2234f,4.641f,0f,0f,0f,1f],start_interpolation: 0,interpolation_duration: 1}
$data merge entity $(bone_neck4) {transformation: [-1.0498f,0f,0f,0f,0f,1.0399f,0.1436f,-0.8949f,0f,0.1436f,-1.0399f,4.5805f,0f,0f,0f,1f],start_interpolation: 0,interpolation_duration: 1}
$data merge entity $(bone_neck3) {transformation: [-1.1664f,0f,0f,0f,0f,1.1539f,0.1706f,-0.8203f,0f,0.1706f,-1.1539f,4.0757f,0f,0f,0f,1f],start_interpolation: 0,interpolation_duration: 1}
$data merge entity $(bone_neck2) {transformation: [-1.296f,0f,0f,0f,0f,1.2932f,0.085f,-0.799f,0f,0.085f,-1.2932f,3.7524f,0f,0f,0f,1f],start_interpolation: 0,interpolation_duration: 1}
$data merge entity $(bone_neck1) {transformation: [-1.44f,0f,0f,0f,0f,1.4391f,-0.0499f,-0.8115f,0f,-0.0499f,-1.4391f,3.3926f,0f,0f,0f,1f],start_interpolation: 0,interpolation_duration: 1}
$data merge entity $(bone_neck0) {transformation: [-1.6f,0f,0f,0f,0f,1.5966f,-0.1049f,-0.9375f,0f,-0.1049f,-1.5966f,3f,0f,0f,0f,1f],start_interpolation: 0,interpolation_duration: 1}
$data merge entity $(bone_frontlegl) {transformation: [-0.9925f,-0.1116f,0.0491f,0.4293f,0f,0.4027f,0.9153f,-0.7304f,-0.1219f,0.9085f,-0.3997f,2.5652f,0f,0f,0f,1f],start_interpolation: 0,interpolation_duration: 1}
$data merge entity $(bone_frontlegtipleft) {transformation: [-0.9925f,-0.0721f,0.0983f,0.7979f,0f,0.8064f,0.5914f,-1.1115f,-0.1219f,0.5869f,-0.8004f,1.6143f,0f,0f,0f,1f],start_interpolation: 0,interpolation_duration: 1}
$data merge entity $(bone_frontfootleftd) {transformation: [-0.9925f,-0.1195f,-0.0238f,0.8957f,0f,-0.1951f,0.9808f,-2.6644f,-0.1219f,0.9735f,0.1937f,0.7306f,0f,0f,0f,1f],start_interpolation: 0,interpolation_duration: 1}
$data merge entity $(bone_frontfootleft) {transformation: [0.9925f,0.1184f,0.029f,0.9113f,0f,-0.2376f,0.9714f,-2.2167f,0.1219f,-0.9641f,-0.2359f,0.6908f,0f,0f,0f,1f],start_interpolation: 0,interpolation_duration: 1}
$data merge entity $(bone_frontlegr) {transformation: [-0.9925f,0.1116f,-0.0491f,-0.8735f,0f,0.4027f,0.9153f,-0.7695f,0.1219f,0.9085f,-0.3997f,2.6098f,0f,0f,0f,1f],start_interpolation: 0,interpolation_duration: 1}
$data merge entity $(bone_frontlegtipright) {transformation: [-0.9925f,0.0721f,-0.0983f,-0.7495f,0f,0.8064f,0.5914f,-1.0745f,0.1219f,0.5869f,-0.8004f,1.5686f,0f,0f,0f,1f],start_interpolation: 0,interpolation_duration: 1}
$data merge entity $(bone_frontfootrightd) {transformation: [-0.9925f,0.1195f,0.0238f,-0.8599f,0f,-0.1951f,0.9808f,-2.6198f,0.1219f,0.9735f,0.1937f,0.7558f,0f,0f,0f,1f],start_interpolation: 0,interpolation_duration: 1}
$data merge entity $(bone_frontfootright) {transformation: [0.9925f,-0.1184f,-0.029f,-0.8557f,0f,-0.2376f,0.9714f,-2.1597f,-0.1219f,-0.9641f,-0.2359f,0.7038f,0f,0f,0f,1f],start_interpolation: 0,interpolation_duration: 1}
$data merge entity $(bone_rearlegl) {transformation: [-1.0807f,0.0488f,-0.0577f,0.001f,0f,0.8268f,0.7f,-0.3609f,0.0756f,0.6983f,-0.8248f,-0.3964f,0f,0f,0f,1f],start_interpolation: 0,interpolation_duration: 1}
$data merge entity $(bone_rearfootleftd) {transformation: [-0.9976f,0.0346f,0.0606f,0.5294f,0f,-0.8682f,0.4962f,-2.2422f,0.0698f,0.495f,0.8661f,-2.6968f,0f,0f,0f,1f],start_interpolation: 0,interpolation_duration: 1}
$data merge entity $(bone_rearfootleft) {transformation: [-0.9976f,0.0532f,0.0451f,0.567f,0f,-0.6462f,0.7632f,-1.7982f,0.0698f,0.7613f,0.6446f,-2.1585f,0f,0f,0f,1f],start_interpolation: 0,interpolation_duration: 1}
$data merge entity $(bone_rearlegtipleft) {transformation: [-0.9976f,0.0687f,-0.0118f,0.5741f,0f,0.1693f,0.9856f,-1.6905f,0.0698f,0.9832f,-0.1689f,-1.1604f,0f,0f,0f,1f],start_interpolation: 0,interpolation_duration: 1}
$data merge entity $(bone_rearlegr) {transformation: [-1.0807f,-0.0488f,0.0577f,-1.3755f,0f,0.8268f,0.7f,-0.3357f,-0.0756f,0.6983f,-0.8248f,-0.5128f,0f,0f,0f,1f],start_interpolation: 0,interpolation_duration: 1}
$data merge entity $(bone_rearfootrightd) {transformation: [-0.9976f,-0.0606f,0.0346f,-0.5322f,0f,0.4962f,0.8682f,-2.2169f,-0.0698f,0.8661f,-0.495f,-2.7173f,0f,0f,0f,1f],start_interpolation: 0,interpolation_duration: 1}
$data merge entity $(bone_rearfootright) {transformation: [-0.9976f,-0.0532f,-0.0451f,-0.5698f,0f,-0.6462f,0.7632f,-1.773f,-0.0698f,0.7613f,0.6446f,-2.179f,0f,0f,0f,1f],start_interpolation: 0,interpolation_duration: 1}
$data merge entity $(bone_rearlegtipright) {transformation: [-0.9976f,-0.0687f,0.0118f,-0.7017f,0f,0.1693f,0.9856f,-1.6653f,-0.0698f,0.9832f,-0.1689f,-1.1896f,0f,0f,0f,1f],start_interpolation: 0,interpolation_duration: 1}
$data merge entity $(bone_tail11) {transformation: [-0.2937f,0f,0f,0f,0f,0.2935f,-0.0142f,-1.1284f,0f,-0.0198f,-0.3322f,-7.2509f,0f,0f,0f,1f],start_interpolation: 0,interpolation_duration: 1}
$data merge entity $(bone_tail10) {transformation: [-0.3916f,0f,0f,0f,0f,0.389f,-0.0462f,-1.1024f,0f,-0.0572f,-0.4401f,-7.0033f,0f,0f,0f,1f],start_interpolation: 0,interpolation_duration: 1}
$data merge entity $(bone_tail9) {transformation: [-0.4896f,0f,0f,0f,0f,0.4818f,-0.0874f,-1.0532f,0f,-0.105f,-0.5447f,-6.6969f,0f,0f,0f,1f],start_interpolation: 0,interpolation_duration: 1}
$data merge entity $(bone_tail8) {transformation: [-0.5759f,0f,0f,0f,0f,0.5625f,-0.1244f,-0.9832f,0f,-0.1479f,-0.6356f,-6.3394f,0f,0f,0f,1f],start_interpolation: 0,interpolation_duration: 1}
$data merge entity $(bone_tail7) {transformation: [-0.6776f,0f,0f,0f,0f,0.6608f,-0.1506f,-0.8985f,0f,-0.1787f,-0.7467f,-5.9194f,0f,0f,0f,1f],start_interpolation: 0,interpolation_duration: 1}
$data merge entity $(bone_tail6) {transformation: [-0.7972f,0f,0f,0f,0f,0.782f,-0.156f,-0.8108f,0f,-0.1865f,-0.8838f,-5.4222f,0f,0f,0f,1f],start_interpolation: 0,interpolation_duration: 1}
$data merge entity $(bone_tail5) {transformation: [-0.8857f,0f,0f,0f,0f,0.877f,-0.1261f,-0.7398f,0f,-0.1538f,-0.9918f,-4.8644f,0f,0f,0f,1f],start_interpolation: 0,interpolation_duration: 1}
$data merge entity $(bone_tail4) {transformation: [-0.9842f,0f,0f,0f,0f,0.9817f,-0.0731f,-0.6987f,0f,-0.095f,-1.1111f,-4.2394f,0f,0f,0f,1f],start_interpolation: 0,interpolation_duration: 1}
$data merge entity $(bone_tail3) {transformation: [-1.0935f,0f,0f,0f,0f,1.0938f,-0.0082f,-0.6941f,0f,-0.0229f,-1.2388f,-3.5426f,0f,0f,0f,1f],start_interpolation: 0,interpolation_duration: 1}
$data merge entity $(bone_tail2) {transformation: [-1.215f,0f,0f,0f,0f,1.2143f,0.051f,-0.7228f,0f,0.0427f,-1.376f,-2.7685f,0f,0f,0f,1f],start_interpolation: 0,interpolation_duration: 1}
$data merge entity $(bone_tail1) {transformation: [-1.35f,0f,0f,0f,0f,1.3477f,0.0845f,-0.7703f,0f,0.079f,-1.5276f,-1.9092f,0f,0f,0f,1f],start_interpolation: 0,interpolation_duration: 1}
$data merge entity $(bone_tail0) {transformation: [-1.5f,0f,0f,0f,0f,1.4986f,0.0743f,-0.4375f,0f,0.0656f,-1.6984f,-0.9375f,0f,0f,0f,1f],start_interpolation: 0,interpolation_duration: 1}