# This file was generated by Animated Java via MC-Build. It is not recommended to edit this file directly.
$data merge entity $(bone_leftwing20) {transformation: [-1.7018f,-2.4077f,0.242f,3.6128f,-2.3186f,1.7071f,0.6797f,3.326f,-0.6928f,0.2013f,-2.869f,3.0718f,0f,0f,0f,1f],start_interpolation: 0,interpolation_duration: 1}
$data merge entity $(bone_leftwing21) {transformation: [-1.3562f,-2.4076f,-1.056f,3.6128f,-2.0994f,1.707f,-1.1956f,3.326f,1.5824f,0.2013f,-2.4912f,3.0718f,0f,0f,0f,1f],start_interpolation: 0,interpolation_duration: 1}
$data merge entity $(bone_leftwing22) {transformation: [-0.1828f,-2.4123f,-1.7124f,3.6128f,-0.5995f,1.7103f,-2.3453f,3.326f,2.8969f,0.2017f,-0.5934f,3.0718f,0f,0f,0f,1f],start_interpolation: 0,interpolation_duration: 1}
$data merge entity $(bone_leftwing23) {transformation: [1.0872f,-2.3738f,-1.3f,3.6128f,1.2504f,1.683f,-2.0276f,3.326f,2.4003f,0.1985f,1.645f,3.0718f,0f,0f,0f,1f],start_interpolation: 0,interpolation_duration: 1}
$data merge entity $(bone_leftwing1) {transformation: [-1.1271f,-1.6278f,0.283f,1.9222f,-1.5109f,1.1541f,0.6208f,1.0598f,-0.6686f,0.1361f,-1.88f,2.0689f,0f,0f,0f,1f],start_interpolation: 0,interpolation_duration: 1}
$data merge entity $(bone_leftwing) {transformation: [-0.8231f,-0.8128f,-0.1514f,0.6875f,-0.8107f,0.8354f,-0.0774f,-0.1562f,0.1624f,0.0506f,-1.1542f,2.3125f,0f,0f,0f,1f],start_interpolation: 0,interpolation_duration: 1}
$data merge entity $(bone_rightwing20) {transformation: [-1.7018f,2.4077f,-0.242f,-3.6128f,2.3186f,1.7071f,0.6797f,3.326f,0.6928f,0.2013f,-2.869f,3.0718f,0f,0f,0f,1f],start_interpolation: 0,interpolation_duration: 1}
$data merge entity $(bone_rightwing21) {transformation: [-1.3562f,2.4077f,1.056f,-3.6128f,2.0995f,1.7071f,-1.1957f,3.326f,-1.5825f,0.2013f,-2.4914f,3.0718f,0f,0f,0f,1f],start_interpolation: 0,interpolation_duration: 1}
$data merge entity $(bone_rightwing22) {transformation: [-0.1825f,2.4077f,1.7092f,-3.6128f,0.5983f,1.7071f,-2.3409f,3.326f,-2.8914f,0.2013f,-0.5923f,3.0718f,0f,0f,0f,1f],start_interpolation: 0,interpolation_duration: 1}
$data merge entity $(bone_rightwing23) {transformation: [1.0872f,2.3738f,1.3f,-3.6128f,-1.2504f,1.683f,-2.0276f,3.326f,-2.4003f,0.1985f,1.645f,3.0718f,0f,0f,0f,1f],start_interpolation: 0,interpolation_duration: 1}
$data merge entity $(bone_rightwing1) {transformation: [-1.1271f,1.6278f,-0.283f,-1.9222f,1.5109f,1.1541f,0.6208f,1.0598f,0.6686f,0.1361f,-1.88f,2.0689f,0f,0f,0f,1f],start_interpolation: 0,interpolation_duration: 1}
$data merge entity $(bone_rightwing) {transformation: [-0.8231f,0.8128f,0.1514f,-0.6875f,0.8107f,0.8354f,-0.0774f,-0.1562f,-0.1624f,0.0506f,-1.1542f,2.3125f,0f,0f,0f,1f],start_interpolation: 0,interpolation_duration: 1}
$data merge entity $(bone_eyebrow) {transformation: [-0.8923f,0f,0f,0f,0f,0.8897f,0.0677f,-0.6826f,0f,0.0677f,-0.8897f,6.2809f,0f,0f,0f,1f],start_interpolation: 0,interpolation_duration: 1}
$data merge entity $(bone_head) {transformation: [-1.2269f,0f,0f,0f,0f,1.2234f,0.0931f,-0.9883f,0f,0.0931f,-1.2234f,4.6397f,0f,0f,0f,1f],start_interpolation: 0,interpolation_duration: 1}
$data merge entity $(bone_neck4) {transformation: [-1.0498f,0f,0f,0f,0f,1.039f,0.1496f,-0.9465f,0f,0.1496f,-1.039f,4.5795f,0f,0f,0f,1f],start_interpolation: 0,interpolation_duration: 1}
$data merge entity $(bone_neck3) {transformation: [-1.1664f,0f,0f,0f,0f,1.1485f,0.2035f,-0.8574f,0f,0.2035f,-1.1485f,4.077f,0f,0f,0f,1f],start_interpolation: 0,interpolation_duration: 1}
$data merge entity $(bone_neck2) {transformation: [-1.296f,0f,0f,0f,0f,1.288f,0.1435f,-0.8216f,0f,0.1435f,-1.288f,3.755f,0f,0f,0f,1f],start_interpolation: 0,interpolation_duration: 1}
$data merge entity $(bone_neck1) {transformation: [-1.44f,0f,0f,0f,0f,1.44f,0.0093f,-0.8192f,0f,0.0093f,-1.44f,3.395f,0f,0f,0f,1f],start_interpolation: 0,interpolation_duration: 1}
$data merge entity $(bone_neck0) {transformation: [-1.6f,0f,0f,0f,0f,1.5983f,-0.0734f,-0.9375f,0f,-0.0734f,-1.5983f,3f,0f,0f,0f,1f],start_interpolation: 0,interpolation_duration: 1}
$data merge entity $(bone_frontlegl) {transformation: [-0.9925f,-0.1112f,0.0498f,0.4293f,0f,0.4087f,0.9127f,-0.7302f,-0.1219f,0.9059f,-0.4057f,2.5649f,0f,0f,0f,1f],start_interpolation: 0,interpolation_duration: 1}
$data merge entity $(bone_frontlegtipleft) {transformation: [-0.9925f,-0.0714f,0.0987f,0.7976f,0f,0.8103f,0.586f,-1.1177f,-0.1219f,0.5817f,-0.8042f,1.6165f,0f,0f,0f,1f],start_interpolation: 0,interpolation_duration: 1}
$data merge entity $(bone_frontfootleftd) {transformation: [-0.9925f,-0.1197f,-0.023f,0.8942f,0f,-0.1887f,0.982f,-2.6764f,-0.1219f,0.9747f,0.1873f,0.7429f,0f,0f,0f,1f],start_interpolation: 0,interpolation_duration: 1}
$data merge entity $(bone_frontfootleft) {transformation: [0.9925f,0.1182f,0.0297f,0.9101f,0f,-0.244f,0.9698f,-2.229f,0.1219f,-0.9625f,-0.2422f,0.7002f,0f,0f,0f,1f],start_interpolation: 0,interpolation_duration: 1}
$data merge entity $(bone_frontlegr) {transformation: [-0.9925f,0.1112f,-0.0498f,-0.8735f,0f,0.4087f,0.9127f,-0.7697f,0.1219f,0.9059f,-0.4057f,2.6097f,0f,0f,0f,1f],start_interpolation: 0,interpolation_duration: 1}
$data merge entity $(bone_frontlegtipright) {transformation: [-0.9925f,0.0714f,-0.0987f,-0.7492f,0f,0.8103f,0.586f,-1.0814f,0.1219f,0.5817f,-0.8042f,1.5705f,0f,0f,0f,1f],start_interpolation: 0,interpolation_duration: 1}
$data merge entity $(bone_frontfootrightd) {transformation: [-0.9925f,0.1197f,0.023f,-0.8585f,0f,-0.1887f,0.982f,-2.6321f,0.1219f,0.9747f,0.1873f,0.7679f,0f,0f,0f,1f],start_interpolation: 0,interpolation_duration: 1}
$data merge entity $(bone_frontfootright) {transformation: [0.9925f,-0.1182f,-0.0297f,-0.8546f,0f,-0.244f,0.9698f,-2.1722f,-0.1219f,-0.9625f,-0.2422f,0.7128f,0f,0f,0f,1f],start_interpolation: 0,interpolation_duration: 1}
$data merge entity $(bone_rearlegl) {transformation: [-1.0807f,0.0485f,-0.058f,0.0009f,0f,0.8314f,0.6946f,-0.361f,0.0756f,0.6929f,-0.8294f,-0.398f,0f,0f,0f,1f],start_interpolation: 0,interpolation_duration: 1}
$data merge entity $(bone_rearfootleftd) {transformation: [-0.9976f,0.035f,0.0603f,0.5301f,0f,-0.8649f,0.5019f,-2.257f,0.0698f,0.5006f,0.8628f,-2.686f,0f,0f,0f,1f],start_interpolation: 0,interpolation_duration: 1}
$data merge entity $(bone_rearfootleft) {transformation: [-0.9976f,0.0535f,0.0447f,0.5676f,0f,-0.6411f,0.7674f,-1.8096f,0.0698f,0.7656f,0.6396f,-2.1505f,0f,0f,0f,1f],start_interpolation: 0,interpolation_duration: 1}
$data merge entity $(bone_rearlegtipleft) {transformation: [-0.9976f,0.0687f,-0.0123f,0.5746f,0f,0.1758f,0.9844f,-1.6953f,0.0698f,0.982f,-0.1753f,-1.1532f,0f,0f,0f,1f],start_interpolation: 0,interpolation_duration: 1}
$data merge entity $(bone_rearlegr) {transformation: [-1.0807f,-0.0485f,0.058f,-1.3754f,0f,0.8314f,0.6946f,-0.3359f,-0.0756f,0.6929f,-0.8294f,-0.5145f,0f,0f,0f,1f],start_interpolation: 0,interpolation_duration: 1}
$data merge entity $(bone_rearfootrightd) {transformation: [-0.9976f,-0.0603f,0.035f,-0.5329f,0f,0.5019f,0.8649f,-2.2319f,-0.0698f,0.8628f,-0.5006f,-2.7066f,0f,0f,0f,1f],start_interpolation: 0,interpolation_duration: 1}
$data merge entity $(bone_rearfootright) {transformation: [-0.9976f,-0.0535f,-0.0447f,-0.5704f,0f,-0.6411f,0.7674f,-1.7845f,-0.0698f,0.7656f,0.6396f,-2.1712f,0f,0f,0f,1f],start_interpolation: 0,interpolation_duration: 1}
$data merge entity $(bone_rearlegtipright) {transformation: [-0.9976f,-0.0687f,0.0123f,-0.7022f,0f,0.1758f,0.9844f,-1.6702f,-0.0698f,0.982f,-0.1753f,-1.1826f,0f,0f,0f,1f],start_interpolation: 0,interpolation_duration: 1}
$data merge entity $(bone_tail11) {transformation: [-0.2937f,0f,0f,0f,0f,0.2935f,-0.0127f,-1.315f,0f,-0.0169f,-0.3324f,-7.231f,0f,0f,0f,1f],start_interpolation: 0,interpolation_duration: 1}
$data merge entity $(bone_tail10) {transformation: [-0.3916f,0f,0f,0f,0f,0.3893f,-0.0436f,-1.2904f,0f,-0.0528f,-0.4407f,-6.9831f,0f,0f,0f,1f],start_interpolation: 0,interpolation_duration: 1}
$data merge entity $(bone_tail9) {transformation: [-0.4896f,0f,0f,0f,0f,0.4818f,-0.087f,-1.2415f,0f,-0.1027f,-0.5452f,-6.6765f,0f,0f,0f,1f],start_interpolation: 0,interpolation_duration: 1}
$data merge entity $(bone_tail8) {transformation: [-0.5759f,0f,0f,0f,0f,0.561f,-0.1307f,-1.168f,0f,-0.1529f,-0.6345f,-6.3196f,0f,0f,0f,1f],start_interpolation: 0,interpolation_duration: 1}
$data merge entity $(bone_tail7) {transformation: [-0.6776f,0f,0f,0f,0f,0.6565f,-0.1679f,-1.0736f,0f,-0.196f,-0.7424f,-5.902f,0f,0f,0f,1f],start_interpolation: 0,interpolation_duration: 1}
$data merge entity $(bone_tail6) {transformation: [-0.7972f,0f,0f,0f,0f,0.7747f,-0.1882f,-0.9677f,0f,-0.2199f,-0.8762f,-5.4091f,0f,0f,0f,1f],start_interpolation: 0,interpolation_duration: 1}
$data merge entity $(bone_tail5) {transformation: [-0.8857f,0f,0f,0f,0f,0.869f,-0.1719f,-0.871f,0f,-0.2023f,-0.9831f,-4.8561f,0f,0f,0f,1f],start_interpolation: 0,interpolation_duration: 1}
$data merge entity $(bone_tail4) {transformation: [-0.9842f,0f,0f,0f,0f,0.9758f,-0.1291f,-0.7984f,0f,-0.1547f,-1.1045f,-4.2348f,0f,0f,0f,1f],start_interpolation: 0,interpolation_duration: 1}
$data merge entity $(bone_tail3) {transformation: [-1.0935f,0f,0f,0f,0f,1.0916f,-0.0676f,-0.7604f,0f,-0.0861f,-1.2362f,-3.5395f,0f,0f,0f,1f],start_interpolation: 0,interpolation_duration: 1}
$data merge entity $(bone_tail2) {transformation: [-1.215f,0f,0f,0f,0f,1.2152f,-0.0032f,-0.7586f,0f,-0.0142f,-1.3768f,-2.7651f,0f,0f,0f,1f],start_interpolation: 0,interpolation_duration: 1}
$data merge entity $(bone_tail1) {transformation: [-1.35f,0f,0f,0f,0f,1.3495f,0.0435f,-0.7831f,0f,0.0376f,-1.5294f,-1.9048f,0f,0f,0f,1f],start_interpolation: 0,interpolation_duration: 1}
$data merge entity $(bone_tail0) {transformation: [-1.5f,0f,0f,0f,0f,1.4993f,0.052f,-0.4375f,0f,0.0459f,-1.6992f,-0.9375f,0f,0f,0f,1f],start_interpolation: 0,interpolation_duration: 1}