# This file was generated by Animated Java via MC-Build. It is not recommended to edit this file directly.
$data merge entity $(bone_leftwing20) { transformation: [-1.701763029799074f,-2.4077314650335575f,0.24200804492319475f,3.612835326895759f,-2.318562959706721f,1.7070559156919365f,0.6796778749439214f,3.2947987224738697f,-0.6928235730661869f,0.2013092250733533f,-2.86900787792841f,2.0092967385163103f,0f,0f,0f,1f], start_interpolation: 0, interpolation_duration: 1 }
$data merge entity $(bone_leftwing21) { transformation: [-1.3561571739295135f,-2.407602261415504f,-1.055976295143885f,3.612835326895759f,-2.0994158494132296f,1.7069643117054747f,-1.1956265283422423f,3.2947987224738697f,1.5824309388758113f,0.20129842242338808f,-2.491222216964559f,2.0092967385163103f,0f,0f,0f,1f], start_interpolation: 0, interpolation_duration: 1 }
$data merge entity $(bone_leftwing22) { transformation: [-0.18281247641450374f,-2.412251217845665f,-1.712380750100206f,3.612835326895759f,-0.5994703603430017f,1.7102603722052239f,-2.3452652129725378f,3.2947987224738697f,2.8968671109289548f,0.20168711934825154f,-0.5933864005448524f,2.0092967385163103f,0f,0f,0f,1f], start_interpolation: 0, interpolation_duration: 1 }
$data merge entity $(bone_leftwing23) { transformation: [1.0871901126176255f,-2.3738197542584367f,-1.2999776451013807f,3.612835326895759f,1.2503723355236231f,1.6830128746258528f,-2.0275554569099374f,3.2947987224738697f,2.4003189633938478f,0.19847388387513704f,1.6449989166670724f,2.0092967385163103f,0f,0f,0f,1f], start_interpolation: 0, interpolation_duration: 1 }
$data merge entity $(bone_leftwing1) { transformation: [-1.1270831762225573f,-1.6277621172057852f,0.2829735034695139f,1.922210562561923f,-1.51086148423659f,1.1540659711720134f,0.6208295334737275f,1.0285064961189847f,-0.6685664434642832f,0.1360963775143797f,-1.8800257143722747f,1.0064470733198856f,0f,0f,0f,1f], start_interpolation: 0, interpolation_duration: 1 }
$data merge entity $(bone_leftwing) { transformation: [-0.823140375041282f,-0.8127897257172534f,-0.1514063930502303f,0.6874999999999999f,-0.8106709974126566f,0.8354201061864602f,-0.07743959739360298f,-0.1875f,0.16236861778674289f,0.05056895350891426f,-1.1542054947062708f,1.25f,0f,0f,0f,1f], start_interpolation: 0, interpolation_duration: 1 }
$data merge entity $(bone_rightwing20) { transformation: [-1.701763029799074f,2.4077314650335575f,-0.2420080449231942f,-3.6128353268957594f,2.318562959706721f,1.7070559156919365f,0.6796778749439214f,3.2947987224738697f,0.6928235730661866f,0.2013092250733539f,-2.8690078779284103f,2.00929673851631f,0f,0f,0f,1f], start_interpolation: 0, interpolation_duration: 1 }
$data merge entity $(bone_rightwing21) { transformation: [-1.3562299519029886f,2.4077314650335575f,1.0560329639550499f,-3.6128353268957594f,2.09952851425322f,1.7070559156919365f,-1.195690691462446f,3.2947987224738697f,-1.5825158597973024f,0.2013092250733539f,-2.491355908035117f,2.00929673851631f,0f,0f,0f,1f], start_interpolation: 0, interpolation_duration: 1 }
$data merge entity $(bone_rightwing22) { transformation: [-0.182469946914155f,2.4077314650335575f,1.7091723207071945f,-3.6128353268957594f,0.598347153179962f,1.7070559156919365f,-2.3408709695525105f,3.2947987224738697f,-2.8914393498508133f,0.2013092250733539f,-0.5922745926897298f,2.00929673851631f,0f,0f,0f,1f], start_interpolation: 0, interpolation_duration: 1 }
$data merge entity $(bone_rightwing23) { transformation: [1.0871901126176262f,2.3738197542584367f,1.2999776451013807f,-3.6128353268957594f,-1.2503723355236231f,1.6830128746258528f,-2.0275554569099374f,3.2947987224738697f,-2.4003189633938473f,0.19847388387513762f,1.644998916667073f,2.00929673851631f,0f,0f,0f,1f], start_interpolation: 0, interpolation_duration: 1 }
$data merge entity $(bone_rightwing1) { transformation: [-1.1270831762225575f,1.6277621172057852f,-0.2829735034695135f,-1.922210562561923f,1.51086148423659f,1.1540659711720134f,0.6208295334737275f,1.0285064961189847f,0.668566443464283f,0.13609637751438008f,-1.880025714372275f,1.0064470733198854f,0f,0f,0f,1f], start_interpolation: 0, interpolation_duration: 1 }
$data merge entity $(bone_rightwing) { transformation: [-0.823140375041282f,0.8127897257172534f,0.15140639305023054f,-0.6875000000000001f,0.8106709974126566f,0.8354201061864602f,-0.07743959739360298f,-0.1875f,-0.16236861778674308f,0.05056895350891445f,-1.1542054947062708f,1.25f,0f,0f,0f,1f], start_interpolation: 0, interpolation_duration: 1 }
$data merge entity $(bone_head) { transformation: [-1.2269070000000002f,-1.1396449737705502e-17f,1.4981994773604158e-16f,-4.380838638223718e-16f,0f,1.2233727131802579f,0.09305907422156452f,-1.0195523970997478f,-1.5025277304014817e-16f,0.09305907422156452f,-1.2233727131802579f,3.5772262184279f,0f,0f,0f,1f], start_interpolation: 0, interpolation_duration: 1 }
$data merge entity $(bone_neck4) { transformation: [-1.0497600000000002f,-1.8325114729809524e-17f,1.2724576161327858e-16f,-4.307036635568484e-16f,0f,1.039040494793046f,0.14963591741364268f,-0.9777301367991125f,-1.2855852238729257e-16f,0.14963591741364268f,-1.039040494793046f,3.5169623099225107f,0f,0f,0f,1f], start_interpolation: 0, interpolation_duration: 1 }
$data merge entity $(bone_neck3) { transformation: [-1.1664000000000003f,-2.4924998153149842e-17f,1.4065138014502397e-16f,-3.691686847434004e-16f,0f,1.1485056772528288f,0.2035280553585213f,-0.8886866125797593f,-1.428428026525473e-16f,0.2035280553585213f,-1.1485056772528288f,3.014491076124398f,0f,0f,0f,1f], start_interpolation: 0, interpolation_duration: 1 }
$data merge entity $(bone_neck2) { transformation: [-1.2960000000000003f,-1.7568256143301325e-17f,1.5773890340444596e-16f,-3.2973395889228892e-16f,0f,1.2880358934042857f,0.14345569804724947f,-0.8528226880679469f,-1.58714225169497e-16f,0.14345569804724947f,-1.2880358934042857f,2.6924821027733263f,0f,0f,0f,1f], start_interpolation: 0, interpolation_duration: 1 }
$data merge entity $(bone_neck1) { transformation: [-1.4400000000000002f,-1.1381068399855664e-18f,1.76345466531173e-16f,-2.856475922594957e-16f,0f,1.4399700113857448f,0.009293347606656552f,-0.8504993511662828f,-1.7634913907721887e-16f,0.009293347606656552f,-1.4399700113857448f,2.33248959992689f,0f,0f,0f,1f], start_interpolation: 0, interpolation_duration: 1 }
$data merge entity $(bone_neck0) { transformation: [-1.6f,8.99184612877911e-18f,1.9573706123097873e-16f,-2.372753173347997e-16f,0f,1.5983143986270858f,-0.07342399567809742f,-0.96875f,-1.9594348786357652e-16f,-0.07342399567809742f,-1.5983143986270858f,1.9375f,0f,0f,0f,1f], start_interpolation: 0, interpolation_duration: 1 }
$data merge entity $(bone_frontlegl) { transformation: [-0.992546151641322f,-0.11122629269283532f,0.04980811857327592f,0.4292925797015723f,0f,0.40870096762310204f,0.9126683510804678f,-0.7614121436739045f,-0.12186934340514756f,0.9058654595897493f,-0.4056545725863945f,1.5023696756866918f,0f,0f,0f,1f], start_interpolation: 0, interpolation_duration: 1 }
$data merge entity $(bone_frontlegtipleft) { transformation: [-0.992546151641322f,-0.0714207357541209f,0.09874824234558216f,0.797620905803972f,0f,0.8102795960531217f,0.5860434934541889f,-1.1489885211465096f,-0.12186934340514756f,0.5816752141223915f,-0.804239894816011f,0.553953450704022f,0f,0f,0f,1f], start_interpolation: 0, interpolation_duration: 1 }
$data merge entity $(bone_frontfootleftd) { transformation: [-0.992546151641322f,-0.1196800081906316f,-0.02299635843980749f,0.8942213769589403f,-8.582414452468843e-17f,-0.18869682725176715f,0.9820353900879117f,-2.707680914723261f,-0.1218693434051474f,0.9747154472073412f,0.18729030971566893f,-0.3196085372167686f,0f,0f,0f,1f], start_interpolation: 0, interpolation_duration: 1 }
$data merge entity $(bone_frontfootleft) { transformation: [0.992546151641322f,0.11818560440597708f,0.02973717829915387f,0.9101250579453134f,1.1570659010303629e-16f,-0.2440086855994168f,0.9697730463113755f,-2.2602838953542177f,0.12186934340514752f,-0.9625445050818372f,-0.24218988185875823f,-0.3623193389206205f,0f,0f,0f,1f], start_interpolation: 0, interpolation_duration: 1 }
$data merge entity $(bone_frontlegr) { transformation: [-0.992546151641322f,0.11122629269283509f,-0.049808118573275814f,-0.8735245630307394f,0f,0.40870096762310204f,0.9126683510804678f,-0.8009711548213189f,0.12186934340514731f,0.9058654595897493f,-0.4056545725863945f,1.5472114572272542f,0f,0f,0f,1f], start_interpolation: 0, interpolation_duration: 1 }
$data merge entity $(bone_frontlegtipright) { transformation: [-0.992546151641322f,0.07142073575412075f,-0.09874824234558194f,-0.7492455542708628f,0f,0.8102795960531217f,0.5860434934541889f,-1.1126655240330408f,0.12186934340514731f,0.5816752141223915f,-0.804239894816011f,0.508005496261707f,0f,0f,0f,1f], start_interpolation: 0, interpolation_duration: 1 }
$data merge entity $(bone_frontfootrightd) { transformation: [-0.992546151641322f,0.11968000819063168f,0.02299635843980733f,-0.8584579502586545f,-8.582414452468843e-17f,-0.18869682725176715f,0.9820353900879117f,-2.663313225030674f,0.12186934340514746f,0.9747154472073412f,0.18729030971566893f,-0.2946438051628486f,0f,0f,0f,1f], start_interpolation: 0, interpolation_duration: 1 }
$data merge entity $(bone_frontfootright) { transformation: [0.992546151641322f,-0.11818560440597685f,-0.029737178299154045f,-0.8545531997473214f,1.1570659010303629e-16f,-0.2440086855994168f,0.9697730463113755f,-2.2034858076763486f,-0.12186934340514735f,-0.9625445050818372f,-0.24218988185875823f,-0.34965645001290424f,0f,0f,0f,1f], start_interpolation: 0, interpolation_duration: 1 }
$data merge entity $(bone_rearlegl) { transformation: [-1.080694387781476f,0.048450499288959226f,-0.0579939690604277f,0.0009333967215261474f,-3.758567531283082e-18f,0.8313775904607265f,0.6945663490198957f,-0.39224975139004764f,0.07556951322280225f,0.6928744203024658f,-0.8293523964352557f,-1.4604612278815396f,0f,0f,0f,1f], start_interpolation: 0, interpolation_duration: 1 }
$data merge entity $(bone_rearfootleftd) { transformation: [-0.9975640502598242f,0.03500811513707093f,0.060335706706430535f,0.5301202231111438f,-3.469446951953614e-18f,-0.8649477742775376f,0.5018618811708397f,-2.288275442384176f,0.06975647374412516f,0.5006393708517975f,0.8628408049715204f,-3.748453116750092f,0f,0f,0f,1f], start_interpolation: 0, interpolation_duration: 1 }
$data merge entity $(bone_rearfootleft) { transformation: [-0.9975640502598242f,0.053532894517317894f,0.0447235378051931f,0.5675592671668788f,-3.469446951953614e-18f,-0.6411381683260573f,0.767425468117594f,-1.8408127040940871f,0.06975647374412516f,0.7655560582479286f,0.6395763879715065f,-3.21304984273869f,0f,0f,0f,1f], start_interpolation: 0, interpolation_duration: 1 }
$data merge entity $(bone_rearlegtipleft) { transformation: [-0.9975640502598242f,0.06867049891867813f,-0.012260840406540118f,0.5746483154697266f,-3.469446951953614e-18f,0.17576634466235064f,0.9844319133815379f,-1.7265733540180825f,0.06975647374412516f,0.9820338867179154f,-0.17533818668073886f,-2.215697539744221f,0f,0f,0f,1f], start_interpolation: 0, interpolation_duration: 1 }
$data merge entity $(bone_rearlegr) { transformation: [-1.080694387781476f,-0.04845049928895939f,0.05799396906042791f,-1.3754089448389801f,3.758567531283082e-18f,0.8313775904607265f,0.6945663490198957f,-0.3671509919552042f,-0.07556951322280253f,0.6928744203024658f,-0.8293523964352557f,-1.5770379382624142f,0f,0f,0f,1f], start_interpolation: 0, interpolation_duration: 1 }
$data merge entity $(bone_rearfootrightd) { transformation: [-0.9975640502598242f,-0.035008115137071055f,-0.06033570670643075f,-0.5329452021213389f,3.469446951953614e-18f,-0.8649477742775376f,0.5018618811708397f,-2.2631766829493323f,-0.06975647374412541f,0.5006393708517975f,0.8628408049715204f,-3.7691146757327942f,0f,0f,0f,1f], start_interpolation: 0, interpolation_duration: 1 }
$data merge entity $(bone_rearfootright) { transformation: [-0.9975640502598242f,-0.05353289451731809f,-0.04472353780519326f,-0.5703842461770741f,3.469446951953614e-18f,-0.6411381683260573f,0.767425468117594f,-1.8157139446592436f,-0.06975647374412541f,0.7655560582479286f,0.6395763879715065f,-3.2337114017213926f,0f,0f,0f,1f], start_interpolation: 0, interpolation_duration: 1 }
$data merge entity $(bone_rearlegtipright) { transformation: [-0.9975640502598242f,-0.06867049891867838f,0.012260840406540166f,-0.7021688007624003f,3.469446951953614e-18f,0.17576634466235064f,0.9844319133815379f,-1.701474594583239f,-0.06975647374412541f,0.9820338867179154f,-0.17533818668073886f,-2.245078657944939f,0f,0f,0f,1f], start_interpolation: 0, interpolation_duration: 1 }
$data merge entity $(bone_tail11) { transformation: [-0.2937340837125001f,2.0731072703984805e-18f,4.071134774810417e-17f,1.0156640361693148e-15f,0f,0.2934990869095443f,-0.012687663903954843f,-1.3462120305074559f,-3.5972050541899386e-17f,-0.01692820551886355f,-0.33243338223273033f,-8.29352623855678f,0f,0f,0f,1f], start_interpolation: 0, interpolation_duration: 1 }
$data merge entity $(bone_tail10) { transformation: [-0.39164544495000014f,6.461593250996721e-18f,5.3966672906602884e-17f,9.853077826593507e-16f,0f,0.3892657259474892f,-0.04357981787782972f,-1.3216983829511766f,-4.796273405586585e-17f,-0.05276291299250964f,-0.44067132616666777f,-8.045648617588029f,0f,0f,0f,1f], start_interpolation: 0, interpolation_duration: 1 }
$data merge entity $(bone_tail9) { transformation: [-0.48955680618750014f,1.2582456825374508e-17f,6.676486622025707e-17f,9.477525454104562e-16f,0f,0.48183389824352896f,-0.08698155700613258f,-1.272771257135227f,-5.99534175698323e-17f,-0.10274355703321894f,-0.5451765053135433f,-7.738986833349161f,0f,0f,0f,1f], start_interpolation: 0, interpolation_duration: 1 }
$data merge entity $(bone_tail8) { transformation: [-0.5759491837500001f,1.8727147754471555e-17f,7.770479538484426e-17f,9.040435980064812e-16f,0f,0.5610118957498809f,-0.13065780300320817f,-1.1992762429459225f,-7.053343243509683e-17f,-0.1529187661904651f,-0.6345078061604814f,-7.38207619238389f,0f,0f,0f,1f], start_interpolation: 0, interpolation_duration: 1 }
$data merge entity $(bone_tail7) { transformation: [-0.6775872750000002f,2.3998848161871368e-17f,9.09208655014777e-17f,8.529006111618999e-16f,0f,0.6565445031724084f,-0.16791697158149077f,-1.104822946431334f,-8.298050874717275e-17f,-0.19596546676625706f,-0.7424252083521582f,-6.964462012685801f,0f,0f,0f,1f], start_interpolation: 0, interpolation_duration: 1 }
$data merge entity $(bone_tail6) { transformation: [-0.7971615000000002f,2.693515813492457e-17f,1.0730013375982097e-16f,7.925442859220006e-16f,0f,0.7747433586858701f,-0.18817127622925917f,-0.9989766035523757f,-9.76241279378503e-17f,-0.2199422572588103f,-0.8761720835307579f,-6.4716152156997495f,0f,0f,0f,1f], start_interpolation: 0, interpolation_duration: 1 }
$data merge entity $(bone_tail5) { transformation: [-0.8857350000000002f,2.477756104085304e-17f,1.2039820836825253e-16f,7.248202937148586e-16f,0f,0.8690146603484017f,-0.1718980903457152f,-0.9022839277329109f,-1.0847125326427811e-16f,-0.20232413997328985f,-0.9831259792789112f,-5.918606852355362f,0f,0f,0f,1f], start_interpolation: 0, interpolation_duration: 1 }
$data merge entity $(bone_tail4) { transformation: [-0.9841500000000002f,1.8948547966248163e-17f,1.352584524580681e-16f,6.487374142071952e-16f,0f,0.9757818564213132f,-0.12906953812864883f,-0.8296823125355459f,-1.205236147380868e-16f,-0.15472663611615106f,-1.1044690808177537f,-5.297342994395375f,0f,0f,0f,1f], start_interpolation: 0, interpolation_duration: 1 }
$data merge entity $(bone_tail3) { transformation: [-1.0935000000000001f,1.0544898246078826e-17f,1.5138793508109055e-16f,5.635817007240818e-16f,0f,1.091553335348479f,-0.06761677622894106f,-0.7916478759067666f,-1.339151274867631e-16f,-0.0861056286059017f,-1.236176301497646f,-4.60199382480295f,0f,0f,0f,1f], start_interpolation: 0, interpolation_duration: 1 }
$data merge entity $(bone_tail2) { transformation: [-1.215f,1.7430514365368445e-18f,1.68607370642037e-16f,4.68740054737936e-16f,0f,1.215157481059354f,-0.0032341313691470266f,-0.7898286770116213f,-1.4879458609640342e-16f,-0.01423309510750713f,-1.3767836633340162f,-3.8275530141775658f,0f,0f,0f,1f], start_interpolation: 0, interpolation_duration: 1 }
$data merge entity $(bone_tail1) { transformation: [-1.35f,-4.602580843379717e-18f,1.8729499022813583e-16f,3.633866227346096e-16f,0f,1.3494778994571133f,0.04352913697727782f,-0.81431381656134f,-1.6532731788489269e-16f,0.037582924697832976f,-1.5293796575350371f,-2.9672769568141075f,0f,0f,0f,1f], start_interpolation: 0, interpolation_duration: 1 }
$data merge entity $(bone_tail0) { transformation: [-1.5f,-5.621000643853065e-18f,2.080924671007567e-16f,2.4492935982947064e-16f,0f,1.4992975975673781f,0.052018813920896814f,-0.46875f,-1.8369701987210297e-16f,0.04589895345961484f,-1.6992039439096953f,-2f,0f,0f,0f,1f], start_interpolation: 0, interpolation_duration: 1 }