# This file was generated by Animated Java via MC-Build. It is not recommended to edit this file directly.
$data merge entity $(bone_leftwing20) { transformation: [-2.194025520749432f,-1.9683679693449019f,0.2520231391525852f,4.38269785361967f,-1.8346358157799265f,2.1551808829950176f,0.8608384843520017f,2.4233425252138994f,-0.7563726256738945f,0.4821400314648778f,-2.819073882022488f,2.0680947783498596f,0f,0f,0f,1f], start_interpolation: 0, interpolation_duration: 1 }
$data merge entity $(bone_leftwing21) { transformation: [-1.7052969530800852f,-1.9682623428383776f,-1.4031045994720055f,4.38269785361967f,-1.8935788910028277f,2.155065231739184f,-0.7216991727699145f,2.4233425252138994f,1.5023708433151977f,0.48211415888009074f,-2.5022479198598737f,2.0680947783498596f,0f,0f,0f,1f], start_interpolation: 0, interpolation_duration: 1 }
$data merge entity $(bone_leftwing22) { transformation: [-0.17562829578524736f,-1.9720629564287648f,-2.2056170498174548f,4.38269785361967f,-0.7977809932337631f,2.159226552122983f,-1.8670592803353852f,2.4233425252138994f,2.8490918485368217f,0.483045096583098f,-0.6587619039626573f,2.0680947783498596f,0f,0f,0f,1f], start_interpolation: 0, interpolation_duration: 1 }
$data merge entity $(bone_leftwing23) { transformation: [1.4412529883871221f,-1.940644476818917f,-1.6320641171540606f,4.38269785361967f,0.7762967820909827f,2.1248262226711443f,-1.8410380968379512f,2.4233425252138994f,2.413938187697609f,0.4753493267963584f,1.566489670548093f,2.0680947783498596f,0f,0f,0f,1f], start_interpolation: 0, interpolation_duration: 1 }
$data merge entity $(bone_leftwing1) { transformation: [-1.457349517479602f,-1.3307276412472575f,0.32449395791367397f,2.1966735774002673f,-1.1726895988252393f,1.4570236955459275f,0.7084356395783514f,0.6643081269760406f,-0.7077651366866491f,0.3259538240889315f,-1.8419616217100538f,1.0064470733198858f,0f,0f,0f,1f], start_interpolation: 0, interpolation_duration: 1 }
$data merge entity $(bone_leftwing) { transformation: [-1.006115718266845f,-0.5492062140335255f,-0.21728968460206152f,0.6874999999999999f,-0.5678720846506937f,1.0175012194171984f,0.057651323229401516f,-0.1875f,0.16236861778674286f,0.15548284169832666f,-1.144802441037993f,1.25f,0f,0f,0f,1f], start_interpolation: 0, interpolation_duration: 1 }
$data merge entity $(bone_rightwing20) { transformation: [-2.194025520749432f,1.9683679693449019f,-0.2520231391525846f,-4.38269785361967f,1.8346358157799265f,2.1551808829950176f,0.8608384843520017f,2.4233425252138994f,0.7563726256738941f,0.4821400314648783f,-2.819073882022488f,2.068094778349858f,0f,0f,0f,1f], start_interpolation: 0, interpolation_duration: 1 }
$data merge entity $(bone_rightwing21) { transformation: [-1.7053884675879936f,1.9683679693449019f,1.4031798968721059f,-4.38269785361967f,1.8936805096329927f,2.1551808829950176f,-0.7217379026489158f,2.4233425252138994f,-1.5024514678235423f,0.4821400314648783f,-2.5023822026231413f,2.068094778349858f,0f,0f,0f,1f], start_interpolation: 0, interpolation_duration: 1 }
$data merge entity $(bone_rightwing22) { transformation: [-0.17529922703905293f,1.9683679693449019f,2.2014844603965864f,-4.38269785361967f,0.7962862182033106f,2.1551808829950176f,-1.8635610350571825f,2.4233425252138994f,-2.843753602337955f,0.4821400314648783f,-0.6575276042570879f,2.068094778349858f,0f,0f,0f,1f], start_interpolation: 0, interpolation_duration: 1 }
$data merge entity $(bone_rightwing23) { transformation: [1.4412529883871223f,1.940644476818917f,1.63206411715406f,-4.38269785361967f,-0.7762967820909827f,2.1248262226711443f,-1.8410380968379512f,2.4233425252138994f,-2.4139381876976085f,0.4753493267963589f,1.5664896705480937f,2.068094778349858f,0f,0f,0f,1f], start_interpolation: 0, interpolation_duration: 1 }
$data merge entity $(bone_rightwing1) { transformation: [-1.457349517479602f,1.3307276412472575f,-0.3244939579136736f,-2.1966735774002673f,1.1726895988252393f,1.4570236955459275f,0.7084356395783514f,0.6643081269760406f,0.7077651366866486f,0.3259538240889318f,-1.841961621710054f,1.0064470733198854f,0f,0f,0f,1f], start_interpolation: 0, interpolation_duration: 1 }
$data merge entity $(bone_rightwing) { transformation: [-1.006115718266845f,0.5492062140335255f,0.2172896846020618f,-0.6875000000000001f,0.5678720846506937f,1.0175012194171984f,0.057651323229401516f,-0.1875f,-0.1623686177867431f,0.1554828416983268f,-1.144802441037993f,1.25f,0f,0f,0f,1f], start_interpolation: 0, interpolation_duration: 1 }
$data merge entity $(bone_head) { transformation: [-1.2269070000000002f,-1.0806951702599613e-17f,1.4986362334186355e-16f,-4.3791375345377727e-16f,0f,1.2237293515665453f,0.08824545746678826f,-1.065641108482203f,-1.5025277304014817e-16f,0.08824545746678826f,-1.2237293515665453f,3.5758371618549107f,0f,0f,0f,1f], start_interpolation: 0, interpolation_duration: 1 }
$data merge entity $(bone_neck4) { transformation: [-1.0497600000000002f,-1.815477446691097e-17f,1.2727017656332373e-16f,-4.305267041206605e-16f,0f,1.0392398579895377f,0.14824498361120145f,-1.0238995514443299f,-1.2855852238729257e-16f,0.14824498361120145f,-1.0392398579895377f,3.5155173264684145f,0f,0f,0f,1f], start_interpolation: 0, interpolation_duration: 1 }
$data merge entity $(bone_neck3) { transformation: [-1.1664000000000003f,-2.7721962339426122e-17f,1.4012693914335677e-16f,-3.692211682454419e-16f,0f,1.1442232914904003f,0.2263670011527179f,-0.9248639884400157f,-1.428428026525473e-16f,0.2263670011527179f,-1.1442232914904003f,3.0149196364413644f,0f,0f,0f,1f], start_interpolation: 0, interpolation_duration: 1 }
$data merge entity $(bone_neck2) { transformation: [-1.2960000000000003f,-2.3831744762648206e-17f,1.569147960286785e-16f,-3.2999246923827227e-16f,0f,1.2813065460010895f,0.194600963961534f,-0.8762137474496322f,-1.58714225169497e-16f,0.194600963961534f,-1.2813065460010895f,2.694592999941092f,0f,0f,0f,1f], start_interpolation: 0, interpolation_duration: 1 }
$data merge entity $(bone_neck1) { transformation: [-1.4400000000000002f,-8.327296926202244e-18f,1.7615241973694018e-16f,-2.859543643040372e-16f,0f,1.438393664684253f,0.06799753963346847f,-0.859214362541265f,-1.7634913907721887e-16f,0.06799753963346847f,-1.438393664684253f,2.3349945837700288f,0f,0f,0f,1f], start_interpolation: 0, interpolation_duration: 1 }
$data merge entity $(bone_neck0) { transformation: [-1.6f,4.685120144305248e-18f,1.958874679130265e-16f,-2.372753173347997e-16f,0f,1.5995425623895068f,-0.038256909237563114f,-0.96875f,-1.9594348786357652e-16f,-0.038256909237563114f,-1.5995425623895068f,1.9375f,0f,0f,0f,1f], start_interpolation: 0, interpolation_duration: 1 }
$data merge entity $(bone_frontlegl) { transformation: [-0.9925461516413221f,-0.11085815922231444f,0.05062218284351008f,0.4293383586826817f,8.673617379884035e-19f,0.41538077935826373f,0.9096476285571911f,-0.7611097451283033f,-0.12186934340514757f,0.9028672530740947f,-0.41228459401781775f,1.501996835805417f,0f,0f,0f,1f], start_interpolation: 0, interpolation_duration: 1 }
$data merge entity $(bone_frontlegtipleft) { transformation: [-0.9925461516413221f,-0.07069489068154941f,0.09926917594865775f,0.7973171836743008f,8.673617379884035e-19f,0.8145541214466308f,0.5800875651436666f,-1.1559058195181073f,-0.12186934340514757f,0.5757636803983308f,-0.8084825585454314f,0.5564270689459068f,0f,0f,0f,1f], start_interpolation: 0, interpolation_duration: 1 }
$data merge entity $(bone_frontfootleftd) { transformation: [-0.9925461516413221f,-0.11984537898876484f,-0.02211836334453964f,0.8925221985779368f,-8.378970453260644e-17f,-0.1814924305533374f,0.9833923416682897f,-2.7209990024246524f,-0.12186934340514742f,0.976062284276409f,0.18013961349774502f,-0.30576983983895184f,0f,0f,0f,1f], start_interpolation: 0, interpolation_duration: 1 }
$data merge entity $(bone_frontfootleft) { transformation: [0.9925461516413221f,0.11796442448709475f,0.030602800810224852f,0.9088254510520914f,1.1454200122185164e-16f,-0.2511115589462704f,0.9679581524857229f,-2.27393899448504f,0.12186934340514753f,-0.9607431391995481f,-0.24923981146477353f,-0.35173489016203763f,0f,0f,0f,1f], start_interpolation: 0, interpolation_duration: 1 }
$data merge entity $(bone_frontlegr) { transformation: [-0.9925461516413221f,0.11085815922231422f,-0.050622182843509986f,-0.8735347642191124f,-8.673617379884035e-19f,0.41538077935826373f,0.9096476285571911f,-0.8011930700892849f,0.12186934340514732f,0.9028672530740947f,-0.41228459401781775f,1.5471283752151677f,0f,0f,0f,1f], start_interpolation: 0, interpolation_duration: 1 }
$data merge entity $(bone_frontlegtipright) { transformation: [-0.9925461516413221f,0.07069489068154927f,-0.09926917594865753f,-0.7489739508917059f,-8.673617379884035e-19f,0.8145541214466308f,0.5800875651436666f,-1.1203296872283357f,0.12186934340514732f,0.5757636803983308f,-0.8084825585454314f,0.5102175282725699f,0f,0f,0f,1f], start_interpolation: 0, interpolation_duration: 1 }
$data merge entity $(bone_frontfootrightd) { transformation: [-0.9925461516413221f,0.11984537898876493f,0.02211836334453949f,-0.8567983034435939f,-8.552442800858325e-17f,-0.1814924305533374f,0.9833923416682897f,-2.6768736738735033f,0.12186934340514748f,0.976062284276409f,0.18013961349774502f,-0.2811270665529092f,0f,0f,0f,1f], start_interpolation: 0, interpolation_duration: 1 }
$data merge entity $(bone_frontfootright) { transformation: [0.9925461516413221f,-0.11796442448709453f,-0.030602800810225025f,-0.8533041979943268f,1.1627672469782844e-16f,-0.2511115589462704f,0.9679581524857229f,-2.217455417483995f,-0.12186934340514737f,-0.9607431391995481f,-0.24923981146477353f,-0.3394841470473675f,0f,0f,0f,1f], start_interpolation: 0, interpolation_duration: 1 }
$data merge entity $(bone_rearlegl) { transformation: [-1.080694387781476f,0.04802404207553716f,-0.05834760244824393f,0.0008143954099794071f,3.758567531283082e-18f,0.8364471326671371f,0.6884528345239315f,-0.3923499148001598f,0.07556951322280225f,0.6867757980205496f,-0.8344095894916458f,-1.46216302592208f,0f,0f,0f,1f], start_interpolation: 0, interpolation_duration: 1 }
$data merge entity $(bone_rearfootleftd) { transformation: [-0.9975640502598242f,0.035449496960687533f,0.06007743997915548f,0.5309750328892457f,3.469446951953614e-18f,-0.8612453691327131f,0.5081893487150796f,-2.30478650291602f,0.06975647374412516f,0.5069514250031171f,0.8591474186995467f,-3.736228767400481f,0f,0f,0f,1f], start_interpolation: 0, interpolation_duration: 1 }
$data merge entity $(bone_rearfootleft) { transformation: [-0.9975640502598242f,0.053859325336840576f,0.04432988499280352f,0.5681842444889033f,3.469446951953614e-18f,-0.6354949241759364f,0.772105045538896f,-1.8534011496300211f,0.06975647374412516f,0.7702242364538272f,0.633946890480507f,-3.204112250638404f,0f,0f,0f,1f], start_interpolation: 0, interpolation_duration: 1 }
$data merge entity $(bone_rearlegtipleft) { transformation: [-0.9975640502598242f,0.06857876905543793f,-0.012763936072220523f,0.575213006407616f,3.469446951953614e-18f,0.1829785163602179f,0.9831169119441561f,-1.731867440266313f,0.06975647374412516f,0.9807220885579433f,-0.18253278989083255f,-2.207622083103276f,0f,0f,0f,1f], start_interpolation: 0, interpolation_duration: 1 }
$data merge entity $(bone_rearlegr) { transformation: [-1.080694387781476f,-0.04802404207553733f,0.05834760244824414f,-1.3752771466286458f,-3.758567531283082e-18f,0.8364471326671371f,0.6884528345239315f,-0.36740148660207256f,-0.07556951322280253f,0.6867757980205496f,-0.8344095894916458f,-1.5789227404816388f,0f,0f,0f,1f], start_interpolation: 0, interpolation_duration: 1 }
$data merge entity $(bone_rearfootrightd) { transformation: [-0.9975640502598242f,-0.03544949696068766f,-0.06007743997915568f,-0.5337872150006533f,-3.469446951953614e-18f,-0.8612453691327131f,0.5081893487150796f,-2.2798380747179325f,-0.06975647374412541f,0.5069514250031171f,0.8591474186995467f,-3.7570733305618673f,0f,0f,0f,1f], start_interpolation: 0, interpolation_duration: 1 }
$data merge entity $(bone_rearfootright) { transformation: [-0.9975640502598242f,-0.05385932533684076f,-0.044329884992803666f,-0.5709964266003109f,-3.469446951953614e-18f,-0.6354949241759364f,0.772105045538896f,-1.8284527214319337f,-0.06975647374412541f,0.7702242364538272f,0.633946890480507f,-3.2249568137997904f,0f,0f,0f,1f], start_interpolation: 0, interpolation_duration: 1 }
$data merge entity $(bone_rearlegtipright) { transformation: [-0.9975640502598242f,-0.06857876905543817f,0.012763936072220575f,-0.7027206948015019f,-3.469446951953614e-18f,0.1829785163602179f,0.9831169119441561f,-1.7069190120682256f,-0.06975647374412541f,0.9807220885579433f,-0.18253278989083255f,-2.237186205482678f,0f,0f,0f,1f], start_interpolation: 0, interpolation_duration: 1 }
$data merge entity $(bone_tail11) { transformation: [-0.2937340837125001f,1.6219474519114188e-18f,4.0734898914867175e-17f,1.0130675523004292e-15f,0f,0.29355652724286857f,-0.01051255769806642f,-1.5074451701263154f,-3.5972050541899386e-17f,-0.01324420602773534f,-0.33262569210345727f,-8.272324338787042f,0f,0f,0f,1f], start_interpolation: 0, interpolation_duration: 1 }
$data merge entity $(bone_tail10) { transformation: [-0.39164544495000014f,5.598040882200798e-18f,5.4067201697712597e-17f,9.826547513454658e-16f,0f,0.3897352311479358f,-0.038777460977217626f,-1.4856328483266306f,-4.796273405586585e-17f,-0.04571147277809708f,-0.4414922060414179f,-8.023984972888744f,0f,0f,0f,1f], start_interpolation: 0, interpolation_duration: 1 }
$data merge entity $(bone_tail9) { transformation: [-0.48955680618750014f,1.1687641206339135e-17f,6.693251905698022e-17f,9.450052093759144e-16f,0f,0.48261005591295014f,-0.0822844114381447f,-1.4393478668926742f,-5.99534175698323e-17f,-0.09543683300749672f,-0.5465454946159274f,-7.7165531321672844f,0f,0f,0f,1f], start_interpolation: 0, interpolation_duration: 1 }
$data merge entity $(bone_tail8) { transformation: [-0.5759491837500001f,1.8425123632181942e-17f,7.778316966094726e-17f,9.012521764416317e-16f,0f,0.5609871482024577f,-0.1305176601030076f,-1.3659316830847326f,-7.053343243509683e-17f,-0.15045255207468985f,-0.6351477806915672f,-7.359282505528278f,0f,0f,0f,1f], start_interpolation: 0, interpolation_duration: 1 }
$data merge entity $(bone_tail7) { transformation: [-0.6775872750000002f,2.493329567504833e-17f,9.067643256082004e-17f,8.502466831261704e-16f,0f,0.6540753958916742f,-0.17703976665278373f,-1.2663468143425418f,-8.298050874717275e-17f,-0.20359580976660258f,-0.7404292619223153f,-6.942791045696976f,0f,0f,0f,1f], start_interpolation: 0, interpolation_duration: 1 }
$data merge entity $(bone_tail6) { transformation: [-0.7971615000000002f,2.9696928369998096e-17f,1.0657749879031421e-16f,7.902968400566187e-16f,0f,0.7687856759804935f,-0.21090513363389055f,-1.1477126766734784f,-9.76241279378503e-17f,-0.24249382263256844f,-0.8702713212047557f,-6.453263427519301f,0f,0f,0f,1f], start_interpolation: 0, interpolation_duration: 1 }
$data merge entity $(bone_tail5) { transformation: [-0.8857350000000002f,2.946251080858109e-17f,1.1934780986608968e-16f,7.231636970069433e-16f,0f,0.8607936590735711f,-0.20884797161278357f,-1.0302356926412877f,-1.0847125326427811e-16f,-0.2405796579805217f,-0.9745488246013813f,-5.905079713681023f,0f,0f,0f,1f], start_interpolation: 0, interpolation_duration: 1 }
$data merge entity $(bone_tail4) { transformation: [-0.9841500000000002f,2.5275810134755436e-17f,1.3423057983004794e-16f,6.476589958525413e-16f,0f,0.9679087547678354f,-0.17825228039509494f,-0.9299687849190467f,-1.205236147380868e-16f,-0.20639265257830613f,-1.0960758638613557f,-5.288537040259011f,0f,0f,0f,1f], start_interpolation: 0, interpolation_duration: 1 }
$data merge entity $(bone_tail3) { transformation: [-1.0935000000000001f,1.7735861207026345e-17f,1.5072631117665877e-16f,5.628754458156708e-16f,0f,1.0865491685997344f,-0.12344872198112566f,-0.8605288788046634f,-1.339151274867631e-16f,-0.14482429725349988f,-1.2307737323251104f,-4.596226815826136f,0f,0f,0f,1f], start_interpolation: 0, interpolation_duration: 1 }
$data merge entity $(bone_tail2) { transformation: [-1.215f,8.630171405846488e-18f,1.684081350792209e-16f,4.68145869833609e-16f,0f,1.2136906793320648f,-0.05732924204339856f,-0.8282811801552518f,-1.4879458609640342e-16f,-0.07047069744399079f,-1.375156781502007f,-3.822701126231257f,0f,0f,0f,1f], start_interpolation: 0, interpolation_duration: 1 }
$data merge entity $(bone_tail1) { transformation: [-1.35f,7.057736910444574e-19f,1.8736435865726147e-16f,3.6275341808889946e-16f,0f,1.35004875382878f,0.0003153323529181823f,-0.8284585546037683f,-1.6532731788489269e-16f,-0.0057630795388176025f,-1.52994609374484f,-2.9621064484997843f,0f,0f,0f,1f], start_interpolation: 0, interpolation_duration: 1 }
$data merge entity $(bone_tail0) { transformation: [-1.5f,-2.9283551370691273e-18f,2.0816350128917611e-16f,2.4492935982947064e-16f,0f,1.499809395949733f,0.02710007890429325f,-0.46875f,-1.8369701987210297e-16f,0.023911834327317576f,-1.699783982076364f,-2f,0f,0f,0f,1f], start_interpolation: 0, interpolation_duration: 1 }