# This file was generated by Animated Java via MC-Build. It is not recommended to edit this file directly.
$data merge entity $(bone_leftwing20) {transformation: [-2.194f,-1.9684f,0.252f,4.3827f,-1.8346f,2.1552f,0.8608f,2.4233f,-0.7564f,0.4821f,-2.8191f,3.1306f,0f,0f,0f,1f],start_interpolation: 0,interpolation_duration: 1}
$data merge entity $(bone_leftwing21) {transformation: [-1.7053f,-1.9683f,-1.4031f,4.3827f,-1.8936f,2.1551f,-0.7217f,2.4233f,1.5024f,0.4821f,-2.5022f,3.1306f,0f,0f,0f,1f],start_interpolation: 0,interpolation_duration: 1}
$data merge entity $(bone_leftwing22) {transformation: [-0.1756f,-1.9721f,-2.2056f,4.3827f,-0.7978f,2.1592f,-1.8671f,2.4233f,2.8491f,0.483f,-0.6588f,3.1306f,0f,0f,0f,1f],start_interpolation: 0,interpolation_duration: 1}
$data merge entity $(bone_leftwing23) {transformation: [1.4413f,-1.9406f,-1.6321f,4.3827f,0.7763f,2.1248f,-1.841f,2.4233f,2.4139f,0.4753f,1.5665f,3.1306f,0f,0f,0f,1f],start_interpolation: 0,interpolation_duration: 1}
$data merge entity $(bone_leftwing1) {transformation: [-1.4573f,-1.3307f,0.3245f,2.1967f,-1.1727f,1.457f,0.7084f,0.6643f,-0.7078f,0.326f,-1.842f,2.0689f,0f,0f,0f,1f],start_interpolation: 0,interpolation_duration: 1}
$data merge entity $(bone_leftwing) {transformation: [-1.0061f,-0.5492f,-0.2173f,0.6875f,-0.5679f,1.0175f,0.0577f,-0.1875f,0.1624f,0.1555f,-1.1448f,2.3125f,0f,0f,0f,1f],start_interpolation: 0,interpolation_duration: 1}
$data merge entity $(bone_rightwing20) {transformation: [-2.194f,1.9684f,-0.252f,-4.3827f,1.8346f,2.1552f,0.8608f,2.4233f,0.7564f,0.4821f,-2.8191f,3.1306f,0f,0f,0f,1f],start_interpolation: 0,interpolation_duration: 1}
$data merge entity $(bone_rightwing21) {transformation: [-1.7054f,1.9684f,1.4032f,-4.3827f,1.8937f,2.1552f,-0.7217f,2.4233f,-1.5025f,0.4821f,-2.5024f,3.1306f,0f,0f,0f,1f],start_interpolation: 0,interpolation_duration: 1}
$data merge entity $(bone_rightwing22) {transformation: [-0.1753f,1.9684f,2.2015f,-4.3827f,0.7963f,2.1552f,-1.8636f,2.4233f,-2.8438f,0.4821f,-0.6575f,3.1306f,0f,0f,0f,1f],start_interpolation: 0,interpolation_duration: 1}
$data merge entity $(bone_rightwing23) {transformation: [1.4413f,1.9406f,1.6321f,-4.3827f,-0.7763f,2.1248f,-1.841f,2.4233f,-2.4139f,0.4753f,1.5665f,3.1306f,0f,0f,0f,1f],start_interpolation: 0,interpolation_duration: 1}
$data merge entity $(bone_rightwing1) {transformation: [-1.4573f,1.3307f,-0.3245f,-2.1967f,1.1727f,1.457f,0.7084f,0.6643f,0.7078f,0.326f,-1.842f,2.0689f,0f,0f,0f,1f],start_interpolation: 0,interpolation_duration: 1}
$data merge entity $(bone_rightwing) {transformation: [-1.0061f,0.5492f,0.2173f,-0.6875f,0.5679f,1.0175f,0.0577f,-0.1875f,-0.1624f,0.1555f,-1.1448f,2.3125f,0f,0f,0f,1f],start_interpolation: 0,interpolation_duration: 1}
$data merge entity $(bone_eyebrow) {transformation: [-0.8923f,0f,0f,0f,0f,0.89f,0.0642f,-0.7534f,0f,0.0642f,-0.89f,6.2783f,0f,0f,0f,1f],start_interpolation: 0,interpolation_duration: 1}
$data merge entity $(bone_head) {transformation: [-1.2269f,0f,0f,0f,0f,1.2237f,0.0882f,-1.0656f,0f,0.0882f,-1.2237f,4.6383f,0f,0f,0f,1f],start_interpolation: 0,interpolation_duration: 1}
$data merge entity $(bone_neck4) {transformation: [-1.0498f,0f,0f,0f,0f,1.0392f,0.1482f,-1.0239f,0f,0.1482f,-1.0392f,4.578f,0f,0f,0f,1f],start_interpolation: 0,interpolation_duration: 1}
$data merge entity $(bone_neck3) {transformation: [-1.1664f,0f,0f,0f,0f,1.1442f,0.2264f,-0.9249f,0f,0.2264f,-1.1442f,4.0774f,0f,0f,0f,1f],start_interpolation: 0,interpolation_duration: 1}
$data merge entity $(bone_neck2) {transformation: [-1.296f,0f,0f,0f,0f,1.2813f,0.1946f,-0.8762f,0f,0.1946f,-1.2813f,3.7571f,0f,0f,0f,1f],start_interpolation: 0,interpolation_duration: 1}
$data merge entity $(bone_neck1) {transformation: [-1.44f,0f,0f,0f,0f,1.4384f,0.068f,-0.8592f,0f,0.068f,-1.4384f,3.3975f,0f,0f,0f,1f],start_interpolation: 0,interpolation_duration: 1}
$data merge entity $(bone_neck0) {transformation: [-1.6f,0f,0f,0f,0f,1.5995f,-0.0383f,-0.9687f,0f,-0.0383f,-1.5995f,3f,0f,0f,0f,1f],start_interpolation: 0,interpolation_duration: 1}
$data merge entity $(bone_frontlegl) {transformation: [-0.9925f,-0.1109f,0.0506f,0.4293f,0f,0.4154f,0.9096f,-0.7611f,-0.1219f,0.9029f,-0.4123f,2.5645f,0f,0f,0f,1f],start_interpolation: 0,interpolation_duration: 1}
$data merge entity $(bone_frontlegtipleft) {transformation: [-0.9925f,-0.0707f,0.0993f,0.7973f,0f,0.8146f,0.5801f,-1.1559f,-0.1219f,0.5758f,-0.8085f,1.6189f,0f,0f,0f,1f],start_interpolation: 0,interpolation_duration: 1}
$data merge entity $(bone_frontfootleftd) {transformation: [-0.9925f,-0.1198f,-0.0221f,0.8925f,0f,-0.1815f,0.9834f,-2.721f,-0.1219f,0.9761f,0.1801f,0.7567f,0f,0f,0f,1f],start_interpolation: 0,interpolation_duration: 1}
$data merge entity $(bone_frontfootleft) {transformation: [0.9925f,0.118f,0.0306f,0.9088f,0f,-0.2511f,0.968f,-2.2739f,0.1219f,-0.9607f,-0.2492f,0.7108f,0f,0f,0f,1f],start_interpolation: 0,interpolation_duration: 1}
$data merge entity $(bone_frontlegr) {transformation: [-0.9925f,0.1109f,-0.0506f,-0.8735f,0f,0.4154f,0.9096f,-0.8012f,0.1219f,0.9029f,-0.4123f,2.6096f,0f,0f,0f,1f],start_interpolation: 0,interpolation_duration: 1}
$data merge entity $(bone_frontlegtipright) {transformation: [-0.9925f,0.0707f,-0.0993f,-0.749f,0f,0.8146f,0.5801f,-1.1203f,0.1219f,0.5758f,-0.8085f,1.5727f,0f,0f,0f,1f],start_interpolation: 0,interpolation_duration: 1}
$data merge entity $(bone_frontfootrightd) {transformation: [-0.9925f,0.1198f,0.0221f,-0.8568f,0f,-0.1815f,0.9834f,-2.6769f,0.1219f,0.9761f,0.1801f,0.7814f,0f,0f,0f,1f],start_interpolation: 0,interpolation_duration: 1}
$data merge entity $(bone_frontfootright) {transformation: [0.9925f,-0.118f,-0.0306f,-0.8533f,0f,-0.2511f,0.968f,-2.2175f,-0.1219f,-0.9607f,-0.2492f,0.723f,0f,0f,0f,1f],start_interpolation: 0,interpolation_duration: 1}
$data merge entity $(bone_rearlegl) {transformation: [-1.0807f,0.048f,-0.0583f,0.0008f,0f,0.8364f,0.6885f,-0.3923f,0.0756f,0.6868f,-0.8344f,-0.3997f,0f,0f,0f,1f],start_interpolation: 0,interpolation_duration: 1}
$data merge entity $(bone_rearfootleftd) {transformation: [-0.9976f,0.0354f,0.0601f,0.531f,0f,-0.8612f,0.5082f,-2.3048f,0.0698f,0.507f,0.8591f,-2.6737f,0f,0f,0f,1f],start_interpolation: 0,interpolation_duration: 1}
$data merge entity $(bone_rearfootleft) {transformation: [-0.9976f,0.0539f,0.0443f,0.5682f,0f,-0.6355f,0.7721f,-1.8534f,0.0698f,0.7702f,0.6339f,-2.1416f,0f,0f,0f,1f],start_interpolation: 0,interpolation_duration: 1}
$data merge entity $(bone_rearlegtipleft) {transformation: [-0.9976f,0.0686f,-0.0128f,0.5752f,0f,0.183f,0.9831f,-1.7319f,0.0698f,0.9807f,-0.1825f,-1.1451f,0f,0f,0f,1f],start_interpolation: 0,interpolation_duration: 1}
$data merge entity $(bone_rearlegr) {transformation: [-1.0807f,-0.048f,0.0583f,-1.3753f,0f,0.8364f,0.6885f,-0.3674f,-0.0756f,0.6868f,-0.8344f,-0.5164f,0f,0f,0f,1f],start_interpolation: 0,interpolation_duration: 1}
$data merge entity $(bone_rearfootrightd) {transformation: [-0.9976f,-0.0601f,0.0354f,-0.5338f,0f,0.5082f,0.8612f,-2.2798f,-0.0698f,0.8591f,-0.507f,-2.6946f,0f,0f,0f,1f],start_interpolation: 0,interpolation_duration: 1}
$data merge entity $(bone_rearfootright) {transformation: [-0.9976f,-0.0539f,-0.0443f,-0.571f,0f,-0.6355f,0.7721f,-1.8285f,-0.0698f,0.7702f,0.6339f,-2.1625f,0f,0f,0f,1f],start_interpolation: 0,interpolation_duration: 1}
$data merge entity $(bone_rearlegtipright) {transformation: [-0.9976f,-0.0686f,0.0128f,-0.7027f,0f,0.183f,0.9831f,-1.7069f,-0.0698f,0.9807f,-0.1825f,-1.1747f,0f,0f,0f,1f],start_interpolation: 0,interpolation_duration: 1}
$data merge entity $(bone_tail11) {transformation: [-0.2937f,0f,0f,0f,0f,0.2936f,-0.0105f,-1.5074f,0f,-0.0132f,-0.3326f,-7.2098f,0f,0f,0f,1f],start_interpolation: 0,interpolation_duration: 1}
$data merge entity $(bone_tail10) {transformation: [-0.3916f,0f,0f,0f,0f,0.3897f,-0.0388f,-1.4856f,0f,-0.0457f,-0.4415f,-6.9615f,0f,0f,0f,1f],start_interpolation: 0,interpolation_duration: 1}
$data merge entity $(bone_tail9) {transformation: [-0.4896f,0f,0f,0f,0f,0.4826f,-0.0823f,-1.4393f,0f,-0.0954f,-0.5465f,-6.6541f,0f,0f,0f,1f],start_interpolation: 0,interpolation_duration: 1}
$data merge entity $(bone_tail8) {transformation: [-0.5759f,0f,0f,0f,0f,0.561f,-0.1305f,-1.3659f,0f,-0.1505f,-0.6351f,-6.2968f,0f,0f,0f,1f],start_interpolation: 0,interpolation_duration: 1}
$data merge entity $(bone_tail7) {transformation: [-0.6776f,0f,0f,0f,0f,0.6541f,-0.177f,-1.2663f,0f,-0.2036f,-0.7404f,-5.8803f,0f,0f,0f,1f],start_interpolation: 0,interpolation_duration: 1}
$data merge entity $(bone_tail6) {transformation: [-0.7972f,0f,0f,0f,0f,0.7688f,-0.2109f,-1.1477f,0f,-0.2425f,-0.8703f,-5.3908f,0f,0f,0f,1f],start_interpolation: 0,interpolation_duration: 1}
$data merge entity $(bone_tail5) {transformation: [-0.8857f,0f,0f,0f,0f,0.8608f,-0.2088f,-1.0302f,0f,-0.2406f,-0.9745f,-4.8426f,0f,0f,0f,1f],start_interpolation: 0,interpolation_duration: 1}
$data merge entity $(bone_tail4) {transformation: [-0.9842f,0f,0f,0f,0f,0.9679f,-0.1783f,-0.93f,0f,-0.2064f,-1.0961f,-4.226f,0f,0f,0f,1f],start_interpolation: 0,interpolation_duration: 1}
$data merge entity $(bone_tail3) {transformation: [-1.0935f,0f,0f,0f,0f,1.0865f,-0.1234f,-0.8605f,0f,-0.1448f,-1.2308f,-3.5337f,0f,0f,0f,1f],start_interpolation: 0,interpolation_duration: 1}
$data merge entity $(bone_tail2) {transformation: [-1.215f,0f,0f,0f,0f,1.2137f,-0.0573f,-0.8283f,0f,-0.0705f,-1.3752f,-2.7602f,0f,0f,0f,1f],start_interpolation: 0,interpolation_duration: 1}
$data merge entity $(bone_tail1) {transformation: [-1.35f,0f,0f,0f,0f,1.35f,0.0003f,-0.8285f,0f,-0.0058f,-1.5299f,-1.8996f,0f,0f,0f,1f],start_interpolation: 0,interpolation_duration: 1}
$data merge entity $(bone_tail0) {transformation: [-1.5f,0f,0f,0f,0f,1.4998f,0.0271f,-0.4687f,0f,0.0239f,-1.6998f,-0.9375f,0f,0f,0f,1f],start_interpolation: 0,interpolation_duration: 1}