# This file was generated by Animated Java via MC-Build. It is not recommended to edit this file directly.
$data merge entity $(bone_leftwing20) { transformation: [-2.6041322557291786f,-1.3393386422896632f,0.42000393694780214f,4.954391158510768f,-1.1416168318588522f,2.535978630909252f,1.008592833555397f,1.2615739867417548f,-0.8166653629232292f,0.7257551212030326f,-2.7491950276690362f,2.1214945600502664f,0f,0f,0f,1f], start_interpolation: 0, interpolation_duration: 1 }
$data merge entity $(bone_leftwing21) { transformation: [-2.1109945311617957f,-1.3392667707371684f,-1.5814118602323584f,4.954391158510768f,-1.5184731669832132f,2.535842545295396f,-0.12057649895845318f,1.2615739867417548f,1.410226292492202f,0.7257161757521624f,-2.497077231824177f,2.1214945600502664f,0f,0f,0f,1f], start_interpolation: 0, interpolation_duration: 1 }
$data merge entity $(bone_leftwing22) { transformation: [-0.3294825169774965f,-1.3418528261522598f,-2.62211678549942f,4.954391158510768f,-0.969953942805811f,2.540739127133584f,-1.17832856603427f,1.2615739867417548f,2.7812326031251104f,0.7271174964502711f,-0.7215743388690141f,2.1214945600502664f,0f,0f,0f,1f], start_interpolation: 0, interpolation_duration: 1 }
$data merge entity $(bone_leftwing23) { transformation: [1.6309111904093596f,-1.320474717750372f,-2.025689920304695f,4.954391158510768f,0.17106255618503677f,2.500260622023206f,-1.4921055151282079f,1.2615739867417548f,2.4120138339805197f,0.7155332180874969f,1.4755154770263794f,2.1214945600502664f,0f,0f,0f,1f], start_interpolation: 0, interpolation_duration: 1 }
$data merge entity $(bone_leftwing1) { transformation: [-1.7212152207291864f,-0.9054683778859695f,0.46641738880398714f,2.3725683274169884f,-0.6962949474593408f,1.7144644265301985f,0.7588050318132263f,0.21713156555274354f,-0.743364991153587f,0.4906513495457122f,-1.7907176614743594f,1.0064470733198858f,0f,0f,0f,1f], start_interpolation: 0, interpolation_duration: 1 }
$data merge entity $(bone_leftwing) { transformation: [-1.1233788849446589f,-0.23149508723244913f,-0.2134034127160264f,0.6874999999999999f,-0.26975437703516236f,1.1154579311481838f,0.20999354994879282f,-0.1875f,0.16236861778674286f,0.25154470683551555f,-1.1275960285191537f,1.25f,0f,0f,0f,1f], start_interpolation: 0, interpolation_duration: 1 }
$data merge entity $(bone_rightwing20) { transformation: [-2.604132255729179f,1.3393386422896632f,-0.4200039369478015f,-4.954391158510768f,1.1416168318588522f,2.535978630909252f,1.008592833555397f,1.2615739867417548f,0.8166653629232288f,0.725755121203033f,-2.7491950276690362f,2.1214945600502655f,0f,0f,0f,1f], start_interpolation: 0, interpolation_duration: 1 }
$data merge entity $(bone_rightwing21) { transformation: [-2.1111078173700233f,1.3393386422896632f,1.5814967264651454f,-4.954391158510768f,1.518554655620367f,2.535978630909252f,-0.12058296967837537f,1.2615739867417548f,-1.4103019720769017f,0.725755121203033f,-2.4972112371032384f,2.1214945600502655f,0f,0f,0f,1f], start_interpolation: 0, interpolation_duration: 1 }
$data merge entity $(bone_rightwing22) { transformation: [-0.3288651768258431f,1.3393386422896632f,2.617203814732835f,-4.954391158510768f,0.968136573193484f,2.535978630909252f,-1.1761207719991706f,1.2615739867417548f,-2.7760215024793298f,0.725755121203033f,-0.7202223496470284f,2.1214945600502655f,0f,0f,0f,1f], start_interpolation: 0, interpolation_duration: 1 }
$data merge entity $(bone_rightwing23) { transformation: [1.6309111904093603f,1.320474717750372f,2.025689920304695f,-4.954391158510768f,-0.17106255618503677f,2.500260622023206f,-1.4921055151282079f,1.2615739867417548f,-2.4120138339805197f,0.7155332180874973f,1.4755154770263796f,2.1214945600502655f,0f,0f,0f,1f], start_interpolation: 0, interpolation_duration: 1 }
$data merge entity $(bone_rightwing1) { transformation: [-1.7212152207291866f,0.9054683778859693f,-0.46641738880398675f,-2.3725683274169884f,0.6962949474593408f,1.7144644265301985f,0.7588050318132263f,0.21713156555274354f,0.7433649911535867f,0.49065134954571243f,-1.7907176614743596f,1.0064470733198854f,0f,0f,0f,1f], start_interpolation: 0, interpolation_duration: 1 }
$data merge entity $(bone_rightwing) { transformation: [-1.1233788849446589f,0.23149508723244905f,0.21340341271602664f,-0.6875000000000001f,0.26975437703516236f,1.1154579311481838f,0.20999354994879282f,-0.1875f,-0.1623686177867431f,0.2515447068355156f,-1.1275960285191537f,1.25f,0f,0f,0f,1f], start_interpolation: 0, interpolation_duration: 1 }
$data merge entity $(bone_head) { transformation: [-1.2269070000000002f,-9.680882866080466e-18f,1.4994057593989532e-16f,-4.3780160071681137e-16f,0f,1.2243577172151985f,0.07905040761810404f,-1.1036157536958309f,-1.5025277304014817e-16f,0.07905040761810404f,-1.2243577172151985f,3.5749213652591583f,0f,0f,0f,1f], start_interpolation: 0, interpolation_duration: 1 }
$data merge entity $(bone_neck4) { transformation: [-1.0497600000000002f,-1.7087523616503026e-17f,1.274178567354649e-16f,-4.303719697838605e-16f,0f,1.040445758109017f,0.13953021906724475f,-1.0623811850632212f,-1.2855852238729257e-16f,0.13953021906724475f,-1.040445758109017f,3.514253824723196f,0f,0f,0f,1f], start_interpolation: 0, interpolation_duration: 1 }
$data merge entity $(bone_neck3) { transformation: [-1.1664000000000003f,-2.915188603276069e-17f,1.398364537964529e-16f,-3.6919352124791238e-16f,0f,1.1418512986259588f,0.2380432141990439f,-0.9582372788511394f,-1.428428026525473e-16f,0.2380432141990439f,-1.1418512986259588f,3.014693881574339f,0f,0f,0f,1f], start_interpolation: 0, interpolation_duration: 1 }
$data merge entity $(bone_neck2) { transformation: [-1.2960000000000003f,-2.8889193475012706e-17f,1.5606287121387033e-16f,-3.301778034444448e-16f,0f,1.2743500519703101f,0.23589816668060118f,-0.8992627371809891f,-1.58714225169497e-16f,0.23589816668060118f,-1.2743500519703101f,2.6961063685817614f,0f,0f,0f,1f], start_interpolation: 0, interpolation_duration: 1 }
$data merge entity $(bone_neck1) { transformation: [-1.4400000000000002f,-1.5090166820853832e-17f,1.757023213238661e-16f,-2.862522231134783e-16f,0f,1.43471833222605f,0.1232205631155056f,-0.8684575964021127f,-1.7634913907721887e-16f,0.1232205631155056f,-1.43471833222605f,2.337426785525249f,0f,0f,0f,1f], start_interpolation: 0, interpolation_duration: 1 }
$data merge entity $(bone_neck0) { transformation: [-1.6f,1.4324954287079974e-19f,1.959434355004322e-16f,-2.372753173347997e-16f,0f,1.5999995724224785f,-0.001169721285929426f,-0.96875f,-1.9594348786357652e-16f,-0.001169721285929426f,-1.5999995724224785f,1.9375f,0f,0f,0f,1f], start_interpolation: 0, interpolation_duration: 1 }
$data merge entity $(bone_frontlegl) { transformation: [-0.9925461516413221f,-0.11046368281110008f,0.05147729248717787f,0.4293869026099133f,8.673617379884035e-19f,0.4223973892765188f,0.9064107487956997f,-0.7607939953787132f,-0.12186934340514757f,0.8996545005235008f,-0.41924890318975017f,1.5016014772450688f,0f,0f,0f,1f], start_interpolation: 0, interpolation_duration: 1 }
$data merge entity $(bone_frontlegtipleft) { transformation: [-0.9925461516413221f,-0.06992570926641017f,0.09981248441748791f,0.7969903677162297f,8.673617379884035e-19f,0.8190122440035398f,0.5737760400820918f,-1.1631769368892702f,-0.12186934340514757f,0.5694992004874772f,-0.8129074509328369f,0.5590887713266275f,0f,0f,0f,1f], start_interpolation: 0, interpolation_duration: 1 }
$data merge entity $(bone_frontfootleftd) { transformation: [-0.9925461516413221f,-0.12001271357219918f,-0.02119163615766907f,0.890718368518289f,-8.25546341856571e-17f,-0.1738881622363273f,0.9847654071067246f,-2.734925739685975f,-0.12186934340514742f,0.9774251150932792f,0.17259202624364875f,-0.2910788229359862f,0f,0f,0f,1f], start_interpolation: 0, interpolation_duration: 1 }
$data merge entity $(bone_frontfootleft) { transformation: [0.9925461516413221f,0.11772442929027875f,0.03151341952692435f,0.9074424470308436f,1.1422199799965273e-16f,-0.2585836490655403f,0.9659888697267426f,-2.288246964413331f,0.12186934340514753f,-0.9587885351756288f,-0.25665620575737197f,-0.34047122630171445f,0f,0f,0f,1f], start_interpolation: 0, interpolation_duration: 1 }
$data merge entity $(bone_frontlegr) { transformation: [-0.9925461516413221f,0.11046368281109985f,-0.051477292487177764f,-0.8735453017387548f,-8.673617379884035e-19f,0.4223973892765188f,0.9064107487956997f,-0.8014276350861302f,0.12186934340514732f,0.8996545005235008f,-0.41924890318975017f,1.5470425540047088f,0f,0f,0f,1f], start_interpolation: 0, interpolation_duration: 1 }
$data merge entity $(bone_frontlegtipright) { transformation: [-0.9925461516413221f,0.06992570926641002f,-0.0998124844174877f,-0.7486802660573838f,-8.673617379884035e-19f,0.8190122440035398f,0.5737760400820918f,-1.12839009844094f,0.12186934340514732f,0.5694992004874772f,-0.8129074509328369f,0.5126093993039318f,0f,0f,0f,1f], start_interpolation: 0, interpolation_duration: 1 }
$data merge entity $(bone_frontfootrightd) { transformation: [-0.9925461516413221f,0.12001271357219928f,0.0211916361576689f,-0.8550359056138487f,-8.42893576616339e-17f,-0.1738881622363273f,0.9847654071067246f,-2.69105843622284f,0.12186934340514748f,0.9774251150932792f,0.17259202624364875f,-0.26677348808355433f,0f,0f,0f,1f], start_interpolation: 0, interpolation_duration: 1 }
$data merge entity $(bone_frontfootright) { transformation: [0.9925461516413221f,-0.11772442929027851f,-0.03151341952692453f,-0.851974228071406f,1.1595672147562954e-16f,-0.2585836490655403f,0.9659888697267426f,-2.2320981798625437f,-0.12186934340514737f,-0.9587885351756288f,-0.25665620575737197f,-0.3286524112563145f,0f,0f,0f,1f], start_interpolation: 0, interpolation_duration: 1 }
$data merge entity $(bone_rearlegl) { transformation: [-1.080694387781476f,0.04757174587385245f,-0.05871695090214482f,0.0006890223951074859f,7.517135062566164e-18f,0.8417419595710274f,0.6819689029630588f,-0.39246902633774217f,0.07556951322280224f,0.6803076609910779f,-0.8396915184633154f,-1.4639559435653604f,0f,0f,0f,1f], start_interpolation: 0, interpolation_duration: 1 }
$data merge entity $(bone_rearfootleftd) { transformation: [-0.9975640502598242f,0.03591266781763081f,0.05980172170962411f,0.5318851504412254f,6.938893903907228e-18f,-0.8572927858851318f,0.5148291748427916f,-2.3220920618333296f,0.06975647374412515f,0.5135750768480986f,0.8552044637461003f,-3.7232134800352443f,0f,0f,0f,1f], start_interpolation: 0, interpolation_duration: 1 }
$data merge entity $(bone_rearfootleft) { transformation: [-0.9975640502598242f,0.05420026237121064f,0.04391238080663301f,0.5688499450421869f,6.938893903907228e-18f,-0.6295097565812848f,0.776992578065564f,-1.8665983839859153f,0.06975647374412515f,0.7750998631969068f,0.6279763024533023f,-3.1945922891989857f,0f,0f,0f,1f], start_interpolation: 0, interpolation_duration: 1 }
$data merge entity $(bone_rearlegtipleft) { transformation: [-0.9975640502598242f,0.06847809239501945f,-0.013293475510715838f,0.575811126515387f,6.938893903907228e-18f,0.19056977506457462f,0.9816736529172194f,-1.7373832122286668f,0.06975647374412515f,0.9792823452374583f,-0.19010555667052087f,-2.1990685670606123f,0f,0f,0f,1f], start_interpolation: 0, interpolation_duration: 1 }
$data merge entity $(bone_rearlegr) { transformation: [-1.080694387781476f,-0.047571745873852614f,0.058716950902145036f,-1.37513836878729f,-7.517135062566164e-18f,0.8417419595710274f,0.6819689029630588f,-0.36768050449104317f,-0.07556951322280252f,0.6803076609910779f,-0.8396915184633154f,-1.580907356074695f,0f,0f,0f,1f], start_interpolation: 0, interpolation_duration: 1 }
$data merge entity $(bone_rearfootrightd) { transformation: [-0.9975640502598242f,-0.03591266781763093f,-0.05980172170962432f,-0.534683927726149f,-6.938893903907228e-18f,-0.8572927858851318f,0.5148291748427916f,-2.297303539986631f,-0.0697564737441254f,0.5135750768480986f,0.8552044637461003f,-3.7442497411464064f,0f,0f,0f,1f], start_interpolation: 0, interpolation_duration: 1 }
$data merge entity $(bone_rearfootright) { transformation: [-0.9975640502598242f,-0.054200262371210825f,-0.043912380806633164f,-0.5716487223271107f,-6.938893903907228e-18f,-0.6295097565812848f,0.776992578065564f,-1.841809862139216f,-0.0697564737441254f,0.7750998631969068f,0.6279763024533023f,-3.215628550310148f,0f,0f,0f,1f], start_interpolation: 0, interpolation_duration: 1 }
$data merge entity $(bone_rearlegtipright) { transformation: [-0.9975640502598242f,-0.06847809239501969f,0.013293475510715884f,-0.7033054100827891f,-6.938893903907228e-18f,0.19056977506457462f,0.9816736529172194f,-1.7125946903819675f,-0.0697564737441254f,0.9792823452374583f,-0.19010555667052087f,-2.22882438738979f,0f,0f,0f,1f], start_interpolation: 0, interpolation_duration: 1 }
$data merge entity $(bone_tail11) { transformation: [-0.2937340837125001f,1.0898041862745981e-18f,4.0753754144750636e-17f,1.010713423422792e-15f,0f,0.29363008481983455f,-0.007816076563681974f,-1.6354923602684304f,-3.5972050541899386e-17f,-0.008898926507082405f,-0.3327796567396003f,-8.25310141770256f,0f,0f,0f,1f], start_interpolation: 0, interpolation_duration: 1 }
$data merge entity $(bone_tail10) { transformation: [-0.39164544495000014f,4.454893558066011e-18f,5.417490574401885e-17f,9.802400389417813e-16f,0f,0.3903318964945727f,-0.032049578671164314f,-1.6174644722659004f,-4.796273405586585e-17f,-0.03637696649489211f,-0.4423716763211853f,-8.004267349771894f,0f,0f,0f,1f], start_interpolation: 0, interpolation_duration: 1 }
$data merge entity $(bone_tail9) { transformation: [-0.48955680618750014f,1.0213195337305353e-17f,6.717524305906359e-17f,9.42453964721058e-16f,0f,0.484003867768401f,-0.07352644873397418f,-1.5761058448530398f,-5.99534175698323e-17f,-0.08339706880723635f,-0.5485274865033217f,-7.695720638613775f,0f,0f,0f,1f], start_interpolation: 0, interpolation_duration: 1 }
$data merge entity $(bone_tail8) { transformation: [-0.5759491837500001f,1.722058840180658e-17f,7.8060984310257e-17f,8.985446610465385e-16f,0f,0.5624413621471632f,-0.12400483386447113f,-1.5063531258042748f,-7.053343243509683e-17f,-0.1406167754963817f,-0.6374163094584178f,-7.337173964543415f,0f,0f,0f,1f], start_interpolation: 0, interpolation_duration: 1 }
$data merge entity $(bone_tail7) { transformation: [-0.6775872750000002f,2.4655755217325666e-17f,9.075503100954281e-17f,8.474949561036707e-16f,0f,0.6539080000023599f,-0.1775637175688612f,-1.4064735346717905f,-8.298050874717275e-17f,-0.20132951994397053f,-0.7410710669617558f,-6.920321489377427f,0f,0f,0f,1f], start_interpolation: 0, interpolation_duration: 1 }
$data merge entity $(bone_tail6) { transformation: [-0.7971615000000002f,3.1006068462586014e-17f,1.062072632910125e-16f,7.877533705024762e-16f,0f,0.7652462955406575f,-0.2233038449750101f,-1.2808651218733473f,-9.76241279378503e-17f,-0.2531837627320273f,-0.8672481189266827f,-6.4324944224811675f,0f,0f,0f,1f], start_interpolation: 0, interpolation_duration: 1 }
$data merge entity $(bone_tail5) { transformation: [-0.8857350000000002f,3.267828147804543e-17f,1.1851126055880917e-16f,7.210907864381461e-16f,0f,0.8538975641569689f,-0.2353412270736404f,-1.1484856816444247f,-1.0847125326427811e-16f,-0.2668384182345255f,-0.9677178811174074f,-5.888153114352626f,0f,0f,0f,1f], start_interpolation: 0, interpolation_duration: 1 }
$data merge entity $(bone_tail4) { transformation: [-0.9841500000000002f,3.031594462209316e-17f,1.3318673976533836e-16f,6.461732453201432e-16f,0f,0.95963170691318f,-0.21830775302259717f,-1.0256875705692137f,-1.205236147380868e-16f,-0.2475484739208097f,-1.0875522628897425f,-5.276404966477146f,0f,0f,0f,1f], start_interpolation: 0, interpolation_duration: 1 }
$data merge entity $(bone_tail3) { transformation: [-1.0935000000000001f,2.4014370231616098e-17f,1.4985855580470683e-16f,5.618778076799956e-16f,0f,1.0797459027357155f,-0.1728904749230342f,-0.928436678425007f,-1.339151274867631e-16f,-0.19609221408438615f,-1.2236879719854266f,-4.588080482235343f,0f,0f,0f,1f], start_interpolation: 0, interpolation_duration: 1 }
$data merge entity $(bone_tail2) { transformation: [-1.215f,1.5075597113195436e-17f,1.6795864087664396e-16f,4.674010721868834e-16f,0f,1.2101483939975348f,-0.10847102954461064f,-0.8674217243061635f,-1.4879458609640342e-16f,-0.12310159242396791f,-1.3714863827969286f,-3.81661939191207f,0f,0f,0f,1f], start_interpolation: 0, interpolation_duration: 1 }
$data merge entity $(bone_tail1) { transformation: [-1.35f,5.978764175287702e-18f,1.8727554374351366e-16f,3.62058578831157e-16f,0f,1.3493178681774458f,-0.04291169723274075f,-0.8432838946127468f,-1.6532731788489269e-16f,-0.048820314391466585f,-1.5292208649375658f,-2.9564326553846896f,0f,0f,0f,1f], start_interpolation: 0, interpolation_duration: 1 }
$data merge entity $(bone_tail0) { transformation: [-1.5f,-8.953096872497109e-20f,2.0818993112800907e-16f,2.4492935982947064e-16f,0f,1.4999998218426949f,0.0008285526185368726f,-0.46875f,-1.8369701987210297e-16f,0.0007310758398854759f,-1.6999997980883876f,-2f,0f,0f,0f,1f], start_interpolation: 0, interpolation_duration: 1 }