# This file was generated by Animated Java via MC-Build. It is not recommended to edit this file directly.
$data merge entity $(bone_leftwing20) {transformation: [-2.6041f,-1.3393f,0.42f,4.9544f,-1.1416f,2.536f,1.0086f,1.3866f,-0.8167f,0.7258f,-2.7492f,3.184f,0f,0f,0f,1f],start_interpolation: 0,interpolation_duration: 1}
$data merge entity $(bone_leftwing21) {transformation: [-2.111f,-1.3393f,-1.5814f,4.9544f,-1.5185f,2.5358f,-0.1206f,1.3866f,1.4102f,0.7257f,-2.4971f,3.184f,0f,0f,0f,1f],start_interpolation: 0,interpolation_duration: 1}
$data merge entity $(bone_leftwing22) {transformation: [-0.3295f,-1.3419f,-2.6221f,4.9544f,-0.97f,2.5407f,-1.1783f,1.3866f,2.7812f,0.7271f,-0.7216f,3.184f,0f,0f,0f,1f],start_interpolation: 0,interpolation_duration: 1}
$data merge entity $(bone_leftwing23) {transformation: [1.6309f,-1.3205f,-2.0257f,4.9544f,0.1711f,2.5003f,-1.4921f,1.3866f,2.412f,0.7155f,1.4755f,3.184f,0f,0f,0f,1f],start_interpolation: 0,interpolation_duration: 1}
$data merge entity $(bone_leftwing1) {transformation: [-1.7212f,-0.9055f,0.4664f,2.3726f,-0.6963f,1.7145f,0.7588f,0.3421f,-0.7434f,0.4907f,-1.7907f,2.0689f,0f,0f,0f,1f],start_interpolation: 0,interpolation_duration: 1}
$data merge entity $(bone_leftwing) {transformation: [-1.1234f,-0.2315f,-0.2134f,0.6875f,-0.2698f,1.1155f,0.21f,-0.0625f,0.1624f,0.2515f,-1.1276f,2.3125f,0f,0f,0f,1f],start_interpolation: 0,interpolation_duration: 1}
$data merge entity $(bone_rightwing20) {transformation: [-2.6041f,1.3393f,-0.42f,-4.9544f,1.1416f,2.536f,1.0086f,1.3866f,0.8167f,0.7258f,-2.7492f,3.184f,0f,0f,0f,1f],start_interpolation: 0,interpolation_duration: 1}
$data merge entity $(bone_rightwing21) {transformation: [-2.1111f,1.3393f,1.5815f,-4.9544f,1.5186f,2.536f,-0.1206f,1.3866f,-1.4103f,0.7258f,-2.4972f,3.184f,0f,0f,0f,1f],start_interpolation: 0,interpolation_duration: 1}
$data merge entity $(bone_rightwing22) {transformation: [-0.3289f,1.3393f,2.6172f,-4.9544f,0.9681f,2.536f,-1.1761f,1.3866f,-2.776f,0.7258f,-0.7202f,3.184f,0f,0f,0f,1f],start_interpolation: 0,interpolation_duration: 1}
$data merge entity $(bone_rightwing23) {transformation: [1.6309f,1.3205f,2.0257f,-4.9544f,-0.1711f,2.5003f,-1.4921f,1.3866f,-2.412f,0.7155f,1.4755f,3.184f,0f,0f,0f,1f],start_interpolation: 0,interpolation_duration: 1}
$data merge entity $(bone_rightwing1) {transformation: [-1.7212f,0.9055f,-0.4664f,-2.3726f,0.6963f,1.7145f,0.7588f,0.3421f,0.7434f,0.4907f,-1.7907f,2.0689f,0f,0f,0f,1f],start_interpolation: 0,interpolation_duration: 1}
$data merge entity $(bone_rightwing) {transformation: [-1.1234f,0.2315f,0.2134f,-0.6875f,0.2698f,1.1155f,0.21f,-0.0625f,-0.1624f,0.2515f,-1.1276f,2.3125f,0f,0f,0f,1f],start_interpolation: 0,interpolation_duration: 1}
$data merge entity $(bone_eyebrow) {transformation: [-0.8923f,0f,0f,0f,0f,0.8904f,0.0575f,-0.6541f,0f,0.0575f,-0.8904f,6.275f,0f,0f,0f,1f],start_interpolation: 0,interpolation_duration: 1}
$data merge entity $(bone_head) {transformation: [-1.2269f,0f,0f,0f,0f,1.2244f,0.0791f,-0.9786f,0f,0.0791f,-1.2244f,4.6374f,0f,0f,0f,1f],start_interpolation: 0,interpolation_duration: 1}
$data merge entity $(bone_neck4) {transformation: [-1.0498f,0f,0f,0f,0f,1.0404f,0.1395f,-0.9374f,0f,0.1395f,-1.0404f,4.5768f,0f,0f,0f,1f],start_interpolation: 0,interpolation_duration: 1}
$data merge entity $(bone_neck3) {transformation: [-1.1664f,0f,0f,0f,0f,1.1419f,0.238f,-0.8332f,0f,0.238f,-1.1419f,4.0772f,0f,0f,0f,1f],start_interpolation: 0,interpolation_duration: 1}
$data merge entity $(bone_neck2) {transformation: [-1.296f,0f,0f,0f,0f,1.2744f,0.2359f,-0.7743f,0f,0.2359f,-1.2744f,3.7586f,0f,0f,0f,1f],start_interpolation: 0,interpolation_duration: 1}
$data merge entity $(bone_neck1) {transformation: [-1.44f,0f,0f,0f,0f,1.4347f,0.1232f,-0.7435f,0f,0.1232f,-1.4347f,3.3999f,0f,0f,0f,1f],start_interpolation: 0,interpolation_duration: 1}
$data merge entity $(bone_neck0) {transformation: [-1.6f,0f,0f,0f,0f,1.6f,-0.0012f,-0.8437f,0f,-0.0012f,-1.6f,3f,0f,0f,0f,1f],start_interpolation: 0,interpolation_duration: 1}
$data merge entity $(bone_frontlegl) {transformation: [-0.9925f,-0.1105f,0.0515f,0.4294f,0f,0.4224f,0.9064f,-0.6358f,-0.1219f,0.8997f,-0.4192f,2.5641f,0f,0f,0f,1f],start_interpolation: 0,interpolation_duration: 1}
$data merge entity $(bone_frontlegtipleft) {transformation: [-0.9925f,-0.0699f,0.0998f,0.797f,0f,0.819f,0.5738f,-1.0382f,-0.1219f,0.5695f,-0.8129f,1.6216f,0f,0f,0f,1f],start_interpolation: 0,interpolation_duration: 1}
$data merge entity $(bone_frontfootleftd) {transformation: [-0.9925f,-0.12f,-0.0212f,0.8907f,0f,-0.1739f,0.9848f,-2.6099f,-0.1219f,0.9774f,0.1726f,0.7714f,0f,0f,0f,1f],start_interpolation: 0,interpolation_duration: 1}
$data merge entity $(bone_frontfootleft) {transformation: [0.9925f,0.1177f,0.0315f,0.9074f,0f,-0.2586f,0.966f,-2.1632f,0.1219f,-0.9588f,-0.2567f,0.722f,0f,0f,0f,1f],start_interpolation: 0,interpolation_duration: 1}
$data merge entity $(bone_frontlegr) {transformation: [-0.9925f,0.1105f,-0.0515f,-0.8735f,0f,0.4224f,0.9064f,-0.6764f,0.1219f,0.8997f,-0.4192f,2.6095f,0f,0f,0f,1f],start_interpolation: 0,interpolation_duration: 1}
$data merge entity $(bone_frontlegtipright) {transformation: [-0.9925f,0.0699f,-0.0998f,-0.7487f,0f,0.819f,0.5738f,-1.0034f,0.1219f,0.5695f,-0.8129f,1.5751f,0f,0f,0f,1f],start_interpolation: 0,interpolation_duration: 1}
$data merge entity $(bone_frontfootrightd) {transformation: [-0.9925f,0.12f,0.0212f,-0.855f,0f,-0.1739f,0.9848f,-2.5661f,0.1219f,0.9774f,0.1726f,0.7957f,0f,0f,0f,1f],start_interpolation: 0,interpolation_duration: 1}
$data merge entity $(bone_frontfootright) {transformation: [0.9925f,-0.1177f,-0.0315f,-0.852f,0f,-0.2586f,0.966f,-2.1071f,-0.1219f,-0.9588f,-0.2567f,0.7338f,0f,0f,0f,1f],start_interpolation: 0,interpolation_duration: 1}
$data merge entity $(bone_rearlegl) {transformation: [-1.0807f,0.0476f,-0.0587f,0.0007f,0f,0.8417f,0.682f,-0.2675f,0.0756f,0.6803f,-0.8397f,-0.4015f,0f,0f,0f,1f],start_interpolation: 0,interpolation_duration: 1}
$data merge entity $(bone_rearfootleftd) {transformation: [-0.9976f,0.0359f,0.0598f,0.5319f,0f,-0.8573f,0.5148f,-2.1971f,0.0698f,0.5136f,0.8552f,-2.6607f,0f,0f,0f,1f],start_interpolation: 0,interpolation_duration: 1}
$data merge entity $(bone_rearfootleft) {transformation: [-0.9976f,0.0542f,0.0439f,0.5688f,0f,-0.6295f,0.777f,-1.7416f,0.0698f,0.7751f,0.628f,-2.1321f,0f,0f,0f,1f],start_interpolation: 0,interpolation_duration: 1}
$data merge entity $(bone_rearlegtipleft) {transformation: [-0.9976f,0.0685f,-0.0133f,0.5758f,0f,0.1906f,0.9817f,-1.6124f,0.0698f,0.9793f,-0.1901f,-1.1366f,0f,0f,0f,1f],start_interpolation: 0,interpolation_duration: 1}
$data merge entity $(bone_rearlegr) {transformation: [-1.0807f,-0.0476f,0.0587f,-1.3751f,0f,0.8417f,0.682f,-0.2427f,-0.0756f,0.6803f,-0.8397f,-0.5184f,0f,0f,0f,1f],start_interpolation: 0,interpolation_duration: 1}
$data merge entity $(bone_rearfootrightd) {transformation: [-0.9976f,-0.0598f,0.0359f,-0.5347f,0f,0.5148f,0.8573f,-2.1723f,-0.0698f,0.8552f,-0.5136f,-2.6817f,0f,0f,0f,1f],start_interpolation: 0,interpolation_duration: 1}
$data merge entity $(bone_rearfootright) {transformation: [-0.9976f,-0.0542f,-0.0439f,-0.5716f,0f,-0.6295f,0.777f,-1.7168f,-0.0698f,0.7751f,0.628f,-2.1531f,0f,0f,0f,1f],start_interpolation: 0,interpolation_duration: 1}
$data merge entity $(bone_rearlegtipright) {transformation: [-0.9976f,-0.0685f,0.0133f,-0.7033f,0f,0.1906f,0.9817f,-1.5876f,-0.0698f,0.9793f,-0.1901f,-1.1663f,0f,0f,0f,1f],start_interpolation: 0,interpolation_duration: 1}
$data merge entity $(bone_tail11) {transformation: [-0.2937f,0f,0f,0f,0f,0.2936f,-0.0078f,-1.5105f,0f,-0.0089f,-0.3328f,-7.1906f,0f,0f,0f,1f],start_interpolation: 0,interpolation_duration: 1}
$data merge entity $(bone_tail10) {transformation: [-0.3916f,0f,0f,0f,0f,0.3903f,-0.032f,-1.4925f,0f,-0.0364f,-0.4424f,-6.9418f,0f,0f,0f,1f],start_interpolation: 0,interpolation_duration: 1}
$data merge entity $(bone_tail9) {transformation: [-0.4896f,0f,0f,0f,0f,0.484f,-0.0735f,-1.4511f,0f,-0.0834f,-0.5485f,-6.6332f,0f,0f,0f,1f],start_interpolation: 0,interpolation_duration: 1}
$data merge entity $(bone_tail8) {transformation: [-0.5759f,0f,0f,0f,0f,0.5624f,-0.124f,-1.3814f,0f,-0.1406f,-0.6374f,-6.2747f,0f,0f,0f,1f],start_interpolation: 0,interpolation_duration: 1}
$data merge entity $(bone_tail7) {transformation: [-0.6776f,0f,0f,0f,0f,0.6539f,-0.1776f,-1.2815f,0f,-0.2013f,-0.7411f,-5.8578f,0f,0f,0f,1f],start_interpolation: 0,interpolation_duration: 1}
$data merge entity $(bone_tail6) {transformation: [-0.7972f,0f,0f,0f,0f,0.7652f,-0.2233f,-1.1559f,0f,-0.2532f,-0.8672f,-5.37f,0f,0f,0f,1f],start_interpolation: 0,interpolation_duration: 1}
$data merge entity $(bone_tail5) {transformation: [-0.8857f,0f,0f,0f,0f,0.8539f,-0.2353f,-1.0235f,0f,-0.2668f,-0.9677f,-4.8257f,0f,0f,0f,1f],start_interpolation: 0,interpolation_duration: 1}
$data merge entity $(bone_tail4) {transformation: [-0.9842f,0f,0f,0f,0f,0.9596f,-0.2183f,-0.9007f,0f,-0.2475f,-1.0876f,-4.2139f,0f,0f,0f,1f],start_interpolation: 0,interpolation_duration: 1}
$data merge entity $(bone_tail3) {transformation: [-1.0935f,0f,0f,0f,0f,1.0797f,-0.1729f,-0.8034f,0f,-0.1961f,-1.2237f,-3.5256f,0f,0f,0f,1f],start_interpolation: 0,interpolation_duration: 1}
$data merge entity $(bone_tail2) {transformation: [-1.215f,0f,0f,0f,0f,1.2101f,-0.1085f,-0.7424f,0f,-0.1231f,-1.3715f,-2.7541f,0f,0f,0f,1f],start_interpolation: 0,interpolation_duration: 1}
$data merge entity $(bone_tail1) {transformation: [-1.35f,0f,0f,0f,0f,1.3493f,-0.0429f,-0.7183f,0f,-0.0488f,-1.5292f,-1.8939f,0f,0f,0f,1f],start_interpolation: 0,interpolation_duration: 1}
$data merge entity $(bone_tail0) {transformation: [-1.5f,0f,0f,0f,0f,1.5f,0.0008f,-0.3437f,0f,0.0007f,-1.7f,-0.9375f,0f,0f,0f,1f],start_interpolation: 0,interpolation_duration: 1}