# This file was generated by Animated Java via MC-Build. It is not recommended to edit this file directly.
$data merge entity $(bone_leftwing20) {transformation: [-2.8185f,-0.5643f,0.6994f,5.1873f,-0.2918f,2.7523f,1.0448f,0.0466f,-0.85f,0.9264f,-2.6779f,3.2101f,0f,0f,0f,1f],start_interpolation: 0,interpolation_duration: 1}
$data merge entity $(bone_leftwing21) {transformation: [-2.4609f,-0.5643f,-1.5415f,5.1873f,-0.9542f,2.7521f,0.5158f,0.0466f,1.3358f,0.9263f,-2.4715f,3.2101f,0f,0f,0f,1f],start_interpolation: 0,interpolation_duration: 1}
$data merge entity $(bone_leftwing22) {transformation: [-0.6018f,-0.5654f,-2.8465f,5.1873f,-1.0359f,2.7574f,-0.3287f,0.0466f,2.711f,0.9281f,-0.7574f,3.2101f,0f,0f,0f,1f],start_interpolation: 0,interpolation_duration: 1}
$data merge entity $(bone_leftwing23) {transformation: [1.6037f,-0.5564f,-2.3718f,5.1873f,-0.4754f,2.7135f,-0.958f,0.0466f,2.3894f,0.9133f,1.4013f,3.2101f,0f,0f,0f,1f],start_interpolation: 0,interpolation_duration: 1}
$data merge entity $(bone_leftwing1) {transformation: [-1.8456f,-0.3815f,0.6694f,2.4189f,-0.1224f,1.8607f,0.7231f,-0.1369f,-0.7607f,0.6263f,-1.7404f,2.0689f,0f,0f,0f,1f],start_interpolation: 0,interpolation_duration: 1}
$data merge entity $(bone_leftwing) {transformation: [-1.1542f,0.0948f,-0.1408f,0.6875f,0.0496f,1.1139f,0.3434f,-0.0625f,0.1624f,0.3338f,-1.1061f,2.3125f,0f,0f,0f,1f],start_interpolation: 0,interpolation_duration: 1}
$data merge entity $(bone_rightwing20) {transformation: [-2.8185f,0.5643f,-0.6994f,-5.1873f,0.2918f,2.7523f,1.0448f,0.0466f,0.85f,0.9264f,-2.6779f,3.2101f,0f,0f,0f,1f],start_interpolation: 0,interpolation_duration: 1}
$data merge entity $(bone_rightwing21) {transformation: [-2.461f,0.5643f,1.5416f,-5.1873f,0.9542f,2.7523f,0.5158f,0.0466f,-1.3358f,0.9264f,-2.4717f,3.2101f,0f,0f,0f,1f],start_interpolation: 0,interpolation_duration: 1}
$data merge entity $(bone_rightwing22) {transformation: [-0.6006f,0.5643f,2.8412f,-5.1873f,1.0339f,2.7523f,-0.3281f,0.0466f,-2.7059f,0.9264f,-0.756f,3.2101f,0f,0f,0f,1f],start_interpolation: 0,interpolation_duration: 1}
$data merge entity $(bone_rightwing23) {transformation: [1.6037f,0.5564f,2.3718f,-5.1873f,0.4754f,2.7135f,-0.958f,0.0466f,-2.3894f,0.9133f,1.4013f,3.2101f,0f,0f,0f,1f],start_interpolation: 0,interpolation_duration: 1}
$data merge entity $(bone_rightwing1) {transformation: [-1.8456f,0.3815f,-0.6694f,-2.4189f,0.1224f,1.8607f,0.7231f,-0.1369f,0.7607f,0.6263f,-1.7404f,2.0689f,0f,0f,0f,1f],start_interpolation: 0,interpolation_duration: 1}
$data merge entity $(bone_rightwing) {transformation: [-1.1542f,-0.0948f,0.1408f,-0.6875f,-0.0496f,1.1139f,0.3434f,-0.0625f,-0.1624f,0.3338f,-1.1061f,2.3125f,0f,0f,0f,1f],start_interpolation: 0,interpolation_duration: 1}
$data merge entity $(bone_eyebrow) {transformation: [-0.8923f,0f,0f,0f,0f,0.891f,0.0479f,-0.6646f,0f,0.0479f,-0.891f,6.2716f,0f,0f,0f,1f],start_interpolation: 0,interpolation_duration: 1}
$data merge entity $(bone_head) {transformation: [-1.2269f,0f,0f,0f,0f,1.2251f,0.0659f,-1.0066f,0f,0.0659f,-1.2251f,4.6375f,0f,0f,0f,1f],start_interpolation: 0,interpolation_duration: 1}
$data merge entity $(bone_neck4) {transformation: [-1.0498f,0f,0f,0f,0f,1.0424f,0.1239f,-0.9663f,0f,0.1239f,-1.0424f,4.5763f,0f,0f,0f,1f],start_interpolation: 0,interpolation_duration: 1}
$data merge entity $(bone_neck3) {transformation: [-1.1664f,0f,0f,0f,0f,1.1419f,0.238f,-0.8622f,0f,0.238f,-1.1419f,4.0767f,0f,0f,0f,1f],start_interpolation: 0,interpolation_duration: 1}
$data merge entity $(bone_neck2) {transformation: [-1.296f,0f,0f,0f,0f,1.2685f,0.2654f,-0.7958f,0f,0.2654f,-1.2685f,3.7596f,0f,0f,0f,1f],start_interpolation: 0,interpolation_duration: 1}
$data merge entity $(bone_neck1) {transformation: [-1.44f,0f,0f,0f,0f,1.4297f,0.1722f,-0.7528f,0f,0.1722f,-1.4297f,3.4021f,0f,0f,0f,1f],start_interpolation: 0,interpolation_duration: 1}
$data merge entity $(bone_neck0) {transformation: [-1.6f,0f,0f,0f,0f,1.5996f,0.036f,-0.8437f,0f,0.036f,-1.5996f,3f,0f,0f,0f,1f],start_interpolation: 0,interpolation_duration: 1}
$data merge entity $(bone_frontlegl) {transformation: [-0.9925f,-0.1101f,0.0523f,0.4294f,0f,0.4294f,0.9031f,-0.6355f,-0.1219f,0.8964f,-0.4262f,2.5637f,0f,0f,0f,1f],start_interpolation: 0,interpolation_duration: 1}
$data merge entity $(bone_frontlegtipleft) {transformation: [-0.9925f,-0.0692f,0.1004f,0.7967f,0f,0.8234f,0.5674f,-1.0454f,-0.1219f,0.5632f,-0.8173f,1.6243f,0f,0f,0f,1f],start_interpolation: 0,interpolation_duration: 1}
$data merge entity $(bone_frontfootleftd) {transformation: [-0.9925f,-0.1202f,-0.0203f,0.8889f,0f,-0.1663f,0.9861f,-2.6238f,-0.1219f,0.9787f,0.165f,0.7862f,0f,0f,0f,1f],start_interpolation: 0,interpolation_duration: 1}
$data merge entity $(bone_frontfootleft) {transformation: [0.9925f,0.1175f,0.0324f,0.906f,0f,-0.2661f,0.964f,-2.1775f,0.1219f,-0.9568f,-0.2641f,0.7334f,0f,0f,0f,1f],start_interpolation: 0,interpolation_duration: 1}
$data merge entity $(bone_frontlegr) {transformation: [-0.9925f,0.1101f,-0.0523f,-0.8736f,0f,0.4294f,0.9031f,-0.6767f,0.1219f,0.8964f,-0.4262f,2.6095f,0f,0f,0f,1f],start_interpolation: 0,interpolation_duration: 1}
$data merge entity $(bone_frontlegtipright) {transformation: [-0.9925f,0.0692f,-0.1004f,-0.7484f,0f,0.8234f,0.5674f,-1.0114f,0.1219f,0.5632f,-0.8173f,1.5776f,0f,0f,0f,1f],start_interpolation: 0,interpolation_duration: 1}
$data merge entity $(bone_frontfootrightd) {transformation: [-0.9925f,0.1202f,0.0203f,-0.8533f,0f,-0.1663f,0.9861f,-2.5802f,0.1219f,0.9787f,0.165f,0.8102f,0f,0f,0f,1f],start_interpolation: 0,interpolation_duration: 1}
$data merge entity $(bone_frontfootright) {transformation: [0.9925f,-0.1175f,-0.0324f,-0.8506f,0f,-0.2661f,0.964f,-2.1217f,-0.1219f,-0.9568f,-0.2641f,0.7448f,0f,0f,0f,1f],start_interpolation: 0,interpolation_duration: 1}
$data merge entity $(bone_rearlegl) {transformation: [-1.0807f,0.0471f,-0.0591f,0.0006f,0f,0.847f,0.6754f,-0.2676f,0.0756f,0.6738f,-0.8449f,-0.4033f,0f,0f,0f,1f],start_interpolation: 0,interpolation_duration: 1}
$data merge entity $(bone_rearfootleftd) {transformation: [-0.9976f,0.0364f,0.0595f,0.5328f,0f,-0.8533f,0.5214f,-2.2143f,0.0698f,0.5202f,0.8512f,-2.6475f,0f,0f,0f,1f],start_interpolation: 0,interpolation_duration: 1}
$data merge entity $(bone_rearfootleft) {transformation: [-0.9976f,0.0545f,0.0435f,0.5695f,0f,-0.6235f,0.7818f,-1.7547f,0.0698f,0.7799f,0.622f,-2.1225f,0f,0f,0f,1f],start_interpolation: 0,interpolation_duration: 1}
$data merge entity $(bone_rearlegtipleft) {transformation: [-0.9976f,0.0684f,-0.0138f,0.5764f,0f,0.1982f,0.9802f,-1.6178f,0.0698f,0.9778f,-0.1977f,-1.128f,0f,0f,0f,1f],start_interpolation: 0,interpolation_duration: 1}
$data merge entity $(bone_rearlegr) {transformation: [-1.0807f,-0.0471f,0.0591f,-1.375f,0f,0.847f,0.6754f,-0.243f,-0.0756f,0.6738f,-0.8449f,-0.5204f,0f,0f,0f,1f],start_interpolation: 0,interpolation_duration: 1}
$data merge entity $(bone_rearfootrightd) {transformation: [-0.9976f,-0.0595f,0.0364f,-0.5356f,0f,0.5214f,0.8533f,-2.1897f,-0.0698f,0.8512f,-0.5202f,-2.6688f,0f,0f,0f,1f],start_interpolation: 0,interpolation_duration: 1}
$data merge entity $(bone_rearfootright) {transformation: [-0.9976f,-0.0545f,-0.0435f,-0.5723f,0f,-0.6235f,0.7818f,-1.7301f,-0.0698f,0.7799f,0.622f,-2.1437f,0f,0f,0f,1f],start_interpolation: 0,interpolation_duration: 1}
$data merge entity $(bone_rearlegtipright) {transformation: [-0.9976f,-0.0684f,0.0138f,-0.7039f,0f,0.1982f,0.9802f,-1.5932f,-0.0698f,0.9778f,-0.1977f,-1.1579f,0f,0f,0f,1f],start_interpolation: 0,interpolation_duration: 1}
$data merge entity $(bone_tail11) {transformation: [-0.2937f,0f,0f,0f,0f,0.2937f,-0.0047f,-1.5992f,0f,-0.0041f,-0.3329f,-7.1763f,0f,0f,0f,1f],start_interpolation: 0,interpolation_duration: 1}
$data merge entity $(bone_tail10) {transformation: [-0.3916f,0f,0f,0f,0f,0.3909f,-0.0237f,-1.5859f,0f,-0.0252f,-0.4431f,-6.927f,0f,0f,0f,1f],start_interpolation: 0,interpolation_duration: 1}
$data merge entity $(bone_tail9) {transformation: [-0.4896f,0f,0f,0f,0f,0.4857f,-0.0611f,-1.5515f,0f,-0.0672f,-0.5507f,-6.6172f,0f,0f,0f,1f],start_interpolation: 0,interpolation_duration: 1}
$data merge entity $(bone_tail8) {transformation: [-0.5759f,0f,0f,0f,0f,0.5651f,-0.1114f,-1.4888f,0f,-0.1238f,-0.6409f,-6.2567f,0f,0f,0f,1f],start_interpolation: 0,interpolation_duration: 1}
$data merge entity $(bone_tail7) {transformation: [-0.6776f,0f,0f,0f,0f,0.6561f,-0.1695f,-1.3935f,0f,-0.1893f,-0.7442f,-5.8381f,0f,0f,0f,1f],start_interpolation: 0,interpolation_duration: 1}
$data merge entity $(bone_tail6) {transformation: [-0.7972f,0f,0f,0f,0f,0.7648f,-0.2249f,-1.267f,0f,-0.2516f,-0.8677f,-5.35f,0f,0f,0f,1f],start_interpolation: 0,interpolation_duration: 1}
$data merge entity $(bone_tail5) {transformation: [-0.8857f,0f,0f,0f,0f,0.8497f,-0.2503f,-1.1262f,0f,-0.28f,-0.964f,-4.8078f,0f,0f,0f,1f],start_interpolation: 0,interpolation_duration: 1}
$data merge entity $(bone_tail4) {transformation: [-0.9842f,0f,0f,0f,0f,0.9526f,-0.2474f,-0.9871f,0f,-0.2763f,-1.0806f,-4.2f,0f,0f,0f,1f],start_interpolation: 0,interpolation_duration: 1}
$data merge entity $(bone_tail3) {transformation: [-1.0935f,0f,0f,0f,0f,1.0725f,-0.2135f,-0.8669f,0f,-0.2374f,-1.2163f,-3.5158f,0f,0f,0f,1f],start_interpolation: 0,interpolation_duration: 1}
$data merge entity $(bone_tail2) {transformation: [-1.215f,0f,0f,0f,0f,1.2052f,-0.1541f,-0.7803f,0f,-0.1695f,-1.3665f,-2.7472f,0f,0f,0f,1f],start_interpolation: 0,interpolation_duration: 1}
$data merge entity $(bone_tail1) {transformation: [-1.35f,0f,0f,0f,0f,1.3474f,-0.084f,-0.733f,0f,-0.0894f,-1.5273f,-1.888f,0f,0f,0f,1f],start_interpolation: 0,interpolation_duration: 1}
$data merge entity $(bone_tail0) {transformation: [-1.5f,0f,0f,0f,0f,1.4998f,-0.0255f,-0.3437f,0f,-0.0225f,-1.6998f,-0.9375f,0f,0f,0f,1f],start_interpolation: 0,interpolation_duration: 1}