# This file was generated by Animated Java via MC-Build. It is not recommended to edit this file directly.
$data merge entity $(bone_leftwing20) {transformation: [-2.7706f,0.2733f,1.0005f,5.027f,0.6075f,2.7406f,0.9337f,-1.3935f,-0.8406f,1.0799f,-2.6228f,3.1948f,0f,0f,0f,1f],start_interpolation: 0,interpolation_duration: 1}
$data merge entity $(bone_leftwing21) {transformation: [-2.6442f,0.2733f,-1.2979f,5.027f,-0.2496f,2.7405f,1.0855f,-1.3935f,1.3026f,1.0798f,-2.4265f,3.1948f,0f,0f,0f,1f],start_interpolation: 0,interpolation_duration: 1}
$data merge entity $(bone_leftwing22) {transformation: [-0.9049f,0.2738f,-2.8091f,5.027f,-0.9561f,2.7457f,0.5756f,-1.3935f,2.6555f,1.0819f,-0.75f,3.1948f,0f,0f,0f,1f],start_interpolation: 0,interpolation_duration: 1}
$data merge entity $(bone_leftwing23) {transformation: [1.3699f,0.2694f,-2.5608f,5.027f,-1.0611f,2.702f,-0.2833f,-1.3935f,2.3462f,1.0647f,1.3671f,3.1948f,0f,0f,0f,1f],start_interpolation: 0,interpolation_duration: 1}
$data merge entity $(bone_leftwing1) {transformation: [-1.7921f,0.1848f,0.8685f,2.3388f,0.4744f,1.8528f,0.5848f,-0.6819f,-0.7505f,0.7301f,-1.704f,2.0689f,0f,0f,0f,1f],start_interpolation: 0,interpolation_duration: 1}
$data merge entity $(bone_leftwing) {transformation: [-1.1009f,0.3855f,-0.0232f,0.6875f,0.3504f,1.0265f,0.4296f,-0.1562f,0.1624f,0.3984f,-1.0844f,2.3125f,0f,0f,0f,1f],start_interpolation: 0,interpolation_duration: 1}
$data merge entity $(bone_rightwing20) {transformation: [-2.7706f,-0.2733f,-1.0005f,-5.027f,-0.6075f,2.7406f,0.9337f,-1.3935f,0.8406f,1.0799f,-2.6228f,3.1948f,0f,0f,0f,1f],start_interpolation: 0,interpolation_duration: 1}
$data merge entity $(bone_rightwing21) {transformation: [-2.6443f,-0.2733f,1.298f,-5.027f,0.2496f,2.7406f,1.0856f,-1.3935f,-1.3027f,1.0799f,-2.4266f,3.1948f,0f,0f,0f,1f],start_interpolation: 0,interpolation_duration: 1}
$data merge entity $(bone_rightwing22) {transformation: [-0.9032f,-0.2733f,2.8038f,-5.027f,0.9543f,2.7406f,0.5745f,-1.3935f,-2.6505f,1.0799f,-0.7486f,3.1948f,0f,0f,0f,1f],start_interpolation: 0,interpolation_duration: 1}
$data merge entity $(bone_rightwing23) {transformation: [1.3699f,-0.2694f,2.5608f,-5.027f,1.0611f,2.702f,-0.2833f,-1.3935f,-2.3462f,1.0647f,1.3671f,3.1948f,0f,0f,0f,1f],start_interpolation: 0,interpolation_duration: 1}
$data merge entity $(bone_rightwing1) {transformation: [-1.7921f,-0.1848f,-0.8685f,-2.3388f,-0.4744f,1.8528f,0.5848f,-0.6819f,0.7505f,0.7301f,-1.704f,2.0689f,0f,0f,0f,1f],start_interpolation: 0,interpolation_duration: 1}
$data merge entity $(bone_rightwing) {transformation: [-1.1009f,-0.3855f,0.0232f,-0.6875f,-0.3504f,1.0265f,0.4296f,-0.1562f,-0.1624f,0.3984f,-1.0844f,2.3125f,0f,0f,0f,1f],start_interpolation: 0,interpolation_duration: 1}
$data merge entity $(bone_eyebrow) {transformation: [-0.8923f,0f,0f,0f,0f,0.8916f,0.036f,-0.7532f,0f,0.036f,-0.8916f,6.2684f,0f,0f,0f,1f],start_interpolation: 0,interpolation_duration: 1}
$data merge entity $(bone_head) {transformation: [-1.2269f,0f,0f,0f,0f,1.2259f,0.0495f,-1.1171f,0f,0.0495f,-1.2259f,4.6391f,0f,0f,0f,1f],start_interpolation: 0,interpolation_duration: 1}
$data merge entity $(bone_neck4) {transformation: [-1.0498f,0f,0f,0f,0f,1.0448f,0.1021f,-1.078f,0f,0.1021f,-1.0448f,4.577f,0f,0f,0f,1f],start_interpolation: 0,interpolation_duration: 1}
$data merge entity $(bone_neck3) {transformation: [-1.1664f,0f,0f,0f,0f,1.1442f,0.2264f,-0.979f,0f,0.2264f,-1.1442f,4.0764f,0f,0f,0f,1f],start_interpolation: 0,interpolation_duration: 1}
$data merge entity $(bone_neck2) {transformation: [-1.296f,0f,0f,0f,0f,1.265f,0.2818f,-0.9085f,0f,0.2818f,-1.265f,3.7601f,0f,0f,0f,1f],start_interpolation: 0,interpolation_duration: 1}
$data merge entity $(bone_neck1) {transformation: [-1.44f,0f,0f,0f,0f,1.4242f,0.2124f,-0.8554f,0f,0.2124f,-1.4242f,3.4041f,0f,0f,0f,1f],start_interpolation: 0,interpolation_duration: 1}
$data merge entity $(bone_neck0) {transformation: [-1.6f,0f,0f,0f,0f,1.5984f,0.0713f,-0.9375f,0f,0.0713f,-1.5984f,3f,0f,0f,0f,1f],start_interpolation: 0,interpolation_duration: 1}
$data merge entity $(bone_frontlegl) {transformation: [-0.9925f,-0.1097f,0.0531f,0.4295f,0f,0.436f,0.8999f,-0.7289f,-0.1219f,0.8932f,-0.4328f,2.5633f,0f,0f,0f,1f],start_interpolation: 0,interpolation_duration: 1}
$data merge entity $(bone_frontlegtipleft) {transformation: [-0.9925f,-0.0684f,0.1009f,0.7963f,0f,0.8276f,0.5613f,-1.1461f,-0.1219f,0.5572f,-0.8214f,1.627f,0f,0f,0f,1f],start_interpolation: 0,interpolation_duration: 1}
$data merge entity $(bone_frontfootleftd) {transformation: [-0.9925f,-0.1203f,-0.0194f,0.8872f,0f,-0.159f,0.9873f,-2.7306f,-0.1219f,0.9799f,0.1578f,0.8004f,0f,0f,0f,1f],start_interpolation: 0,interpolation_duration: 1}
$data merge entity $(bone_frontfootleft) {transformation: [0.9925f,0.1172f,0.0333f,0.9047f,0f,-0.2731f,0.962f,-2.2847f,0.1219f,-0.9548f,-0.2711f,0.7444f,0f,0f,0f,1f],start_interpolation: 0,interpolation_duration: 1}
$data merge entity $(bone_frontlegr) {transformation: [-0.9925f,0.1097f,-0.0531f,-0.8736f,0f,0.436f,0.8999f,-0.7706f,0.1219f,0.8932f,-0.4328f,2.6094f,0f,0f,0f,1f],start_interpolation: 0,interpolation_duration: 1}
$data merge entity $(bone_frontlegtipright) {transformation: [-0.9925f,0.0684f,-0.1009f,-0.7481f,0f,0.8276f,0.5613f,-1.1128f,0.1219f,0.5572f,-0.8214f,1.58f,0f,0f,0f,1f],start_interpolation: 0,interpolation_duration: 1}
$data merge entity $(bone_frontfootrightd) {transformation: [-0.9925f,0.1203f,0.0194f,-0.8516f,0f,-0.159f,0.9873f,-2.6872f,0.1219f,0.9799f,0.1578f,0.8241f,0f,0f,0f,1f],start_interpolation: 0,interpolation_duration: 1}
$data merge entity $(bone_frontfootright) {transformation: [0.9925f,-0.1172f,-0.0333f,-0.8493f,0f,-0.2731f,0.962f,-2.2292f,-0.1219f,-0.9548f,-0.2711f,0.7553f,0f,0f,0f,1f],start_interpolation: 0,interpolation_duration: 1}
$data merge entity $(bone_rearlegl) {transformation: [-1.0807f,0.0467f,-0.0594f,0.0004f,0f,0.8519f,0.6692f,-0.3615f,0.0756f,0.6675f,-0.8499f,-0.405f,0f,0f,0f,1f],start_interpolation: 0,interpolation_duration: 1}
$data merge entity $(bone_rearfootleftd) {transformation: [-0.9976f,0.0368f,0.0593f,0.5337f,0f,-0.8494f,0.5277f,-2.3244f,0.0698f,0.5264f,0.8473f,-2.6349f,0f,0f,0f,1f],start_interpolation: 0,interpolation_duration: 1}
$data merge entity $(bone_rearfootleft) {transformation: [-0.9976f,0.0549f,0.0431f,0.5702f,0f,-0.6177f,0.7864f,-1.8609f,0.0698f,0.7845f,0.6162f,-2.1132f,0f,0f,0f,1f],start_interpolation: 0,interpolation_duration: 1}
$data merge entity $(bone_rearlegtipleft) {transformation: [-0.9976f,0.0683f,-0.0143f,0.577f,0f,0.2054f,0.9787f,-1.7167f,0.0698f,0.9763f,-0.2049f,-1.1197f,0f,0f,0f,1f],start_interpolation: 0,interpolation_duration: 1}
$data merge entity $(bone_rearlegr) {transformation: [-1.0807f,-0.0467f,0.0594f,-1.3749f,0f,0.8519f,0.6692f,-0.337f,-0.0756f,0.6675f,-0.8499f,-0.5223f,0f,0f,0f,1f],start_interpolation: 0,interpolation_duration: 1}
$data merge entity $(bone_rearfootrightd) {transformation: [-0.9976f,-0.0593f,0.0368f,-0.5365f,0f,0.5277f,0.8494f,-2.2999f,-0.0698f,0.8473f,-0.5264f,-2.6563f,0f,0f,0f,1f],start_interpolation: 0,interpolation_duration: 1}
$data merge entity $(bone_rearfootright) {transformation: [-0.9976f,-0.0549f,-0.0431f,-0.5729f,0f,-0.6177f,0.7864f,-1.8365f,-0.0698f,0.7845f,0.6162f,-2.1346f,0f,0f,0f,1f],start_interpolation: 0,interpolation_duration: 1}
$data merge entity $(bone_rearlegtipright) {transformation: [-0.9976f,-0.0683f,0.0143f,-0.7045f,0f,0.2054f,0.9787f,-1.6923f,-0.0698f,0.9763f,-0.2049f,-1.1499f,0f,0f,0f,1f],start_interpolation: 0,interpolation_duration: 1}
$data merge entity $(bone_tail11) {transformation: [-0.2937f,0f,0f,0f,0f,0.2938f,-0.0014f,-1.7382f,0f,0.0009f,-0.3329f,-7.1688f,0f,0f,0f,1f],start_interpolation: 0,interpolation_duration: 1}
$data merge entity $(bone_tail10) {transformation: [-0.3916f,0f,0f,0f,0f,0.3914f,-0.0142f,-1.7302f,0f,-0.0128f,-0.4436f,-6.9193f,0f,0f,0f,1f],start_interpolation: 0,interpolation_duration: 1}
$data merge entity $(bone_tail9) {transformation: [-0.4896f,0f,0f,0f,0f,0.4875f,-0.0456f,-1.7045f,0f,-0.0476f,-0.5527f,-6.6083f,0f,0f,0f,1f],start_interpolation: 0,interpolation_duration: 1}
$data merge entity $(bone_tail8) {transformation: [-0.5759f,0f,0f,0f,0f,0.5684f,-0.0932f,-1.6521f,0f,-0.1008f,-0.6448f,-6.2456f,0f,0f,0f,1f],start_interpolation: 0,interpolation_duration: 1}
$data merge entity $(bone_tail7) {transformation: [-0.6776f,0f,0f,0f,0f,0.6602f,-0.1531f,-1.566f,0f,-0.1679f,-0.7493f,-5.8242f,0f,0f,0f,1f],start_interpolation: 0,interpolation_duration: 1}
$data merge entity $(bone_tail6) {transformation: [-0.7972f,0f,0f,0f,0f,0.7676f,-0.2156f,-1.4447f,0f,-0.2378f,-0.8715f,-5.3339f,0f,0f,0f,1f],start_interpolation: 0,interpolation_duration: 1}
$data merge entity $(bone_tail5) {transformation: [-0.8857f,0f,0f,0f,0f,0.8489f,-0.2531f,-1.3023f,0f,-0.2796f,-0.964f,-4.7917f,0f,0f,0f,1f],start_interpolation: 0,interpolation_duration: 1}
$data merge entity $(bone_tail4) {transformation: [-0.9842f,0f,0f,0f,0f,0.9481f,-0.2644f,-1.1536f,0f,-0.2915f,-1.0765f,-4.1862f,0f,0f,0f,1f],start_interpolation: 0,interpolation_duration: 1}
$data merge entity $(bone_tail3) {transformation: [-1.0935f,0f,0f,0f,0f,1.0662f,-0.2435f,-1.0166f,0f,-0.2669f,-1.2101f,-3.5055f,0f,0f,0f,1f],start_interpolation: 0,interpolation_duration: 1}
$data merge entity $(bone_tail2) {transformation: [-1.215f,0f,0f,0f,0f,1.1999f,-0.1919f,-0.9087f,0f,-0.2073f,-1.3612f,-2.7398f,0f,0f,0f,1f],start_interpolation: 0,interpolation_duration: 1}
$data merge entity $(bone_tail1) {transformation: [-1.35f,0f,0f,0f,0f,1.3448f,-0.1208f,-0.8408f,0f,-0.1255f,-1.5247f,-1.8822f,0f,0f,0f,1f],start_interpolation: 0,interpolation_duration: 1}
$data merge entity $(bone_tail0) {transformation: [-1.5f,0f,0f,0f,0f,1.4993f,-0.0505f,-0.4375f,0f,-0.0446f,-1.6992f,-0.9375f,0f,0f,0f,1f],start_interpolation: 0,interpolation_duration: 1}