# This file was generated by Animated Java via MC-Build. It is not recommended to edit this file directly.
$data merge entity $(bone_leftwing20) { transformation: [-2.770563587115936f,0.2732794946377647f,1.0005157863166945f,5.026975093793033f,0.6075017787959212f,2.7406021261699705f,0.9336903586861866f,-1.424770204716372f,-0.8406278068314047f,1.0798862972342396f,-2.622770784216314f,2.1322603278483427f,0f,0f,0f,1f], start_interpolation: 0, interpolation_duration: 1 }
$data merge entity $(bone_leftwing21) { transformation: [-2.644164113968947f,0.2732648299212214f,-1.2978903407477371f,5.026975093793033f,-0.2496210446098147f,2.7404550600558757f,1.0855377761190026f,-1.424770204716372f,1.3026443635797362f,1.0798283484061766f,-2.4264965002018175f,2.1322603278483427f,0f,0f,0f,1f], start_interpolation: 0, interpolation_duration: 1 }
$data merge entity $(bone_leftwing22) { transformation: [-0.9049105243382034f,0.27379249028629027f,-2.809056565476963f,5.026975093793033f,-0.9561145252407677f,2.74574673816118f,0.5756249102890714f,-1.424770204716372f,2.655486044100029f,1.0819134415398082f,-0.7499875648635178f,2.1322603278483427f,0f,0f,0f,1f], start_interpolation: 0, interpolation_duration: 1 }
$data merge entity $(bone_leftwing23) { transformation: [1.3698844803607277f,0.26943048767103556f,-2.560813965758662f,5.026975093793033f,-1.0610645344615863f,2.702002096223914f,-0.28332167258053553f,-1.424770204716372f,2.346167728151395f,1.0646766310760107f,1.3670790419964753f,2.1322603278483427f,0f,0f,0f,1f], start_interpolation: 0, interpolation_duration: 1 }
$data merge entity $(bone_leftwing1) { transformation: [-1.7920926911176231f,0.18475233440299582f,0.8684873985127465f,2.3388360571165983f,0.47443675865848456f,1.852801437410684f,0.5848389483973626f,-0.7131150667286451f,-0.7505421696856382f,0.7300639755949788f,-1.7040226063823298f,1.0064470733198856f,0f,0f,0f,1f], start_interpolation: 0, interpolation_duration: 1 }
$data merge entity $(bone_leftwing) { transformation: [-1.1008907047443988f,0.3855031752223037f,-0.023196318932405938f,0.6874999999999999f,0.3504100444857634f,1.0265250798490302f,0.42961630820481944f,-0.1875f,0.16236861778674289f,0.3984277518516688f,-1.084436660033014f,1.25f,0f,0f,0f,1f], start_interpolation: 0, interpolation_duration: 1 }
$data merge entity $(bone_rightwing20) { transformation: [-2.770563587115937f,-0.273279494637765f,-1.000515786316694f,-5.026975093793034f,-0.6075017787959212f,2.7406021261699705f,0.9336903586861866f,-1.424770204716372f,0.8406278068314039f,1.0798862972342393f,-2.622770784216314f,2.132260327848342f,0f,0f,0f,1f], start_interpolation: 0, interpolation_duration: 1 }
$data merge entity $(bone_rightwing21) { transformation: [-2.64430601264371f,-0.273279494637765f,1.297959991840258f,-5.026975093793034f,0.24963444048612812f,2.7406021261699705f,1.0855960313426563f,-1.424770204716372f,-1.3027142697961869f,1.0798862972342393f,-2.4266267177763914f,2.132260327848342f,0f,0f,0f,1f], start_interpolation: 0, interpolation_duration: 1 }
$data merge entity $(bone_rightwing22) { transformation: [-0.9032150243600804f,-0.273279494637765f,2.803793332022148f,-5.026975093793034f,0.9543230860729959f,2.7406021261699705f,0.5745463815323021f,-1.424770204716372f,-2.6505105504920077f,1.0798862972342393f,-0.7485823387493128f,2.132260327848342f,0f,0f,0f,1f], start_interpolation: 0, interpolation_duration: 1 }
$data merge entity $(bone_rightwing23) { transformation: [1.3698844803607284f,-0.2694304876710359f,2.560813965758662f,-5.026975093793034f,1.0610645344615863f,2.702002096223914f,-0.28332167258053553f,-1.424770204716372f,-2.346167728151394f,1.0646766310760105f,1.3670790419964762f,2.132260327848342f,0f,0f,0f,1f], start_interpolation: 0, interpolation_duration: 1 }
$data merge entity $(bone_rightwing1) { transformation: [-1.7920926911176236f,-0.18475233440299604f,-0.8684873985127461f,-2.3388360571165983f,-0.47443675865848456f,1.852801437410684f,0.5848389483973626f,-0.7131150667286451f,0.7505421696856378f,0.7300639755949787f,-1.70402260638233f,1.0064470733198854f,0f,0f,0f,1f], start_interpolation: 0, interpolation_duration: 1 }
$data merge entity $(bone_rightwing) { transformation: [-1.1008907047443988f,-0.3855031752223038f,0.023196318932406205f,-0.6875000000000001f,-0.3504100444857634f,1.0265250798490302f,0.42961630820481944f,-0.1875f,-0.16236861778674316f,0.3984277518516687f,-1.084436660033014f,1.25f,0f,0f,0f,1f], start_interpolation: 0, interpolation_duration: 1 }
$data merge entity $(bone_head) { transformation: [-1.2269070000000002f,-6.064120860175609e-18f,1.5013035084368336e-16f,-4.380036905136893e-16f,0f,1.225907346903695f,0.04951730461711641f,-1.1483187050909804f,-1.5025277304014817e-16f,0.04951730461711641f,-1.225907346903695f,3.576571553680984f,0f,0f,0f,1f], start_interpolation: 0, interpolation_duration: 1 }
$data merge entity $(bone_neck4) { transformation: [-1.0497600000000002f,-1.250410166880961e-17f,1.2794897858076113e-16f,-4.3039763252954204e-16f,0f,1.044782697099639f,0.1021037386250097f,-1.1092877621425536f,-1.2855852238729257e-16f,0.1021037386250097f,-1.044782697099639f,3.5144633769442883f,0f,0f,0f,1f], start_interpolation: 0, interpolation_duration: 1 }
$data merge entity $(bone_neck3) { transformation: [-1.1664000000000003f,-2.7721962339426138e-17f,1.4012693914335674e-16f,-3.6909209665432347e-16f,0f,1.1442232914904003f,0.2263670011527181f,-1.0102521991382394f,-1.428428026525473e-16f,0.2263670011527181f,-1.1442232914904003f,3.013865686917238f,0f,0f,0f,1f], start_interpolation: 0, interpolation_duration: 1 }
$data merge entity $(bone_neck2) { transformation: [-1.2960000000000003f,-3.4516168241261116e-17f,1.5491558798615054e-16f,-3.3036319965778585e-16f,0f,1.2649817734714108f,0.2818459025515979f,-0.9397907235003399f,-1.58714225169497e-16f,0.2818459025515979f,-1.2649817734714108f,2.6976202435493857f,0f,0f,0f,1f], start_interpolation: 0, interpolation_duration: 1 }
$data merge entity $(bone_neck1) { transformation: [-1.4400000000000002f,-2.6017496487936358e-17f,1.7441934734935944e-16f,-2.86758362820446e-16f,0f,1.4242420546952559f,0.2124489812577043f,-0.8866784781859138f,-1.7634913907721887e-16f,0.2124489812577043f,-1.4242420546952559f,2.3415597298755717f,0f,0f,0f,1f], start_interpolation: 0, interpolation_duration: 1 }
$data merge entity $(bone_neck0) { transformation: [-1.6f,-8.733736366435016e-18f,1.9574874785097647e-16f,-2.372753173347997e-16f,0f,1.5984098271212923f,0.07131636952397853f,-0.96875f,-1.9594348786357652e-16f,0.07131636952397853f,-1.5984098271212923f,1.9375f,0f,0f,0f,1f], start_interpolation: 0, interpolation_duration: 1 }
$data merge entity $(bone_frontlegl) { transformation: [-0.992546151641322f,-0.10967348296583143f,0.053140041363789595f,0.42948265420945314f,0f,0.4360410902283161f,0.8999267568155207f,-0.7601856634237432f,-0.12186934340514757f,0.8932188392363011f,-0.43279090606360165f,1.500821643047384f,0f,0f,0f,1f], start_interpolation: 0, interpolation_duration: 1 }
$data merge entity $(bone_frontlegtipleft) { transformation: [-0.992546151641322f,-0.06841000168803511f,0.10085736726211339f,0.7963317370662361f,0f,0.8275860396393447f,0.5613388878334236f,-1.1773305352030912f,-0.12186934340514757f,0.5571547528856844f,-0.8214173387961143f,0.5644528875082591f,0f,0f,0f,1f], start_interpolation: 0, interpolation_duration: 1 }
$data merge entity $(bone_frontfootleftd) { transformation: [-0.992546151641322f,-0.12031913332874421f,-0.019376352004999f,0.887154394775453f,-8.099320935302462e-17f,-0.15899283169667502f,0.9872797371915788f,-2.7618191348718866f,-0.12186934340514742f,0.9799207037429574f,0.15780772323909148f,-0.26205258611412463f,0f,0f,0f,1f], start_interpolation: 0, interpolation_duration: 1 }
$data merge entity $(bone_frontfootleft) { transformation: [0.992546151641322f,0.1172349676685705f,0.03328812427504752f,0.9047000595040252f,1.1444394741725753e-16f,-0.2731460049340155f,0.9619725879611055f,-2.3159626530408213f,0.12186934340514753f,-0.9548021901652386f,-0.27111001603345836f,-0.3181362722435479f,0f,0f,0f,1f], start_interpolation: 0, interpolation_duration: 1 }
$data merge entity $(bone_frontlegr) { transformation: [-0.992546151641322f,0.10967348296583122f,-0.053140041363789484f,-0.8735652622979179f,0f,0.4360410902283161f,0.8999267568155207f,-0.8018880882581665f,0.12186934340514732f,0.8932188392363011f,-0.43279090606360165f,1.5468799882959878f,0f,0f,0f,1f], start_interpolation: 0, interpolation_duration: 1 }
$data merge entity $(bone_frontlegtipright) { transformation: [-0.992546151641322f,0.06841000168803497f,-0.10085736726211318f,-0.748084252727484f,0f,0.8275860396393447f,0.5613388878334236f,-1.144092661454824f,0.12186934340514732f,0.5571547528856844f,-0.8214173387961143f,0.5174635383383258f,0f,0f,0f,1f], start_interpolation: 0, interpolation_duration: 1 }
$data merge entity $(bone_frontfootrightd) { transformation: [-0.992546151641322f,0.12031913332874429f,0.01937635200499884f,-0.8515522210420791f,-8.099320935302462e-17f,-0.15899283169667502f,0.9872797371915788f,-2.7184638017531326f,0.12186934340514748f,0.9799207037429574f,0.15780772323909148f,-0.23840115408527235f,0f,0f,0f,1f], start_interpolation: 0, interpolation_duration: 1 }
$data merge entity $(bone_frontfootright) { transformation: [0.992546151641322f,-0.11723496766857028f,-0.033288124275047695f,-0.8493346000386156f,1.1444394741725753e-16f,-0.2731460049340155f,0.9619725879611055f,-2.2604780269596265f,-0.12186934340514737f,-0.9548021901652386f,-0.27111001603345836f,-0.30715436611627656f,0f,0f,0f,1f], start_interpolation: 0, interpolation_duration: 1 }
$data merge entity $(bone_rearlegl) { transformation: [-1.080694387781476f,0.046679362251956374f,-0.059428852155177236f,0.00044413092965989165f,0f,0.8519474819379369f,0.6691760598906088f,-0.39274197578361675f,0.07556951322280225f,0.6675459806413865f,-0.8498721806906667f,-1.4674580546818448f,0f,0f,0f,1f], start_interpolation: 0, interpolation_duration: 1 }
$data merge entity $(bone_rearfootleftd) { transformation: [-0.9975640502598242f,0.03681191230544482f,0.059252415491953266f,0.5336911737175795f,0f,-0.8494181587976767f,0.5277203724556832f,-2.3556294687131953f,0.06975647374412516f,0.5264348721515144f,0.847349018854453f,-3.6973861439082523f,0f,0f,0f,1f], start_interpolation: 0, interpolation_duration: 1 }
$data merge entity $(bone_rearfootleft) { transformation: [-0.9975640502598242f,0.0548574019893944f,0.043088642078728936f,0.5701717903953799f,0f,-0.6177009783605617f,0.7864130602504036f,-1.892183112086113f,0.06975647374412516f,0.7844973975606159f,0.616196289822818f,-3.175689019959988f,0f,0f,0f,1f], start_interpolation: 0, interpolation_duration: 1 }
$data merge entity $(bone_rearlegtipleft) { transformation: [-0.9975640502598242f,0.06826947312432931f,-0.014326362711494527f,0.5769889080479386f,0f,0.20537681941958935f,0.9786829732068978f,-1.7479739784919548f,0.06975647374412516f,0.9762989506726001f,-0.20487653180968607f,-2.182225506440275f,0f,0f,0f,1f], start_interpolation: 0, interpolation_duration: 1 }
$data merge entity $(bone_rearlegr) { transformation: [-1.080694387781476f,-0.04667936225195654f,0.05942885215517745f,-1.3748675227575708f,0f,0.8519474819379369f,0.6691760598906088f,-0.3682703247776614f,-0.07556951322280253f,0.6675459806413865f,-0.8498721806906667f,-1.5847806347526632f,0f,0f,0f,1f], start_interpolation: 0, interpolation_duration: 1 }
$data merge entity $(bone_rearfootrightd) { transformation: [-0.9975640502598242f,-0.036811912305444935f,-0.05925241549195347f,-0.5364639964382317f,0f,-0.8494181587976767f,0.5277203724556832f,-2.33115781770724f,-0.06975647374412541f,0.5264348721515144f,0.847349018854453f,-3.718793572580899f,0f,0f,0f,1f], start_interpolation: 0, interpolation_duration: 1 }
$data merge entity $(bone_rearfootright) { transformation: [-0.9975640502598242f,-0.05485740198939458f,-0.04308864207872909f,-0.5729446131160323f,0f,-0.6177009783605617f,0.7864130602504036f,-1.8677114610801575f,-0.06975647374412541f,0.7844973975606159f,0.616196289822818f,-3.1970964486326343f,0f,0f,0f,1f], start_interpolation: 0, interpolation_duration: 1 }
$data merge entity $(bone_rearlegtipright) { transformation: [-0.9975640502598242f,-0.06826947312432954f,0.014326362711494572f,-0.7044572370510692f,0f,0.20537681941958935f,0.9786829732068978f,-1.7235023274859993f,-0.06975647374412541f,0.9762989506726001f,-0.20487653180968607f,-2.2123524943309367f,0f,0f,0f,1f], start_interpolation: 0, interpolation_duration: 1 }
$data merge entity $(bone_tail11) { transformation: [-0.2937340837125001f,-1.0833669181824687e-19f,4.076419238282189e-17f,1.0080443185876342e-15f,0f,0.29376760062531193f,-0.0014095734186122758f,-1.7694194516856283f,-3.5972050541899386e-17f,0.0008846362224085354f,-0.3328648914217838f,-8.231306522741692f,0f,0f,0f,1f], start_interpolation: 0, interpolation_duration: 1 }
$data merge entity $(bone_tail10) { transformation: [-0.39164544495000014f,1.5661964520313328e-18f,5.432987835381492e-17f,9.774837620136134e-16f,0f,0.3914369548029197f,-0.01420576925664501f,-1.7614287064787655f,-4.796273405586585e-17f,-0.012788964566124585f,-0.4436371237130696f,-7.98176064065309f,0f,0f,0f,1f], start_interpolation: 0, interpolation_duration: 1 }
$data merge entity $(bone_tail9) { transformation: [-0.48955680618750014f,5.8266877459434555e-18f,6.769024656950559e-17f,9.394079983182665e-16f,0f,0.4874877683652365f,-0.045626299808474186f,-1.7357639128364988f,-5.99534175698323e-17f,-0.04757851610766655f,-0.5527328093017037f,-7.670848435420882f,0f,0f,0f,1f], start_interpolation: 0, interpolation_duration: 1 }
$data merge entity $(bone_tail8) { transformation: [-0.5759491837500001f,1.2349854984312276e-17f,7.897023093250492e-17f,8.949872434187325e-16f,0f,0.568424994788721f,-0.09324072590433588f,-1.68331600451531f,-7.053343243509683e-17f,-0.10084421886302836f,-0.6448408715679251f,-7.308125445163924f,0f,0f,0f,1f], start_interpolation: 0, interpolation_duration: 1 }
$data merge entity $(bone_tail7) { transformation: [-0.6775872750000002f,2.055735447408962e-17f,9.176081671297259e-17f,8.433717840176855e-16f,0f,0.6601576709213629f,-0.15307423600379416f,-1.5972117467631757f,-8.298050874717275e-17f,-0.16786353819241967f,-0.7492839304921225f,-6.886653234262105f,0f,0f,0f,1f], start_interpolation: 0, interpolation_duration: 1 }
$data merge entity $(bone_tail6) { transformation: [-0.7971615000000002f,2.912208829496759e-17f,1.0672801461596779e-16f,7.833372757962035e-16f,0f,0.7675566209928975f,-0.21559905906145674f,-1.4759372760411062f,-9.76241279378503e-17f,-0.2377998972050025f,-0.8715003761923518f,-6.396434272653907f,0f,0f,0f,1f], start_interpolation: 0, interpolation_duration: 1 }
$data merge entity $(bone_tail5) { transformation: [-0.8857350000000002f,3.424418093188939e-17f,1.1805579006038085e-16f,7.169308938872393e-16f,0f,0.8489135282275353f,-0.25311939355282376f,-1.3335576171676429f,-1.0847125326427811e-16f,-0.27962495762640727f,-0.9639986822533312f,-5.854185013886408f,0f,0f,0f,1f], start_interpolation: 0, interpolation_duration: 1 }
$data merge entity $(bone_tail4) { transformation: [-0.9841500000000002f,3.570389103172578e-17f,1.318307535838073e-16f,6.427760949963477e-16f,0f,0.9481025560904696f,-0.26437874006202133f,-1.184844575882756f,-1.205236147380868e-16f,-0.29154439513975966f,-1.0764797954446375f,-5.248665128948799f,0f,0f,0f,1f], start_interpolation: 0, interpolation_duration: 1 }
$data merge entity $(bone_tail3) { transformation: [-1.0935000000000001f,3.268091464667193e-17f,1.4819490526948655e-16f,5.594164607822616e-16f,0f,1.0661910849492766f,-0.24347331606665112f,-1.0478908355952647f,-1.339151274867631e-16f,-0.26685991968807377f,-1.210103234440049f,-4.567982059576272f,0f,0f,0f,1f], start_interpolation: 0, interpolation_duration: 1 }
$data merge entity $(bone_tail2) { transformation: [-1.215f,2.5385014132135312e-17f,1.666955863300677e-16f,4.656501934715985e-16f,0f,1.1999058182414353f,-0.19189042467246153f,-0.9399524717170051f,-1.4879458609640342e-16f,-0.20728437088807442f,-1.3611727597387886f,-3.8023223822232035f,0f,0f,0f,1f], start_interpolation: 0, interpolation_duration: 1 }
$data merge entity $(bone_tail1) { transformation: [-1.35f,1.5370212095015842e-17f,1.867210908568941e-16f,3.606195798645956e-16f,0f,1.344755079278795f,-0.1207960576030204f,-0.8720046893153062f,-1.6532731788489269e-16f,-0.12550730631654108f,-1.5246934135368382f,-2.944682337108732f,0f,0f,0f,1f], start_interpolation: 0, interpolation_duration: 1 }
$data merge entity $(bone_tail0) { transformation: [-1.5f,5.459590224708214e-18f,2.0809798682898134e-16f,2.4492935982947064e-16f,0f,1.4993373669803787f,-0.05052506234704279f,-0.46875f,-1.8369701987210297e-16f,-0.044580937365037765f,-1.6992490159110958f,-2f,0f,0f,0f,1f], start_interpolation: 0, interpolation_duration: 1 }