# This file was generated by Animated Java via MC-Build. It is not recommended to edit this file directly.
$data merge entity $(bone_leftwing20) { transformation: [-0.4515628940773128f,-1.8832258659169192f,-2.236355830753484f,1.3029064090705922f,-0.41661419738126926f,2.281228261593471f,-1.8368903996043704f,0.23974801989051073f,2.893831314078966f,0.03455528266144329f,-0.6134185921597958f,2.457405651630409f,0f,0f,0f,1f], start_interpolation: 0, interpolation_duration: 1 }
$data merge entity $(bone_leftwing21) { transformation: [-0.2549196272334442f,-1.8831248083035508f,-2.267080458537416f,1.3029064090705922f,-0.2549196272334434f,2.2811058463867573f,-1.866110652322273f,0.23974801989051073f,2.936124798570672f,0.03455342835683849f,-0.3588510739658793f,2.457405651630409f,0f,0f,0f,1f], start_interpolation: 0, interpolation_duration: 1 }
$data merge entity $(bone_leftwing22) { transformation: [-0.05646932909025815f,-1.8867610256832485f,-2.285075101540262f,1.3029064090705922f,-0.09148363088905596f,2.2855105447301636f,-1.8848598006353232f,0.23974801989051073f,2.9619362135258576f,0.034620149254022396f,-0.10178155586440094f,2.457405651630409f,0f,0f,0f,1f], start_interpolation: 0, interpolation_duration: 1 }
$data merge entity $(bone_leftwing23) { transformation: [0.14062627229488928f,-1.856701557946258f,-2.2449561289042657f,1.3029064090705922f,0.07197558370990365f,2.2490982860780697f,-1.8556187268279956f,0.23974801989051073f,2.9123853129925146f,0.034068588539451126f,0.15425810962431497f,2.457405651630409f,0f,0f,0f,1f], start_interpolation: 0, interpolation_duration: 1 }
$data merge entity $(bone_leftwing1) { transformation: [-0.30973386038310724f,-1.27316678259172f,1.5109967833973794f,0.8383056184959312f,-0.22596160092971992f,1.542238824739248f,1.2531722796057139f,-0.09919438150406915f,-1.9629076113351482f,0.02336131785562363f,-0.38268519463207945f,-0.48695576537231355f,0f,0f,0f,1f], start_interpolation: 0, interpolation_duration: 1 }
$data merge entity $(bone_leftwing) { transformation: [-0.10053707899728752f,-0.7426806231785034f,-0.8941078787333185f,0.6874999999999999f,-0.10053707899728724f,0.899639314431228f,-0.7359704551050364f,-0.25f,1.157970510248209f,0.013627435415780452f,-0.1415263279768198f,1.25f,0f,0f,0f,1f], start_interpolation: 0, interpolation_duration: 1 }
$data merge entity $(bone_rightwing20) { transformation: [-0.451562894077312f,1.8832258659169192f,2.236355830753484f,-1.3029064090705926f,0.41661419738126926f,2.281228261593471f,-1.8368903996043704f,0.23974801989051073f,-2.893831314078966f,0.034555282661443754f,-0.613418592159795f,2.4574056516304084f,0f,0f,0f,1f], start_interpolation: 0, interpolation_duration: 1 }
$data merge entity $(bone_rightwing21) { transformation: [-0.25493330745740694f,1.8832258659169192f,2.267202121073772f,-1.3029064090705926f,0.254933307457407f,2.281228261593471f,-1.8662107968734856f,0.23974801989051073f,-2.936282365272245f,0.034555282661443754f,-0.358870331655507f,2.4574056516304084f,0f,0f,0f,1f], start_interpolation: 0, interpolation_duration: 1 }
$data merge entity $(bone_rightwing22) { transformation: [-0.056363524434811255f,1.8832258659169192f,2.2807936342786186f,-1.3029064090705926f,0.09131222113085428f,2.281228261593471f,-1.8813282031295053f,0.23974801989051073f,-2.956386534690034f,0.034555282661443754f,-0.10159085123548951f,2.4574056516304084f,0f,0f,0f,1f], start_interpolation: 0, interpolation_duration: 1 }
$data merge entity $(bone_rightwing23) { transformation: [0.14062627229489008f,1.856701557946258f,2.2449561289042657f,-1.3029064090705926f,-0.07197558370990365f,2.2490982860780697f,-1.8556187268279956f,0.23974801989051073f,-2.9123853129925146f,0.034068588539451584f,0.15425810962431555f,2.4574056516304084f,0f,0f,0f,1f], start_interpolation: 0, interpolation_duration: 1 }
$data merge entity $(bone_rightwing1) { transformation: [-0.30973386038310774f,1.27316678259172f,-1.5109967833973792f,-0.838305618495931f,0.22596160092971992f,1.542238824739248f,1.2531722796057139f,-0.09919438150406915f,1.962907611335148f,0.023361317855623943f,-0.38268519463207984f,-0.48695576537231355f,0f,0f,0f,1f], start_interpolation: 0, interpolation_duration: 1 }
$data merge entity $(bone_rightwing) { transformation: [-0.10053707899728723f,0.7426806231785034f,0.8941078787333185f,-0.6875000000000001f,0.10053707899728724f,0.899639314431228f,-0.7359704551050364f,-0.25f,-1.157970510248209f,0.013627435415780634f,-0.14152632797681958f,1.25f,0f,0f,0f,1f], start_interpolation: 0, interpolation_duration: 1 }
$data merge entity $(bone_head) { transformation: [-1.2269070000000002f,1.5457216538961358e-18f,1.5024482204330022e-16f,-4.223643213577145e-16f,0f,1.2268420751836897f,-0.012621775151597354f,-0.33050877386888744f,-1.5025277304014817e-16f,-0.012621775151597354f,-1.2268420751836897f,3.4488664131713804f,0f,0f,0f,1f], start_interpolation: 0, interpolation_duration: 1 }
$data merge entity $(bone_neck4) { transformation: [-1.0497600000000002f,6.151911240102135e-17f,1.1288353506067435e-16f,-4.133866281538904e-16f,0f,0.9217640150553471f,-0.5023416747086046f,-0.3331000030676956f,-1.2855852238729257e-16f,-0.5023416747086046f,-0.9217640150553471f,3.3755579848957775f,0f,0f,0f,1f], start_interpolation: 0, interpolation_duration: 1 }
$data merge entity $(bone_neck3) { transformation: [-1.1664000000000003f,7.70052084776733e-17f,1.2030903597379806e-16f,-3.607514249153538e-16f,0f,0.9823978314201441f,-0.628795245545796f,-0.6081979229939813f,-1.428428026525473e-16f,-0.628795245545796f,-0.9823978314201441f,2.9457589336494645f,0f,0f,0f,1f], start_interpolation: 0, interpolation_duration: 1 }
$data merge entity $(bone_neck2) { transformation: [-1.2960000000000003f,7.624055921795121e-17f,1.3920338502093926e-16f,-3.2595057866011896e-16f,0f,1.136681899775985f,-0.6225514105049135f,-0.7638357756202097f,-1.58714225169497e-16f,-0.6225514105049135f,-1.136681899775985f,2.6615884587054683f,0f,0f,0f,1f], start_interpolation: 0, interpolation_duration: 1 }
$data merge entity $(bone_neck1) { transformation: [-1.4400000000000002f,5.5215981927080224e-17f,1.6748198169685189e-16f,-2.8408008323590596e-16f,0f,1.367594165219387f,-0.4508727084864285f,-0.8765539527418168f,-1.7634913907721887e-16f,-0.4508727084864285f,-1.367594165219387f,2.3196899174006216f,0f,0f,0f,1f], start_interpolation: 0, interpolation_duration: 1 }
$data merge entity $(bone_neck0) { transformation: [-1.6f,2.7270062818904893e-17f,1.9403657930915126e-16f,-2.372753173347997e-16f,0f,1.5844289099865128f,-0.22267696153610472f,-1.03125f,-1.9594348786357652e-16f,-0.22267696153610472f,-1.5844289099865128f,1.9375f,0f,0f,0f,1f], start_interpolation: 0, interpolation_duration: 1 }
$data merge entity $(bone_frontlegl) { transformation: [-0.9659258262890683f,-0.12453643885470261f,0.22688757900151701f,0.4422350171657595f,0f,0.876626288887066f,0.4811718504153066f,-0.8092577966264343f,-0.2588190451025208f,0.464776317199445f,-0.8467559724399587f,1.4198282350327958f,0f,0f,0f,1f], start_interpolation: 0, interpolation_duration: 1 }
$data merge entity $(bone_frontlegtipleft) { transformation: [-0.9659258262890683f,0.24037356742641008f,0.09595752284465142f,0.8831879643584137f,0f,0.37075139816948827f,-0.9287321469376246f,-1.7183913871383232f,-0.2588190451025208f,-0.8970863664319454f,-0.3581183506246904f,0.740095258651643f,0f,0f,0f,1f], start_interpolation: 0, interpolation_duration: 1 }
$data merge entity $(bone_frontfootleftd) { transformation: [-0.9659258262890681f,-0.09357695476006754f,0.24131028085353695f,0.4322914622124113f,1.83082437217929e-16f,0.9323513297019992f,0.36155358939293253f,-2.548358898205018f,-0.2588190451025206f,0.3492339495821473f,-0.9005822285341153f,2.3819859326470594f,0f,0f,0f,1f], start_interpolation: 0, interpolation_duration: 1 }
$data merge entity $(bone_frontfootleft) { transformation: [0.9659258262890681f,0.08324583588776666f,0.2450661725231119f,0.5459805335471001f,-6.712516535609915e-17f,-0.946862980759545f,0.32163721126006073f,-2.3426682290079466f,0.25881904510252063f,-0.3106776890516862f,-0.9145994070726937f,1.998570523129232f,0f,0f,0f,1f], start_interpolation: 0, interpolation_duration: 1 }
$data merge entity $(bone_frontlegr) { transformation: [-0.9659258262890683f,0.23060945777054928f,-0.11750138762820567f,-0.874590078860797f,3.469446951953614e-18f,0.4539904997395469f,0.8910065241883678f,-0.8650027742270022f,0.25881904510252063f,0.8606462131056f,-0.43852114858830893f,1.5640294474516276f,0f,0f,0f,1f], start_interpolation: 0, interpolation_duration: 1 }
$data merge entity $(bone_frontlegtipright) { transformation: [-0.9659258262890683f,-0.15955532780050824f,-0.20378762346681642f,-0.9284842172010006f,3.469446951953614e-18f,0.7873749143386812f,-0.6164744473781166f,-1.195939131384541f,0.25881904510252063f,-0.5954685899698041f,-0.7605457647318751f,0.3969679586467732f,0f,0f,0f,1f], start_interpolation: 0, interpolation_duration: 1 }
$data merge entity $(bone_frontfootrightd) { transformation: [-0.9659258262890683f,0.061098606735218774f,-0.2515039927372839f,-0.670115461276913f,8.370605549899266e-17f,0.9717368079990429f,0.23606688878330784f,-2.730762292349205f,0.25881904510252085f,0.2280231046075062f,-0.9386256792019775f,1.4020912638123846f,0f,0f,0f,1f], start_interpolation: 0, interpolation_duration: 1 }
$data merge entity $(bone_frontfootright) { transformation: [0.9659258262890683f,-0.20670208009540483f,-0.1557611896205646f,-0.7190690376018594f,-1.000497132079802e-17f,-0.6018150231520485f,0.7986355100472925f,-2.32814515099526f,-0.25881904510252074f,-0.7714226649462226f,-0.5813086735113173f,1.1785160487869304f,0f,0f,0f,1f], start_interpolation: 0, interpolation_duration: 1 }
$data merge entity $(bone_rearlegl) { transformation: [-1.0464196451464907f,-0.024437363289245645f,-0.27932034053765764f,-0.019298279412880315f,1.879283765641541e-18f,1.0792109229327242f,-0.09441872130996302f,-0.5316054309850577f,0.280387298861064f,-0.09120148139848329f,-1.0424377024739797f,-1.473282786076984f,0f,0f,0f,1f], start_interpolation: 0, interpolation_duration: 1 }
$data merge entity $(bone_rearfootleftd) { transformation: [-0.9659258262890683f,0.06435512644427153f,-0.250690478096242f,0.5771489510990634f,1.734723475976807e-18f,0.9685936287916574f,0.24864911474648205f,-2.8810698926355123f,0.25881904510252063f,0.24017660161754106f,-0.9355896012289088f,-1.9036074400676022f,0f,0f,0f,1f], start_interpolation: 0, interpolation_duration: 1 }
$data merge entity $(bone_rearfootleft) { transformation: [-0.9659258262890683f,0.2269582247348845f,-0.12440764579787786f,0.5199884727048829f,1.734723475976807e-18f,0.48067423225597194f,0.8768992430405742f,-2.218117384013121f,0.25881904510252063f,0.8470196259062253f,-0.4642956549677132f,-2.1169332496196267f,0f,0f,0f,1f], start_interpolation: 0, interpolation_duration: 1 }
$data merge entity $(bone_rearlegtipleft) { transformation: [-0.9659258262890683f,0.2546337128659959f,-0.04635698846838675f,0.7171491332070862f,1.734723475976807e-18f,0.17910964956239722f,0.9838291180045625f,-2.1004970543260093f,0.25881904510252063f,0.9503059537358024f,-0.17300663624990398f,-1.139638190799298f,0f,0f,0f,1f], start_interpolation: 0, interpolation_duration: 1 }
$data merge entity $(bone_rearlegr) { transformation: [-1.0464196451464907f,0.18395061903206092f,0.21161098062323075f,-1.2905624462476604f,1.5034270125132327e-17f,0.8176020452413364f,-0.710730614739716f,-0.6794194092542756f,-0.2803872988610642f,-0.6865130563113976f,-0.7897429311253701f,-1.9138650129280812f,0f,0f,0f,1f], start_interpolation: 0, interpolation_duration: 1 }
$data merge entity $(bone_rearfootrightd) { transformation: [-0.9659258262890683f,0.14763312460758152f,0.21258353329075852f,-0.8751886751836097f,1.3877787807814457e-17f,0.8213597001973019f,-0.5704105914968604f,-2.6307167867616013f,-0.25881904510252085f,-0.5509743219156411f,-0.7933725470936203f,-0.8077650083756628f,0f,0f,0f,1f], start_interpolation: 0, interpolation_duration: 1 }
$data merge entity $(bone_rearfootright) { transformation: [-0.9659258262890683f,-0.1492696750960199f,0.21143760830209318f,-0.7484840288629231f,1.3877787807814457e-17f,0.8169321860311345f,0.5767337370280948f,-2.1320958193008943f,-0.25881904510252085f,0.5570820114876447f,-0.7890958968142585f,-1.28063318599951f,0f,0f,0f,1f], start_interpolation: 0, interpolation_duration: 1 }
$data merge entity $(bone_rearlegtipright) { transformation: [-0.9659258262890683f,-0.22464166339519515f,0.12854346025691302f,-1.0415300226672422f,1.3877787807814457e-17f,0.49665379225085865f,0.867948737335818f,-1.6896888231335243f,-0.25881904510252085f,0.8383741012876536f,-0.4797307246595099f,-0.4284521047395446f,0f,0f,0f,1f], start_interpolation: 0, interpolation_duration: 1 }
$data merge entity $(bone_tail11) { transformation: [-0.28551918401037896f,0.04627643689064313f,-0.051439176023249975f,0.17679875207043655f,0.0008086976053095028f,0.22011843995199662f,0.1963847134957196f,-1.7396031504130913f,0.08081809397510914f,0.22443918320618156f,-0.23053843516112715f,-8.070952332980003f,0f,0f,0f,1f], start_interpolation: 0, interpolation_duration: 1 }
$data merge entity $(bone_tail10) { transformation: [-0.381400411436403f,0.04702396912100589f,-0.0758957489845977f,0.21949011087427275f,0.002894158926741203f,0.33921690255511056f,0.19906097571722015f,-1.8515749492540277f,0.10446744084047901f,0.23302628806322095f,-0.3611566953889744f,-7.867801691823705f,0f,0f,0f,1f], start_interpolation: 0, interpolation_duration: 1 }
$data merge entity $(bone_tail9) { transformation: [-0.48086300490125533f,0.038685962931119214f,-0.08378878742593387f,0.26662130380136057f,0.010562594524698102f,0.4651167482381543f,0.15898532821381317f,-1.9410041963742977f,0.10863045481070725f,0.19543144017324926f,-0.5056751067499407f,-7.583359444276863f,0f,0f,0f,1f], start_interpolation: 0, interpolation_duration: 1 }
$data merge entity $(bone_tail8) { transformation: [-0.571771817823343f,0.024594144140888518f,-0.06558228113453642f,0.3035113369395373f,0.01749444547991545f,0.5737452602124524f,0.07122457520630987f,-1.981068019927847f,0.08310035834139454f,0.10460070653582322f,-0.6366074615917291f,-7.225267747131515f,0f,0f,0f,1f], start_interpolation: 0, interpolation_duration: 1 }
$data merge entity $(bone_tail7) { transformation: [-0.6771687731421344f,0.012409085838850196f,-0.023816971771045508f,0.3169083835607504f,0.015635219127756922f,0.6777712215716332f,-0.05868696671780517f,-1.9480566011490816f,0.032765421008686964f,-0.033961709463432396f,-0.7638067576724501f,-6.795626445940762f,0f,0f,0f,1f], start_interpolation: 0, interpolation_duration: 1 }
$data merge entity $(bone_tail6) { transformation: [-0.7968456256514003f,0.010502877688164393f,0.024631523892085304f,0.30305315137145244f,0.0060168961475546385f,0.7796803951208767f,-0.18160165956745938f,-1.8459056676423857f,-0.0218608327955275f,-0.16623952555149032f,-0.8845586135847582f,-6.2980622257993355f,0f,0f,0f,1f], start_interpolation: 0, interpolation_duration: 1 }
$data merge entity $(bone_tail5) { transformation: [-0.8834712223383541f,0.013693216901051646f,0.06388415990768384f,0.2671183114233803f,-0.004597666094889359f,0.84870192085189f,-0.2663443706280959f,-1.6960869591640817f,-0.0651834705953278f,-0.2580350159002527f,-0.9642910424435072f,-5.755648514424863f,0f,0f,0f,1f], start_interpolation: 0, interpolation_duration: 1 }
$data merge entity $(bone_tail4) { transformation: [-0.9794304183088238f,0.013351369140022263f,0.09702809857351594f,0.21254000597577755f,-0.012204695566437971f,0.9504257496916024f,-0.2709252184580659f,-1.5436915237814197f,-0.10063499417782049f,-0.2585604410812036f,-1.076306921193094f,-5.150225871253747f,0f,0f,0f,1f], start_interpolation: 0, interpolation_duration: 1 }
$data merge entity $(bone_tail3) { transformation: [-1.0876479483250807f,0.012326884832419066f,0.11407895194954808f,0.14837059550415674f,-0.015073433258673124f,1.0627354034596654f,-0.27634117372666667f,-1.3882496135601696f,-0.11839496525053014f,-0.25943602900101703f,-1.2016165610304979f,-4.4743165556740925f,0f,0f,0f,1f], start_interpolation: 0, interpolation_duration: 1 }
$data merge entity $(bone_tail2) { transformation: [-1.2097974285732043f,0.011058979905257706f,0.11396881908446921f,0.08426313476914281f,-0.013700783157938533f,1.1869439892155496f,-0.28260026519218595f,-1.229286964389565f,-0.11707939188461297f,-0.26044920934868165f,-1.3421735951516958f,-3.7193439084012634f,0f,0f,0f,1f], start_interpolation: 0, interpolation_duration: 1 }
$data merge entity $(bone_tail1) { transformation: [-1.3468151037665996f,0.009884467443415678f,0.09541348310202388f,0.03059305052425437f,-0.008470822450959642f,1.3245433419758472f,-0.2892141993173064f,-1.06660397727358f,-0.09510152391492985f,-0.26105926168428506f,-1.499153004251896f,-2.876070343509572f,0f,0f,0f,1f], start_interpolation: 0, interpolation_duration: 1 }
$data merge entity $(bone_tail0) { transformation: [-1.4990862405286436f,0.00909035100582354f,0.058427801379040016f,2.4492935982947064e-16f,0f,1.477211629518312f,-0.2952019020337816f,-0.53125f,-0.05234924505375163f,-0.2603135938333686f,-1.6731533190540695f,-2f,0f,0f,0f,1f], start_interpolation: 0, interpolation_duration: 1 }
$data merge entity $(bone_body) { transformation: [-2.6666666666666665f,0f,3.265724797726275e-16f,-2.4492935982947064e-16f,0f,2.6666666666666665f,0f,-0.25f,-3.265724797726275e-16f,0f,-2.6666666666666665f,2f,0f,0f,0f,1f], start_interpolation: 0, interpolation_duration: 1 }