# This file was generated by Animated Java via MC-Build. It is not recommended to edit this file directly.
$data merge entity $(bone_leftwing20) { transformation: [-0.4514646677531097f,-1.8845818526193308f,-2.235233098730326f,1.3025532353376232f,-0.4167331109945921f,2.280111417446587f,-1.8382495884241614f,0.24017557497880773f,2.893829517971377f,0.03434058704679455f,-0.6134391217634705f,2.45741210955324f,0f,0f,0f,1f], start_interpolation: 0, interpolation_duration: 1 }
$data merge entity $(bone_leftwing21) { transformation: [-0.25491962723344475f,-1.8844807222410422f,-2.2659534983384773f,1.3025532353376232f,-0.2549196272334434f,2.2799890621719325f,-1.867474959807188f,0.24017557497880773f,2.9361247985706713f,0.03433874426317978f,-0.3588716808834379f,2.45741210955324f,0f,0f,0f,1f], start_interpolation: 0, interpolation_duration: 1 }
$data merge entity $(bone_leftwing22) { transformation: [-0.05656773980325812f,-1.88811955782098f,-2.283950261943526f,1.3025532353376232f,-0.09136449405310787f,2.284391604062323f,-1.8862215409013943f,0.24017557497880773f,2.961938013005068f,0.0344050506163945f,-0.10180212400590095f,2.45741210955324f,0f,0f,0f,1f], start_interpolation: 0, interpolation_duration: 1 }
$data merge entity $(bone_leftwing23) { transformation: [0.1404333236177918f,-1.8580384462444104f,-2.2438618625797266f,1.3025532353376232f,0.07220916899944245f,2.2479971721304377f,-1.8569434548338868f,0.24017557497880773f,2.912388841136175f,0.03385691680669885f,0.1542381005273138f,2.45741210955324f,0f,0f,0f,1f], start_interpolation: 0, interpolation_duration: 1 }
$data merge entity $(bone_leftwing1) { transformation: [-0.3094984112277944f,-1.2740835059961673f,1.5102721454082326f,0.8383056184959315f,-0.22624663765525124f,1.5414837751751573f,1.2540495324433718f,-0.09919438150406915f,-1.9629119166170357f,0.023216171524593498f,-0.38267194433689034f,-0.48695576537231333f,0f,0f,0f,1f], start_interpolation: 0, interpolation_duration: 1 }
$data merge entity $(bone_leftwing) { transformation: [-0.10053707899728778f,-0.7432153784977643f,-0.8936634198747475f,0.6874999999999999f,-0.10053707899728724f,0.8991988688521751f,-0.7365085207333133f,-0.25f,1.157970510248209f,0.01354276672267954f,-0.14153445508464976f,1.25f,0f,0f,0f,1f], start_interpolation: 0, interpolation_duration: 1 }
$data merge entity $(bone_rightwing20) { transformation: [-0.451464667753109f,1.8845818526193308f,2.235233098730326f,-1.3025532353376237f,0.4167331109945921f,2.280111417446587f,-1.8382495884241614f,0.24017557497880773f,-2.8938295179713776f,0.03434058704679501f,-0.6134391217634702f,2.45741210955324f,0f,0f,0f,1f], start_interpolation: 0, interpolation_duration: 1 }
$data merge entity $(bone_rightwing21) { transformation: [-0.2549333074574076f,1.8845818526193308f,2.2660751003966815f,-1.3025532353376237f,0.254933307457407f,2.280111417446587f,-1.8675751775737592f,0.24017557497880773f,-2.9362823652722447f,0.03434058704679501f,-0.358890939678933f,2.45741210955324f,0f,0f,0f,1f], start_interpolation: 0, interpolation_duration: 1 }
$data merge entity $(bone_rightwing22) { transformation: [-0.056461750759015675f,1.8845818526193308f,2.2796709022554613f,-1.3025532353376237f,0.09119330751753131f,2.280111417446587f,-1.8826873919492961f,0.24017557497880773f,-2.956388330797622f,0.03434058704679501f,-0.10161138083916466f,2.45741210955324f,0f,0f,0f,1f], start_interpolation: 0, interpolation_duration: 1 }
$data merge entity $(bone_rightwing23) { transformation: [0.14043332361779245f,1.8580384462444104f,2.2438618625797266f,-1.3025532353376237f,-0.07220916899944245f,2.2479971721304377f,-1.8569434548338868f,0.24017557497880773f,-2.912388841136175f,0.033856916806699305f,0.1542381005273143f,2.45741210955324f,0f,0f,0f,1f], start_interpolation: 0, interpolation_duration: 1 }
$data merge entity $(bone_rightwing1) { transformation: [-0.30949841122779487f,1.2740835059961673f,-1.5102721454082324f,-0.8383056184959313f,0.22624663765525124f,1.5414837751751573f,1.2540495324433718f,-0.09919438150406915f,1.9629119166170357f,0.02321617152459381f,-0.38267194433689067f,-0.48695576537231333f,0f,0f,0f,1f], start_interpolation: 0, interpolation_duration: 1 }
$data merge entity $(bone_rightwing) { transformation: [-0.10053707899728749f,0.7432153784977643f,0.8936634198747475f,-0.6875000000000001f,0.10053707899728724f,0.8991988688521751f,-0.7365085207333133f,-0.25f,-1.157970510248209f,0.013542766722679723f,-0.14153445508464954f,1.25f,0f,0f,0f,1f], start_interpolation: 0, interpolation_duration: 1 }
$data merge entity $(bone_head) { transformation: [-1.2269070000000002f,2.114388993273971e-18f,1.5023789523765104e-16f,-4.21599343905583e-16f,0f,1.2267855135231849f,-0.0172652963674595f,-0.31874605954253116f,-1.5025277304014817e-16f,-0.0172652963674595f,-1.2267855135231849f,3.4426198982361025f,0f,0f,0f,1f], start_interpolation: 0, interpolation_duration: 1 }
$data merge entity $(bone_neck4) { transformation: [-1.0497600000000002f,6.194593723111155e-17f,1.1264987589413135e-16f,-4.1262291612372753e-16f,0f,0.919856043167406f,-0.5058269639396495f,-0.3216147434397778f,-1.2855852238729257e-16f,-0.5058269639396495f,-0.919856043167406f,3.3693218029150254f,0f,0f,0f,1f], start_interpolation: 0, interpolation_duration: 1 }
$data merge entity $(bone_neck3) { transformation: [-1.1664000000000003f,7.837660834068214e-17f,1.1942015547907269e-16f,-3.603765981016332e-16f,0f,0.9751395713622705f,-0.6399935752516642f,-0.6016119326123809f,-1.428428026525473e-16f,-0.6399935752516642f,-0.9751395713622705f,2.942698240444032f,0f,0f,0f,1f], start_interpolation: 0, interpolation_duration: 1 }
$data merge entity $(bone_neck2) { transformation: [-1.2960000000000003f,7.811068107883444e-17f,1.381626822718581e-16f,-3.258359275336687e-16f,0f,1.1281839169305983f,-0.637822114369777f,-0.7610674612048252f,-1.58714225169497e-16f,-0.637822114369777f,-1.1281839169305983f,2.660652261211382f,0f,0f,0f,1f], start_interpolation: 0, interpolation_duration: 1 }
$data merge entity $(bone_neck1) { transformation: [-1.4400000000000002f,5.649061653987894e-17f,1.6705636502755783e-16f,-2.8407183627677923e-16f,0f,1.3641187413699114f,-0.4612808899611701f,-0.8763876836951177f,-1.7634913907721887e-16f,-0.4612808899611701f,-1.3641187413699114f,2.3196225758689044f,0f,0f,0f,1f], start_interpolation: 0, interpolation_duration: 1 }
$data merge entity $(bone_neck0) { transformation: [-1.6f,2.7354481926162906e-17f,1.9402469624945888e-16f,-2.372753173347997e-16f,0f,1.5843318774404704f,-0.22336629585941156f,-1.03125f,-1.9594348786357652e-16f,-0.22336629585941156f,-1.5843318774404704f,1.9375f,0f,0f,0f,1f], start_interpolation: 0, interpolation_duration: 1 }
$data merge entity $(bone_frontlegl) { transformation: [-0.9659258262890683f,-0.12719824315353653f,0.22540608919555505f,0.44203478911709615f,1.3877787807814457e-17f,0.8709022518272155f,0.4914562724823901f,-0.8092884260075461f,-0.25881904510252085f,0.47471030608249826f,-0.8412269772132133f,1.420575496283508f,0f,0f,0f,1f], start_interpolation: 0, interpolation_duration: 1 }
$data merge entity $(bone_frontlegtipleft) { transformation: [-0.9659258262890683f,0.23714448076495248f,0.1036812102094772f,0.8848660780837962f,1.3877787807814457e-17f,0.4005934345689593f,-0.9162559141311148f,-1.7070411612700043f,-0.25881904510252085f,-0.8850352509493427f,-0.38694354429199784f,0.7338324529676367f,0f,0f,0f,1f], start_interpolation: 0, interpolation_duration: 1 }
$data merge entity $(bone_frontfootleftd) { transformation: [-0.9659258262890679f,-0.09041629184061308f,0.24251225180921004f,0.44000518635027586f,1.9314081796787002e-16f,0.9369953888561353f,0.3493417256245514f,-2.5835090530697173f,-0.2588190451025206f,0.3374381949811439f,-0.9050680452099092f,2.3531979222489787f,0f,0f,0f,1f], start_interpolation: 0, interpolation_duration: 1 }
$data merge entity $(bone_frontfootleft) { transformation: [0.9659258262890681f,0.08612445940329665f,0.24406940734199062f,0.5530605036467549f,-7.76551826844373e-17f,-0.9430117758347822f,0.3327593584513145f,-2.3731273348077373f,0.2588190451025207f,-0.3214208582675064f,-0.9108794287735333f,1.972147715001252f,0f,0f,0f,1f], start_interpolation: 0, interpolation_duration: 1 }
$data merge entity $(bone_frontlegr) { transformation: [-0.9659258262890683f,0.22634726678129624f,-0.12551578756641446f,-0.8746759146936471f,3.469446951953614e-18f,0.4849557632696486f,0.8745386827759836f,-0.8660878820363754f,0.2588190451025206f,0.8447394997821455f,-0.4684312963498811f,1.563709103762321f,0f,0f,0f,1f], start_interpolation: 0, interpolation_duration: 1 }
$data merge entity $(bone_frontlegtipright) { transformation: [-0.9659258262890683f,-0.16993441743329984f,-0.19521678175655285f,-0.9258792740599409f,3.469446951953614e-18f,0.7542597248947646f,-0.6565761702968468f,-1.2377534940708965f,0.2588190451025206f,-0.6342038798156938f,-0.7285589480055409f,0.4066897388000358f,0f,0f,0f,1f], start_interpolation: 0, interpolation_duration: 1 }
$data merge entity $(bone_frontfootrightd) { transformation: [-0.9659258262890683f,0.06556078534869492f,-0.25037787748170376f,-0.6489411204542438f,9.343939170048682e-17f,0.967385832764071f,0.25330742304039267f,-2.720714852633223f,0.2588190451025208f,0.24467618190544627f,-0.9344229598529739f,1.481114979579365f,0f,0f,0f,1f], start_interpolation: 0, interpolation_duration: 1 }
$data merge entity $(bone_frontfootright) { transformation: [0.9659258262890683f,-0.20111295542000596f,-0.16291371111730082f,-0.701512407827694f,-1.6353969034627535e-17f,-0.6294502440991897f,0.777040790566023f,-2.3263624827182303f,-0.2588190451025207f,-0.750563767687797f,-0.6080022471393656f,1.2440382831137913f,0f,0f,0f,1f], start_interpolation: 0, interpolation_duration: 1 }
$data merge entity $(bone_rearlegl) { transformation: [-1.0464196451464907f,-0.024711000750040613f,-0.2792962652892715f,-0.019337787159512065f,0f,1.079117903315962f,-0.09547597527165111f,-0.5317752893748346f,0.280387298861064f,-0.09222271030502426f,-1.0423478524237977f,-1.4734302309947063f,0f,0f,0f,1f], start_interpolation: 0, interpolation_duration: 1 }
$data merge entity $(bone_rearfootleftd) { transformation: [-0.9659258262890683f,0.07582761357969363f,-0.2474620599740277f,0.5755921668837782f,0f,0.9561199790224311f,0.29297540120997506f,-2.8680683480356524f,0.25881904510252063f,0.28299250649611635f,-0.9235409807687284f,-1.9094174378554678f,0f,0f,0f,1f], start_interpolation: 0, interpolation_duration: 1 }
$data merge entity $(bone_rearfootleft) { transformation: [-0.9659258262890683f,0.22807902034621477f,-0.12234074785488097f,0.5199927802768244f,0f,0.47268835184219404f,0.8812296647484753f,-2.2031369095408015f,0.25881904510252063f,0.8512024920726096f,-0.4565818868303892f,-2.116917173542284f,0f,0f,0f,1f], start_interpolation: 0, interpolation_duration: 1 }
$data merge entity $(bone_rearlegtipleft) { transformation: [-0.9659258262890683f,0.255438407785262f,-0.0416955385612275f,0.7176667950790964f,0f,0.1610991901492856f,0.9869382204237732f,-2.1037213581680017f,0.25881904510252063f,0.9533091160590957f,-0.15560986835944843f,-1.1377062503918152f,0f,0f,0f,1f], start_interpolation: 0, interpolation_duration: 1 }
$data merge entity $(bone_rearlegr) { transformation: [-1.0464196451464907f,0.17641703049183372f,0.2179313394513216f,-1.2906771480428425f,0f,0.8420220365352047f,-0.6816230637971527f,-0.6703121731130306f,-0.2803872988610642f,-0.6583973211159511f,-0.8133308313938716f,-1.913436940000742f,0f,0f,0f,1f], start_interpolation: 0, interpolation_duration: 1 }
$data merge entity $(bone_rearfootrightd) { transformation: [-0.9659258262890683f,0.14418767157061085f,0.2149353704601138f,-0.8628943191891159f,0f,0.8304465012417296f,-0.5570983832101561f,-2.6702370678121894f,-0.25881904510252085f,-0.5381157161265743f,-0.8021497229007833f,-0.853648169593453f,0f,0f,0f,1f], start_interpolation: 0, interpolation_duration: 1 }
$data merge entity $(bone_rearfootright) { transformation: [-0.9659258262890683f,-0.15265809347087966f,0.20900431719372897f,-0.7382861128022872f,0f,0.8075306711333405f,0.5898255803022929f,-2.1637906474626956f,-0.25881904510252085f,0.5697277610199214f,-0.7800147307682379f,-1.3186923268691264f,0f,0f,0f,1f], start_interpolation: 0, interpolation_duration: 1 }
$data merge entity $(bone_rearlegtipright) { transformation: [-0.9659258262890683f,-0.22479262247281312f,0.12827928511484626f,-1.031466554737845f,0f,0.4956330978813152f,0.8685319984229543f,-1.7224407994828148f,-0.25881904510252085f,0.8389374882351878f,-0.4787448096072202f,-0.46600947835239487f,0f,0f,0f,1f], start_interpolation: 0, interpolation_duration: 1 }
$data merge entity $(bone_tail11) { transformation: [-0.28564343657989055f,0.04911730466474809f,-0.04799642838660977f,0.12016741876147538f,0.004188360159772459f,0.21681497276739006f,0.19998822364665414f,-1.7180213542979503f,0.08026986974893675f,0.22768462720153373f,-0.22752466918336506f,-8.069055392586082f,0f,0f,0f,1f], start_interpolation: 0, interpolation_duration: 1 }
$data merge entity $(bone_tail10) { transformation: [-0.38081173014514047f,0.051524960621203236f,-0.07592531082639549f,0.16287540610132284f,0.005460107774068894f,0.3361525235822629f,0.2041486503615782f,-1.8328549701263381f,0.10724424844526635f,0.23751615400719564f,-0.3573947388930619f,-7.868020851958733f,0f,0f,0f,1f], start_interpolation: 0, interpolation_duration: 1 }
$data merge entity $(bone_tail9) { transformation: [-0.47942391089472325f,0.044007735854450655f,-0.08922679346015136f,0.213065477422658f,0.012601366567964f,0.4629195899234104f,0.1651460763449731f,-1.9257496380703856f,0.11660226608061557f,0.20100397294144998f,-0.501695707151686f,-7.58581701668591f,0f,0f,0f,1f], start_interpolation: 0, interpolation_duration: 1 }
$data merge entity $(bone_tail8) { transformation: [-0.5701563137968872f,0.029215321150354127f,-0.07678391268592798f,0.2562564283084925f,0.019870429005898665f,0.5728321769185656f,0.0777052573647331f,-1.969458845338048f,0.09657408037559986f,0.11078994724315033f,-0.6336477257578261f,-7.229390170947132f,0f,0f,0f,1f], start_interpolation: 0, interpolation_duration: 1 }
$data merge entity $(bone_tail7) { transformation: [-0.6763733185286237f,0.014826743056998572f,-0.039700816381003465f,0.2785881375228069f,0.019096982359323895f,0.6781941131057153f,-0.052537811903664744f,-1.9399063261422365f,0.05067552497154384f,-0.027590794957415468f,-0.7630797323887871f,-6.8001578214784395f,0f,0f,0f,1f], start_interpolation: 0, interpolation_duration: 1 }
$data merge entity $(bone_tail6) { transformation: [-0.797195738806958f,0.010590614967069239f,0.006640654966502596f,0.2748527691041492f,0.010251242017642475f,0.7808573276155419f,-0.1763153058465636f,-1.8407289666035445f,-0.0018889541070845756f,-0.1603990440667848f,-0.8858979662377262f,-6.301840215469719f,0f,0f,0f,1f], start_interpolation: 0, interpolation_duration: 1 }
$data merge entity $(bone_tail5) { transformation: [-0.8845616429975358f,0.012300216242964757f,0.04675683054630829f,0.24855205192185076f,-0.0005493010161448713f,0.8499725332517432f,-0.26233264583707694f,-1.6931668533201887f,-0.04613754267094177f,-0.2534341558404131f,-0.9666009027918459f,-5.758127207649306f,0f,0f,0f,1f], start_interpolation: 0, interpolation_duration: 1 }
$data merge entity $(bone_tail4) { transformation: [-0.9807479789565037f,0.012387521902746996f,0.08278006823581587f,0.20198826353920432f,-0.008942354163068104f,0.9512843309269331f,-0.2680619342341995f,-1.5423820153134515f,-0.08480915925835705f,-0.25514514699508767f,-1.0784755023629427f,-5.151484737570151f,0f,0f,0f,1f], start_interpolation: 0, interpolation_duration: 1 }
$data merge entity $(bone_tail3) { transformation: [-1.0886138304784518f,0.011750606016750018f,0.10450286909756265f,0.14320539967182533f,-0.013023589936472667f,1.063239102657735f,-0.27454782547933804f,-1.387948863481324f,-0.10776577032047091f,-0.25723995513649967f,-1.2030796416437128f,-4.474752439145562f,0f,0f,0f,1f], start_interpolation: 0, interpolation_duration: 1 }
$data merge entity $(bone_tail2) { transformation: [-1.2103577701946249f,0.010762780781073065f,0.10785658716942836f,0.08253606938902186f,-0.012493180744031402f,1.1871654489090973f,-0.2817801148809765f,-1.2294475488607748f,-0.11031650873642977f,-0.2593926845670183f,-1.3429415380372522f,-3.7193478239996076f,0f,0f,0f,1f], start_interpolation: 0, interpolation_duration: 1 }
$data merge entity $(bone_tail1) { transformation: [-1.347003352447115f,0.009767250247705002f,0.09268913839397352f,0.03039842904241175f,-0.008007645907507584f,1.3245724745585317f,-0.2891606882989503f,-1.0667946616926152f,-0.09212823072671811f,-0.26090539330271606f,-1.4993551251730592f,-2.875960566089762f,0f,0f,0f,1f], start_interpolation: 0, interpolation_duration: 1 }
$data merge entity $(bone_tail0) { transformation: [-1.49909759314653f,0.009044866999866317f,0.05806159251978325f,2.4492935982947064e-16f,0f,1.47715493125631f,-0.295566095784067f,-0.53125f,-0.05202313160778173f,-0.26063671929741866f,-1.6731017705139848f,-2f,0f,0f,0f,1f], start_interpolation: 0, interpolation_duration: 1 }