# This file was generated by Animated Java via MC-Build. It is not recommended to edit this file directly.
$data merge entity $(bone_leftwing20) { transformation: [-0.4424312107216696f,-2.002661006981466f,-2.131980212386234f,1.270073350059767f,-0.4270916843268221f,2.1773504469566096f,-1.9566486233935425f,0.27741992919471725f,2.8937144689947125f,0.015166850857892596f,-0.6147541375841391f,2.4578257693017105f,0f,0f,0f,1f], start_interpolation: 0, interpolation_duration: 1 }
$data merge entity $(bone_leftwing21) { transformation: [-0.2549196272334435f,-2.002553540242922f,-2.162311764660925f,1.270073350059767f,-0.2549196272334432f,2.1772336060382584f,-1.9863198820603254f,0.27741992919471725f,2.936124798570672f,0.015166036974769094f,-0.3601916490150143f,2.4578257693017105f,0f,0f,0f,1f], start_interpolation: 0, interpolation_duration: 1 }
$data merge entity $(bone_leftwing22) { transformation: [-0.06561815428755689f,-2.00642036837598f,-2.1805035510263076f,1.270073350059767f,-0.08098647578209264f,2.181437732415347f,-2.0048428325381096f,0.27741992919471725f,2.9620532779497295f,0.01519532181398189f,-0.10311960835204219f,2.4578257693017105f,0f,0f,0f,1f], start_interpolation: 0, interpolation_duration: 1 }
$data merge entity $(bone_leftwing23) { transformation: [0.12268865488508529f,-1.9744545139253888f,-2.143226845400782f,1.270073350059767f,0.09255680022015715f,2.146683539252995f,-1.97234060584821f,0.27741992919471725f,2.9126148350133665f,0.0149532332401758f,0.1529564255602575f,2.4578257693017105f,0f,0f,0f,1f], start_interpolation: 0, interpolation_duration: 1 }
$data merge entity $(bone_leftwing1) { transformation: [-0.28784515437589087f,-1.3539116666916953f,1.443630273268899f,0.8383056184959308f,-0.2510762071325243f,1.4720115697734824f,1.3304670896587238f,-0.09919438150406923f,-1.9631876897826828f,0.010253645650406262f,-0.3818232018049855f,-0.48695576537231355f,0f,0f,0f,1f], start_interpolation: 0, interpolation_duration: 1 }
$data merge entity $(bone_leftwing) { transformation: [-0.10053707899728725f,-0.7897818055701556f,-0.8527884300623159f,0.6874999999999999f,-0.10053707899728717f,0.858673415701198f,-0.7833794559636104f,-0.25f,1.1579705102482092f,0.00598129329607032f,-0.1420550338323845f,1.25f,0f,0f,0f,1f], start_interpolation: 0, interpolation_duration: 1 }
$data merge entity $(bone_rightwing20) { transformation: [-0.44243121072166885f,2.002661006981466f,2.131980212386234f,-1.2700733500597674f,0.4270916843268221f,2.1773504469566096f,-1.9566486233935425f,0.27741992919471725f,-2.8937144689947125f,0.015166850857893089f,-0.6147541375841384f,2.4578257693017105f,0f,0f,0f,1f], start_interpolation: 0, interpolation_duration: 1 }
$data merge entity $(bone_rightwing21) { transformation: [-0.2549333074574063f,2.002661006981466f,2.1624278048008727f,-1.2700733500597674f,0.2549333074574068f,2.1773504469566096f,-1.986426477622012f,0.27741992919471725f,-2.936282365272245f,0.015166850857893089f,-0.360210978646403f,2.4578257693017105f,0f,0f,0f,1f], start_interpolation: 0, interpolation_duration: 1 }
$data merge entity $(bone_rightwing22) { transformation: [-0.06549520779045319f,2.002661006981466f,2.1764180159113686f,-1.2700733500597674f,0.08083473418530086f,2.1773504469566096f,-2.001086426918677f,0.27741992919471725f,-2.9565033797742886f,0.015166850857893089f,-0.10292639665983286f,2.4578257693017105f,0f,0f,0f,1f], start_interpolation: 0, interpolation_duration: 1 }
$data merge entity $(bone_rightwing23) { transformation: [0.12268865488508598f,1.9744545139253888f,2.143226845400782f,-1.2700733500597674f,-0.09255680022015715f,2.146683539252995f,-1.97234060584821f,0.27741992919471725f,-2.9126148350133665f,0.014953233240176285f,0.15295642556025796f,2.4578257693017105f,0f,0f,0f,1f], start_interpolation: 0, interpolation_duration: 1 }
$data merge entity $(bone_rightwing1) { transformation: [-0.2878451543758913f,1.3539116666916953f,-1.4436302732688988f,-0.8383056184959305f,0.2510762071325243f,1.4720115697734824f,1.3304670896587238f,-0.09919438150406923f,1.9631876897826825f,0.010253645650406595f,-0.38182320180498586f,-0.48695576537231355f,0f,0f,0f,1f], start_interpolation: 0, interpolation_duration: 1 }
$data merge entity $(bone_rightwing) { transformation: [-0.10053707899728696f,0.7897818055701556f,0.8527884300623159f,-0.6875000000000001f,0.10053707899728717f,0.858673415701198f,-0.7833794559636104f,-0.25f,-1.1579705102482092f,0.005981293296070514f,-0.1420550338323843f,1.25f,0f,0f,0f,1f], start_interpolation: 0, interpolation_duration: 1 }
$data merge entity $(bone_head) { transformation: [-1.2269070000000002f,3.9993819575939354e-18f,1.5019953645138706e-16f,-4.136893315398447e-16f,0f,1.2264722902632972f,-0.032657432007159024f,-0.20286059323014133f,-1.5025277304014817e-16f,-0.032657432007159024f,-1.2264722902632972f,3.378029745620298f,0f,0f,0f,1f], start_interpolation: 0, interpolation_duration: 1 }
$data merge entity $(bone_neck4) { transformation: [-1.0497600000000002f,6.335457179031446e-17f,1.1186372026564238e-16f,-4.047180186547947e-16f,0f,0.9134365952985485f,-0.5173293380134125f,-0.20664878325289998f,-1.2855852238729257e-16f,-0.5173293380134125f,-0.9134365952985485f,3.3047734166012197f,0f,0f,0f,1f], start_interpolation: 0, interpolation_duration: 1 }
$data merge entity $(bone_neck3) { transformation: [-1.1664000000000003f,8.713398384590809e-17f,1.1318893554042989e-16f,-3.5519785935585664e-16f,0f,0.9242577992220813f,-0.711502972992492f,-0.5179313339371152f,-1.428428026525473e-16f,-0.711502972992492f,-0.9242577992220813f,2.9004106294415593f,0f,0f,0f,1f], start_interpolation: 0, interpolation_duration: 1 }
$data merge entity $(bone_neck2) { transformation: [-1.2960000000000003f,9.46777352990858e-17f,1.2738261933949242e-16f,-3.233522045209835e-16f,0f,1.0401580229351122f,-0.7731023782939221f,-0.7112069285105957f,-1.58714225169497e-16f,-0.7731023782939221f,-1.0401580229351122f,2.6403711237077814f,0f,0f,0f,1f], start_interpolation: 0, interpolation_duration: 1 }
$data merge entity $(bone_neck1) { transformation: [-1.4400000000000002f,7.371611530580765e-17f,1.602028501541004e-16f,-2.833014919824584e-16f,0f,1.3081555454653528f,-0.6019377616234467f,-0.8616913689164575f,-1.7634913907721887e-16f,-0.6019377616234467f,-1.3081555454653528f,2.3133322373414433f,0f,0f,0f,1f], start_interpolation: 0, interpolation_duration: 1 }
$data merge entity $(bone_neck0) { transformation: [-1.6f,3.48551522654571e-17f,1.9281848665699915e-16f,-2.372753173347997e-16f,0f,1.5744824286581804f,-0.28461391716962486f,-1.03125f,-1.9594348786357652e-16f,-0.28461391716962486f,-1.5744824286581804f,1.9375f,0f,0f,0f,1f], start_interpolation: 0, interpolation_duration: 1 }
$data merge entity $(bone_frontlegl) { transformation: [-0.9659258262890683f,-0.1658794944563831f,0.1986738317611947f,0.43897058983378195f,1.3877787807814457e-17f,0.767616740423789f,0.6409091509887787f,-0.8109135826492224f,-0.25881904510252085f,0.6190707012450613f,-0.7414608342671698f,1.4320112436933528f,0f,0f,0f,1f], start_interpolation: 0, interpolation_duration: 1 }
$data merge entity $(bone_frontlegtipleft) { transformation: [-0.9659258262890683f,0.18610960930493328f,0.17986247922272677f,0.9120284295845767f,1.3877787807814457e-17f,0.6949352554464505f,-0.7190723125928131f,-1.5427418788952318f,-0.25881904510252085f,-0.6945705177028043f,-0.6712559108345175f,0.6324611771136794f,0f,0f,0f,1f], start_interpolation: 0, interpolation_duration: 1 }
$data merge entity $(bone_frontfootleftd) { transformation: [-0.9659258262890683f,-0.053834506100289864f,0.2531583379245457f,0.5596510570240907f,1.434060701499576e-16f,0.978128706966936f,0.20800055915114596f,-2.8928299404935944f,-0.2588190451025207f,0.2009131119666588f,-0.9447997794940957f,1.9066734539784873f,0f,0f,0f,1f], start_interpolation: 0, interpolation_duration: 1 }
$data merge entity $(bone_frontfootleft) { transformation: [0.9659258262890683f,0.12886006337095388f,0.22446020176373005f,0.6611581822948973f,-3.71988675397182e-17f,-0.8672476234305677f,0.49787705274900135f,-2.614035861104142f,0.25881904510252074f,-0.48091230356694503f,-0.8376968772594019f,1.5687216861061315f,0f,0f,0f,1f], start_interpolation: 0, interpolation_duration: 1 }
$data merge entity $(bone_frontlegr) { transformation: [-0.9659258262890683f,0.1795401431758777f,-0.1864205865674871f,-0.8749984054285956f,6.938893903907228e-18f,0.7202738364699715f,0.6936898445968693f,-0.8756083524368595f,0.2588190451025207f,0.6700529363305664f,-0.6957311006466544f,1.562505551954523f,0f,0f,0f,1f], start_interpolation: 0, interpolation_duration: 1 }
$data merge entity $(bone_frontlegtipright) { transformation: [-0.9659258262890683f,-0.23291608174860556f,-0.11286007695663476f,-0.8874418037127572f,6.938893903907228e-18f,0.4360578523575412f,-0.8999186348761363f,-1.5723032841542501f,0.2588190451025207f,-0.8692546509856623f,-0.4211995413482946f,0.550140331050148f,0f,0f,0f,1f], start_interpolation: 0, interpolation_duration: 1 }
$data merge entity $(bone_frontfootrightd) { transformation: [-0.9659258262890683f,0.09811110730064661f,-0.2395026278186144f,-0.4907359451070006f,1.6820613000311233e-16f,0.9253670946963931f,0.3790722095500496f,-2.539124860717818f,0.25881904510252085f,0.3661556372328545f,-0.8938359755653281f,2.071544731995621f,0f,0f,0f,1f], start_interpolation: 0, interpolation_duration: 1 }
$data merge entity $(bone_frontfootright) { transformation: [0.9659258262890683f,-0.14444092983948212f,-0.21476525765329568f,-0.5704980821939164f,-6.658625684077079e-17f,-0.8297892358277772f,0.5580768980206524f,-2.233344122839223f,-0.2588190451025208f,-0.5390608888534387f,-0.8015148532627203f,1.7329904028984235f,0f,0f,0f,1f], start_interpolation: 0, interpolation_duration: 1 }
$data merge entity $(bone_rearlegl) { transformation: [-1.0464196451464907f,-0.05095345992028108f,-0.27571866510041704f,-0.022940395057115315f,0f,1.0652951176417573f,-0.19686905150313783f,-0.5488361689527352f,0.280387298861064f,-0.19016090124391355f,-1.0289960667498248f,-1.4868753467083102f,0f,0f,0f,1f], start_interpolation: 0, interpolation_duration: 1 }
$data merge entity $(bone_rearfootleftd) { transformation: [-0.9659258262890683f,0.17591917437822197f,-0.18984136059843582f,0.6038530846882229f,0f,0.7334906923995408f,0.6796994954854993f,-2.729528170567019f,0.25881904510252063f,0.6565392968050938f,-0.7084976031313672f,-1.803946256740752f,0f,0f,0f,1f], start_interpolation: 0, interpolation_duration: 1 }
$data merge entity $(bone_rearfootleft) { transformation: [-0.9659258262890683f,0.23258583319401624f,-0.11353910474028697f,0.5548681793285276f,0f,0.43868141424953133f,0.8986426524442467f,-2.056876170230408f,0.25881904510252063f,0.868022146600809f,-0.4237337075366356f,-1.986760412347088f,0f,0f,0f,1f], start_interpolation: 0, interpolation_duration: 1 }
$data merge entity $(bone_rearlegtipleft) { transformation: [-0.9659258262890683f,0.2588103272326606f,-0.002124294118932247f,0.7534409108005548f,0f,0.008207642208442611f,0.999966316737408f,-2.1111664228180533f,0.25881904510252063f,0.965893290755817f,-0.007927973582074942f,-1.0041954329234837f,0f,0f,0f,1f], start_interpolation: 0, interpolation_duration: 1 }
$data merge entity $(bone_rearlegr) { transformation: [-1.0464196451464907f,0.10468503621619414f,0.2601116693941621f,-1.2949396947673675f,0f,1.0049943167479396f,-0.4044719204289133f,-0.5949321511061114f,-0.2803872988610642f,-0.3906898739510244f,-0.970749965820571f,-1.8975288990551777f,0f,0f,0f,1f], start_interpolation: 0, interpolation_duration: 1 }
$data merge entity $(bone_rearfootrightd) { transformation: [-0.9659258262890683f,0.060596927246289f,0.25162533758762984f,-0.739676033678175f,0f,0.9722056484983881f,-0.234128548083801f,-2.9166629708304828f,-0.25881904510252085f,-0.2261508112657054f,-0.9390785443487051f,-1.3135050715418126f,0f,0f,0f,1f], start_interpolation: 0, interpolation_duration: 1 }
$data merge entity $(bone_rearfootright) { transformation: [-0.9659258262890683f,-0.1840609879454364f,0.18195837662589387f,-0.6375872732410526f,0f,0.7030331811703359f,0.7111570474751113f,-2.3398633530450517f,-0.25881904510252085f,0.686924958703691f,-0.679077906430589f,-1.6945055123748811f,0f,0f,0f,1f], start_interpolation: 0, interpolation_duration: 1 }
$data merge entity $(bone_rearlegtipright) { transformation: [-0.9659258262890683f,-0.23149707128578978f,0.11574283603697764f,-0.9366886359222202f,0f,0.44719597814423095f,0.894435999460903f,-1.9485696248671271f,-0.25881904510252085f,0.8639588318419613f,-0.4319581447021144f,-0.8197254868079452f,0f,0f,0f,1f], start_interpolation: 0, interpolation_duration: 1 }
$data merge entity $(bone_tail11) { transformation: [-0.2899959773197914f,0.04642318294751758f,0.005697838974063049f,-0.3664238151136058f,0.03699355232539538f,0.20372002058743302f,0.2105296751872256f,-1.7960998225528768f,0.03605364217574507f,0.24454589814236974f,-0.2209072229173047f,-8.01223130266405f,0f,0f,0f,1f], start_interpolation: 0, interpolation_duration: 1 }
$data merge entity $(bone_tail10) { transformation: [-0.3851708204699558f,0.062087613796086086f,-0.034417391879859136f,-0.34706403218118503f,0.03322087354115412f,0.32547211952373156f,0.2190302561912359f,-1.919304341660447f,0.07437859296891566f,0.2553646550371794f,-0.3530425629961873f,-7.8136448609786955f,0f,0f,0f,1f], start_interpolation: 0, interpolation_duration: 1 }
$data merge entity $(bone_tail9) { transformation: [-0.47801881534948876f,0.06639747093358148f,-0.08228378797376901f,-0.30077940144593995f,0.03275636273090955f,0.45663987640013937f,0.18058277318572538f,-2.0208821515774176f,0.11725980348857462f,0.2156072714513523f,-0.4950237761499589f,-7.535193986894344f,0f,0f,0f,1f], start_interpolation: 0, interpolation_duration: 1 }
$data merge entity $(bone_tail8) { transformation: [-0.5606190022448568f,0.054883792217239775f,-0.1201367366415587f,-0.2332024870850632f,0.03718455401171443f,0.5708164238239828f,0.08952717503095536f,-2.0712411875323298f,0.1473914577885506f,0.1192049806760655f,-0.6217761487507026f,-7.1854449032220735f,0f,0f,0f,1f], start_interpolation: 0, interpolation_duration: 1 }
$data merge entity $(bone_tail7) { transformation: [-0.66261683408408f,0.03152391996579573f,-0.13819959381423078f,-0.1554652155645584f,0.04275219647958713f,0.6781562765921862f,-0.04755376274084437f,-2.0444921959906046f,0.15764931060513976f,-0.025931192273125167f,-0.7478664528641145f,-6.764770023486009f,0f,0f,0f,1f], start_interpolation: 0, interpolation_duration: 1 }
$data merge entity $(bone_tail6) { transformation: [-0.7859781062026724f,0.011371160936307386f,-0.13272647112348493f,-0.08080657555759813f,0.04254845300999838f,0.7794455686675348f,-0.18124036557395073f,-1.9425444903552571f,0.14815629299856004f,-0.16685968356391212f,-0.871585219637308f,-6.274503337440024f,0f,0f,0f,1f], start_interpolation: 0, interpolation_duration: 1 }
$data merge entity $(bone_tail5) { transformation: [-0.8792163052997487f,-0.0002415080341557507f,-0.10749615729396252f,-0.020339987079744215f,0.03447265645559078f,0.8452506659367168f,-0.2778396000351477f,-1.7862597153354867f,0.12060169973066961f,-0.2689370853726604f,-0.9552240874009792f,-5.737189788276973f,0f,0f,0f,1f], start_interpolation: 0, interpolation_duration: 1 }
$data merge entity $(bone_tail4) { transformation: [-0.9818097951374443f,0.0018212945487970024f,-0.06826078354001283f,0.018056703661513004f,0.022993655093031976f,0.9444245361081377f,-0.2938339614064345f,-1.6209781120443674f,0.07814257265110881f,-0.28020484518585875f,-1.0719671310302705f,-5.134208277072446f,0f,0f,0f,1f], start_interpolation: 0, interpolation_duration: 1 }
$data merge entity $(bone_tail3) { transformation: [-1.0933074162099716f,0.0033982830513818517f,-0.022051433439282876f,0.030460634971109624f,0.010398675554923537f,1.055106753887279f,-0.3082898064700576f,-1.44756509590496f,0.027872207441236238f,-0.2896952646514969f,-1.1993451813308424f,-4.459576612573847f,0f,0f,0f,1f], start_interpolation: 0, interpolation_duration: 1 }
$data merge entity $(bone_tail2) { transformation: [-1.215016276605386f,0.004252811199073697f,0.0060840756187547085f,0.0270383424355601f,0.0035256151568313124f,1.178795941569603f,-0.31981367038239134f,-1.2676699063148649f,-0.002649643682963776f,-0.29584329576234064f,-1.338983190095726f,-3.7063985681450013f,0f,0f,0f,1f], start_interpolation: 0, interpolation_duration: 1 }
$data merge entity $(bone_tail1) { transformation: [-1.349812964293013f,0.004578672068084467f,0.02451234302367076f,0.013250149484745297f,-0.00035958017145168154f,1.317121930507685f,-0.32708351181440404f,-1.0836854309192625f,-0.022485583553881656f,-0.29659976615360434f,-1.4943266666478678f,-2.8658398181555755f,0f,0f,0f,1f], start_interpolation: 0, interpolation_duration: 1 }
$data merge entity $(bone_tail0) { transformation: [-1.4998243891121166f,0.004427937883167843f,0.025523793698732467f,2.4492935982947064e-16f,-3.2526065174565133e-19f,1.4718216509218258f,-0.32796447678009955f,-0.53125f,-0.022952163829720255f,-0.28934654178658104f,-1.667869250848393f,-2f,0f,0f,0f,1f], start_interpolation: 0, interpolation_duration: 1 }