# This file was generated by Animated Java via MC-Build. It is not recommended to edit this file directly.
$data merge entity $(bone_leftwing20) { transformation: [-0.4369821225815267f,-2.0681241947705282f,-2.0696968499420425f,1.2504810990483528f,-0.4328377854449347f,2.1153206932036626f,-2.02232685971052f,0.29808009334468943f,2.8936886817946372f,0.004097684741859008f,-0.6150488866297442f,2.457918487437987f,0f,0f,0f,1f], start_interpolation: 0, interpolation_duration: 1 }
$data merge entity $(bone_leftwing21) { transformation: [-0.2549196272334435f,-2.068013215148245f,-2.0997938449054296f,1.2504810990483528f,-0.2549196272334435f,2.11520718092421f,-2.0522454606837752f,0.29808009334468943f,2.936124798570672f,0.004097464852015818f,-0.360487508076857f,2.457918487437987f,0f,0f,0f,1f], start_interpolation: 0, interpolation_duration: 1 }
$data merge entity $(bone_leftwing22) { transformation: [-0.07107747136385936f,-2.072006442554739f,-2.1181032713068126f,1.2504810990483528f,-0.07522958818007904f,2.119291537457045f,-2.0706443589302466f,0.29808009334468943f,2.9620791135571016f,0.004105376846399782f,-0.10341491069557399f,2.457918487437987f,0f,0f,0f,1f], start_interpolation: 0, interpolation_duration: 1 }
$data merge entity $(bone_leftwing23) { transformation: [0.11198486079986959f,-2.0389956849850273f,-2.082522612604367f,1.2504810990483528f,0.10384402508774467f,2.0855274440036107f,-2.0363536390336985f,0.29808009334468943f,2.9126654895215234f,0.0040399708722553595f,0.15266914956906544f,2.457918487437987f,0f,0f,0f,1f], start_interpolation: 0, interpolation_duration: 1 }
$data merge entity $(bone_leftwing1) { transformation: [-0.27478365370161467f,-1.3981684697040189f,1.4034311076728758f,0.8383056184959308f,-0.26484964989917237f,1.430075961602476f,1.3728573877118628f,-0.09919438150406915f,-1.963249501873534f,0.002770265740975104f,-0.38163296375057476f,-0.4869557653723138f,0f,0f,0f,1f], start_interpolation: 0, interpolation_duration: 1 }
$data merge entity $(bone_leftwing) { transformation: [-0.10053707899728725f,-0.8155982739940111f,-0.8281321526880809f,0.6874999999999999f,-0.10053707899728724f,0.8342109776014445f,-0.8093796709252382f,-0.25f,1.1579705102482094f,0.001615988348902144f,-0.1421717169069494f,1.25f,0f,0f,0f,1f], start_interpolation: 0, interpolation_duration: 1 }
$data merge entity $(bone_rightwing20) { transformation: [-0.43698212258152586f,2.0681241947705282f,2.0696968499420425f,-1.2504810990483533f,0.4328377854449347f,2.1153206932036626f,-2.02232685971052f,0.29808009334468943f,-2.8936886817946372f,0.004097684741859515f,-0.6150488866297436f,2.457918487437987f,0f,0f,0f,1f], start_interpolation: 0, interpolation_duration: 1 }
$data merge entity $(bone_rightwing21) { transformation: [-0.2549333074574063f,2.0681241947705282f,2.0999065300304913f,-1.2504810990483533f,0.2549333074574071f,2.1153206932036626f,-2.0523555941318548f,0.29808009334468943f,-2.9362823652722456f,0.004097684741859515f,-0.3605068535854783f,2.457918487437987f,0f,0f,0f,1f], start_interpolation: 0, interpolation_duration: 1 }
$data merge entity $(bone_rightwing22) { transformation: [-0.07094429593059616f,2.0681241947705282f,2.114134653467177f,-1.2504810990483533f,0.07508863306718898f,2.1153206932036626f,-2.066764663235655f,0.29808009334468943f,-2.9565291669743643f,0.004097684741859515f,-0.10322114570543793f,2.457918487437987f,0f,0f,0f,1f], start_interpolation: 0, interpolation_duration: 1 }
$data merge entity $(bone_rightwing23) { transformation: [0.11198486079987037f,2.0389956849850273f,2.0825226126043668f,-1.2504810990483533f,-0.10384402508774467f,2.0855274440036107f,-2.0363536390336985f,0.29808009334468943f,-2.9126654895215234f,0.004039970872255859f,0.152669149569066f,2.457918487437987f,0f,0f,0f,1f], start_interpolation: 0, interpolation_duration: 1 }
$data merge entity $(bone_rightwing1) { transformation: [-0.27478365370161517f,1.3981684697040189f,-1.4034311076728756f,-0.8383056184959305f,0.26484964989917237f,1.430075961602476f,1.3728573877118628f,-0.09919438150406915f,1.9632495018735339f,0.0027702657409754464f,-0.3816329637505751f,-0.4869557653723138f,0f,0f,0f,1f], start_interpolation: 0, interpolation_duration: 1 }
$data merge entity $(bone_rightwing) { transformation: [-0.10053707899728696f,0.8155982739940111f,0.8281321526880809f,-0.6875000000000001f,0.10053707899728724f,0.8342109776014445f,-0.8093796709252382f,-0.25f,-1.1579705102482094f,0.001615988348902344f,-0.1421717169069492f,1.25f,0f,0f,0f,1f], start_interpolation: 0, interpolation_duration: 1 }
$data merge entity $(bone_head) { transformation: [-1.2269070000000002f,3.1683511091837227e-18f,1.5021936412294922e-16f,-4.1153619131279518e-16f,0f,1.2266341954883466f,-0.02587155015952062f,-0.17248605692001723f,-1.5025277304014817e-16f,-0.02587155015952062f,-1.2266341954883466f,3.36044802141583f,0f,0f,0f,1f], start_interpolation: 0, interpolation_duration: 1 }
$data merge entity $(bone_neck4) { transformation: [-1.0497600000000002f,6.273472309791609e-17f,1.1221251354564602e-16f,-4.025624491193824e-16f,0f,0.9162847085688115f,-0.5122678893342508f,-0.17586890286063256f,-1.2855852238729257e-16f,-0.5122678893342508f,-0.9162847085688115f,3.287171855588584f,0f,0f,0f,1f], start_interpolation: 0, interpolation_duration: 1 }
$data merge entity $(bone_neck3) { transformation: [-1.1664000000000003f,8.7839785597147e-17f,1.1264208066207677e-16f,-3.532815388297238e-16f,0f,0.9197923902671578f,-0.7172662816601855f,-0.4896729010869637f,-1.428428026525473e-16f,-0.7172662816601855f,-0.9197923902671578f,2.8847626848467023f,0f,0f,0f,1f], start_interpolation: 0, interpolation_duration: 1 }
$data merge entity $(bone_neck2) { transformation: [-1.2960000000000003f,9.838972012668492e-17f,1.2453781853134572e-16f,-3.221470841968874e-16f,0f,1.0169284614801084f,-0.8034130346413977f,-0.6905261597473131f,-1.58714225169497e-16f,-0.8034130346413977f,-1.0169284614801084f,2.630530569476675f,0f,0f,0f,1f], start_interpolation: 0, interpolation_duration: 1 }
$data merge entity $(bone_neck1) { transformation: [-1.4400000000000002f,7.975531746508714e-17f,1.572835280292232e-16f,-2.828262021895816e-16f,0f,1.2843174712801286f,-0.6512515896062105f,-0.8533390571488658f,-1.7634913907721887e-16f,-0.6512515896062105f,-1.2843174712801286f,2.3094512016566426f,0f,0f,0f,1f], start_interpolation: 0, interpolation_duration: 1 }
$data merge entity $(bone_neck0) { transformation: [-1.6f,3.9153262892790334e-17f,1.9199185514232525e-16f,-2.372753173347997e-16f,0f,1.5677324700966635f,-0.31971065388037073f,-1.03125f,-1.9594348786357652e-16f,-0.31971065388037073f,-1.5677324700966635f,1.9375f,0f,0f,0f,1f], start_interpolation: 0, interpolation_duration: 1 }
$data merge entity $(bone_frontlegl) { transformation: [-0.9659258262890683f,-0.18231756419122616f,0.18370520922161906f,0.43756128265372785f,-6.938893903907228e-18f,0.709782424043994f,0.7044209753536812f,-0.8124225642417375f,-0.2588190451025208f,0.680418412673856f,-0.6855971744301528f,1.4372708496927862f,0f,0f,0f,1f], start_interpolation: 0, interpolation_duration: 1 }
$data merge entity $(bone_frontlegtipleft) { transformation: [-0.9659258262890683f,0.18315027309748144f,0.18287502719643997f,0.9295299142955287f,-6.938893903907228e-18f,0.7065748470094282f,-0.7076383155070131f,-1.467061988351004f,-0.2588190451025208f,-0.6835261246199159f,-0.6824988929326541f,0.5671447469645169f,0f,0f,0f,1f], start_interpolation: 0, interpolation_duration: 1 }
$data merge entity $(bone_frontfootleftd) { transformation: [-0.9659258262890681f,-0.039335172310132754f,0.2558125140158564f,0.5882390470464717f,1.1500033205420907e-16f,0.9883836559034003f,0.15197943526355212f,-2.86206259164896f,-0.2588190451025206f,0.14680086158589256f,-0.9547052995191022f,1.799981622728689f,0f,0f,0f,1f], start_interpolation: 0, interpolation_duration: 1 }
$data merge entity $(bone_frontfootleft) { transformation: [0.9659258262890683f,0.14764767591656439f,0.21257342708865987f,0.6832169060862923f,-1.4417561197917443e-17f,-0.8213206528308513f,0.5704668134374723f,-2.5540278870115705f,0.2588190451025207f,-0.5510286281400822f,-0.793334830233917f,1.486397408166517f,0f,0f,0f,1f], start_interpolation: 0, interpolation_duration: 1 }
$data merge entity $(bone_frontlegr) { transformation: [-0.9659258262890683f,0.16322619989668838f,-0.20085941793967965f,-0.8749555049365808f,0f,0.776061196965306f,0.630657608028934f,-0.8783265336942683f,0.2588190451025206f,0.6091684711408353f,-0.7496175529295965f,1.5626656587703918f,0f,0f,0f,1f], start_interpolation: 0, interpolation_duration: 1 }
$data merge entity $(bone_frontlegtipright) { transformation: [-0.9659258262890683f,-0.242824558766282f,-0.08957416908763949f,-0.8715913458660962f,0f,0.34608801316054f,-0.9382020502783981f,-1.656445864025231f,0.2588190451025206f,-0.9062335906412596f,-0.3342953500808364f,0.6092950450571155f,0f,0f,0f,1f], start_interpolation: 0, interpolation_duration: 1 }
$data merge entity $(bone_frontfootrightd) { transformation: [-0.9659258262890681f,0.10520211743260299f,-0.23647370381392824f,-0.4533549528948728f,1.768152183570953e-16f,0.9136642310084205f,0.4064697688337863f,-2.470194760173421f,0.2588190451025207f,0.39261964732230126f,-0.8825318772875748f,2.211052494168618f,0f,0f,0f,1f], start_interpolation: 0, interpolation_duration: 1 }
$data merge entity $(bone_frontfootright) { transformation: [0.9659258262890683f,-0.12586755526051366f,-0.22615184421207396f,-0.5394541169308983f,-6.980758604553868e-17f,-0.8737836279493771f,0.4863148892719867f,-2.194735556886329f,-0.2588190451025207f,-0.4697441112567202f,-0.8440101728248619f,1.8488480585284104f,0f,0f,0f,1f], start_interpolation: 0, interpolation_duration: 1 }
$data merge entity $(bone_rearlegl) { transformation: [-1.0464196451464907f,-0.06820815502261017f,-0.27196449207757833f,-0.02510332561089168f,0f,1.0507901069252872f,-0.26353607399947043f,-0.5609058615805645f,0.28038729886106395f,-0.2545563000349156f,-1.0149853022881865f,-1.4949475134282468f,0f,0f,0f,1f], start_interpolation: 0, interpolation_duration: 1 }
$data merge entity $(bone_rearfootleftd) { transformation: [-0.9659258262890683f,0.20263469083324331f,-0.16101701828905074f,0.6287053413688108f,0f,0.6221219857498138f,0.7829203247117223f,-2.6725564811174918f,0.2588190451025206f,0.7562429615656759f,-0.6009236931379849f,-1.7111963721260546f,0f,0f,0f,1f], start_interpolation: 0, interpolation_duration: 1 }
$data merge entity $(bone_rearfootleft) { transformation: [-0.9659258262890683f,0.23194670893193262f,-0.11483911495403437f,0.5787467884544039f,0f,0.44370426800912405f,0.8961732659204288f,-2.0009743272960567f,0.2588190451025206f,0.865636902382363f,-0.4285854117046993f,-1.8976442298752398f,0f,0f,0f,1f], start_interpolation: 0, interpolation_duration: 1 }
$data merge entity $(bone_rearlegtipleft) { transformation: [-0.9659258262890683f,0.2586648522411973f,0.008932654858449183f,0.7764829856238813f,0f,-0.034513128100410434f,0.9994042445320735f,-2.0979502206797216f,0.2588190451025206f,0.9653503706964452f,0.03333712177820939f,-0.9182012389710253f,0f,0f,0f,1f], start_interpolation: 0, interpolation_duration: 1 }
$data merge entity $(bone_rearlegr) { transformation: [-1.0464196451464907f,0.0824388877829988f,0.26799415505511665f,-1.2971773351683153f,0f,1.0354499026490165f,-0.31851940320057937f,-0.574828706715458f,-0.2803872988610642f,-0.3076661177256205f,-1.0001678027971865f,-1.8891779113897718f,0f,0f,0f,1f], start_interpolation: 0, interpolation_duration: 1 }
$data merge entity $(bone_rearfootrightd) { transformation: [-0.9659258262890683f,0.0949002301639165f,0.24079294927928518f,-0.698897245306842f,0f,0.9303525139887007f,-0.36666633294441486f,-2.9518120780557258f,-0.25881904510252085f,-0.35417248062171663f,-0.8986515208146477f,-1.4656935816147265f,0f,0f,0f,1f], start_interpolation: 0, interpolation_duration: 1 }
$data merge entity $(bone_rearfootright) { transformation: [-0.9659258262890683f,-0.19381356725271812f,0.17153308502022824f,-0.6051949452620249f,0f,0.6627529475363074f,0.7488381203784543f,-2.3541417518534997f,-0.25881904510252085f,0.7233220801833113f,-0.6401701884745233f,-1.8153953261680476f,0f,0f,0f,1f], start_interpolation: 0, interpolation_duration: 1 }
$data merge entity $(bone_rearlegtipright) { transformation: [-0.9659258262890683f,-0.23534654279792402f,0.10770005989248868f,-0.9076431059462962f,0f,0.4161210773721369f,0.909309215265441f,-1.994852500435453f,-0.25881904510252085f,0.8783252551075353f,-0.4019420954969787f,-0.9281248804108586f,0f,0f,0f,1f], start_interpolation: 0, interpolation_duration: 1 }
$data merge entity $(bone_tail11) { transformation: [-0.2908018579325346f,0.033307406244790276f,0.024596948008983224f,-0.4699429879191577f,0.04129516275599586f,0.2079835069977634f,0.20576025747797594f,-1.9206321771534443f,0.009266640148024877f,0.24367409726638845f,-0.22436166625873266f,-7.985832435655109f,0f,0f,0f,1f], start_interpolation: 0, interpolation_duration: 1 }
$data merge entity $(bone_tail10) { transformation: [-0.3882252932917049f,0.05051738679353661f,-0.01076959375647895f,-0.46388509143113826f,0.037274826766684664f,0.33069184756382897f,0.21083875210943864f,-2.0392289752150035f,0.04317056880279367f,0.25144509687768696f,-0.3607126410258512f,-7.782931575078067f,0f,0f,0f,1f], start_interpolation: 0, interpolation_duration: 1 }
$data merge entity $(bone_tail9) { transformation: [-0.4822039323423332f,0.05859466608995465f,-0.060934516885596576f,-0.4296094256829902f,0.034930677834819034f,0.4614832994994036f,0.16826234095426695f,-2.1338765420017785f,0.08939249643641761f,0.206594973814604f,-0.5043119432558147f,-7.499256106996672f,0f,0f,0f,1f], start_interpolation: 0, interpolation_duration: 1 }
$data merge entity $(bone_tail8) { transformation: [-0.5631553150985653f,0.05117921175479092f,-0.10934251886268483f,-0.36810425882273f,0.038007149068944174f,0.5734222042675796f,0.07335849001317202f,-2.1751406926341876f,0.1319967961468974f,0.10437655660073861f,-0.6275602866947728f,-7.146253445730863f,0f,0f,0f,1f], start_interpolation: 0, interpolation_duration: 1 }
$data merge entity $(bone_tail7) { transformation: [-0.6614165828327444f,0.029790561356645984f,-0.14410856946469458f,-0.2870431884988393f,0.04524572712107561f,0.6767675188405997f,-0.06701379173889574f,-2.1374454347810588f,0.16119380126766186f,-0.046110065594708996f,-0.7457750543089214f,-6.726754977682094f,0f,0f,0f,1f], start_interpolation: 0, interpolation_duration: 1 }
$data merge entity $(bone_tail6) { transformation: [-0.781830653980145f,0.008094697903978154f,-0.15538571624507333f,-0.19963872311098557f,0.0486630456939126f,0.7740616631877546f,-0.20356672040102175f,-2.022939154555484f,0.17028765469310142f,-0.19083065288857665f,-0.8621436508109496f,-6.241799174100935f,0f,0f,0f,1f], start_interpolation: 0, interpolation_duration: 1 }
$data merge entity $(bone_tail5) { transformation: [-0.8742964866646039f,-0.006030194043798213f,-0.1417724724033872f,-0.11989170738408028f,0.04336523025194528f,0.8371821181549255f,-0.301739528634699f,-1.8532106696984658f,0.15580037349293752f,-0.2944058740812588f,-0.9420476464624308f,-5.711897372965818f,0f,0f,0f,1f], start_interpolation: 0, interpolation_duration: 1 }
$data merge entity $(bone_tail4) { transformation: [-0.9778986072357254f,-0.0037275467175105813f,-0.11070750835378493f,-0.05761873393507626f,0.03284607537180133f,0.9363611429192858f,-0.3196097756472955f,-1.6734301708968622f,0.12226841312017417f,-0.30731460827700513f,-1.0598130270113046f,-5.115752545271959f,0f,0f,0f,1f], start_interpolation: 0, interpolation_duration: 1 }
$data merge entity $(bone_tail3) { transformation: [-1.091505448530638f,-0.0016015440713937606f,-0.06603869666616288f,-0.02047196706035963f,0.018989678760454973f,1.0475104375799928f,-0.3350218277163895f,-1.4849803928063932f,0.07368865284557102f,-0.3170790403314093f,-1.1898544811306078f,-4.446459399635992f,0f,0f,0f,1f], start_interpolation: 0, interpolation_duration: 1 }
$data merge entity $(bone_tail2) { transformation: [-1.214500408080233f,-0.00008798573544794728f,-0.03493745572805963f,-0.0008196482133260899f,0.010148449054512128f,1.1721701726785307f,-0.34581941863874177f,-1.290456969822101f,0.03970339881572459f,-0.32174819078946293f,-1.3317551922263449f,-3.697347104008673f,0f,0f,0f,1f], start_interpolation: 0, interpolation_duration: 1 }
$data merge entity $(bone_tail1) { transformation: [-1.3499804526507082f,0.0009102877558686618f,-0.007774073674859151f,0.003553268228782182f,0.0032195970081066888f,1.3119497305570373f,-0.35046139143668664f,-1.0933224371389647f,0.009881479304223336f,-0.318953594892886f,-1.4891329104838282f,-2.8597098418615197f,0f,0f,0f,1f], start_interpolation: 0, interpolation_duration: 1 }
$data merge entity $(bone_tail0) { transformation: [-1.4999871882667521f,0.0012638948074568063f,0.006878652321148691f,2.4492935982947064e-16f,0f,1.4684978385765537f,-0.3465741822130245f,-0.53125f,-0.006199599632484753f,-0.30579813711974335f,-1.6642833353625872f,-2f,0f,0f,0f,1f], start_interpolation: 0, interpolation_duration: 1 }