# This file was generated by Animated Java via MC-Build. It is not recommended to edit this file directly.
$data merge entity $(bone_leftwing20) { transformation: [-0.43504378234601676f,-2.090465676298512f,-2.047541519669624f,1.2435117773081057f,-0.43479942130376137f,2.0932485062584862f,-2.0447484601758825f,0.3051331747320126f,2.8936866592267907f,0.0002416102940838284f,-0.6150720046860203f,2.4579257596009487f,0f,0f,0f,1f], start_interpolation: 0, interpolation_duration: 1 }
$data merge entity $(bone_leftwing21) { transformation: [-0.254919627233443f,-2.0903534977882767f,-2.0775550783107595f,1.2435117773081057f,-0.2549196272334435f,2.093136178416108f,-2.0747515002371046f,0.3051331747320126f,2.9361247985706727f,0.00024159732879903316f,-0.36051071319505323f,2.4579257596009487f,0f,0f,0f,1f], start_interpolation: 0, interpolation_duration: 1 }
$data merge entity $(bone_leftwing22) { transformation: [-0.07301945021889766f,-2.094389863134245f,-2.0959063514228626f,1.2435117773081057f,-0.07326426997157241f,2.0971779169755864f,-2.093108048845046f,0.3051331747320126f,2.962081139921679f,0.00024206384084432824f,-0.10343807214867462f,2.4579257596009487f,0f,0f,0f,1f], start_interpolation: 0, interpolation_duration: 1 }
$data merge entity $(bone_leftwing23) { transformation: [0.10817732562804291f,-2.061022497759096f,-2.0609290076068287f,1.2435117773081057f,0.10769732049480088f,2.0637661329309016f,-2.058206763221352f,0.3051331747320126f,2.9126694625073153f,0.00023820733219532373f,0.15264661764697723f,2.4579257596009487f,0f,0f,0f,1f], start_interpolation: 0, interpolation_duration: 1 }
$data merge entity $(bone_leftwing1) { transformation: [-0.27013743920811667f,-1.4132725698919517f,1.389131529816051f,0.8383056184959305f,-0.26955170415738783f,1.415153919724047f,1.3873288226932772f,-0.09919438150406915f,-1.963254349982175f,0.000163342170648222f,-0.38161804280642486f,-0.486955765372314f,0f,0f,0f,1f], start_interpolation: 0, interpolation_duration: 1 }
$data merge entity $(bone_leftwing) { transformation: [-0.10053707899728713f,-0.8244089991036385f,-0.8193614642236613f,0.6874999999999999f,-0.10053707899728724f,0.8255064531723608f,-0.8182557684664334f,-0.25f,1.1579705102482094f,0.00009528293287812951f,-0.14218086871227154f,1.25f,0f,0f,0f,1f], start_interpolation: 0, interpolation_duration: 1 }
$data merge entity $(bone_rightwing20) { transformation: [-0.4350437823460161f,2.090465676298512f,2.0475415196696245f,-1.2435117773081061f,0.43479942130376137f,2.0932485062584862f,-2.0447484601758825f,0.3051331747320126f,-2.8936866592267907f,0.0002416102940843404f,-0.6150720046860197f,2.4579257596009483f,0f,0f,0f,1f], start_interpolation: 0, interpolation_duration: 1 }
$data merge entity $(bone_rightwing21) { transformation: [-0.25493330745740594f,2.090465676298512f,2.0776665699957126f,-1.2435117773081061f,0.2549333074574071f,2.0932485062584862f,-2.074862841468457f,0.3051331747320126f,-2.936282365272246f,0.0002416102940843404f,-0.3605300599489738f,2.4579257596009483f,0f,0f,0f,1f], start_interpolation: 0, interpolation_duration: 1 }
$data merge entity $(bone_rightwing22) { transformation: [-0.0728826361661052f,2.090465676298512f,2.0919793231947588f,-1.2435117773081061f,0.07312699720836213f,2.0932485062584862f,-2.0891862637010172f,0.3051331747320126f,-2.9565311895422117f,0.0002416102940843404f,-0.10324426376171404f,2.4579257596009483f,0f,0f,0f,1f], start_interpolation: 0, interpolation_duration: 1 }
$data merge entity $(bone_rightwing23) { transformation: [0.10817732562804365f,2.061022497759096f,2.060929007606829f,-1.2435117773081061f,-0.10769732049480088f,2.0637661329309016f,-2.058206763221352f,0.3051331747320126f,-2.9126694625073153f,0.0002382073321958285f,0.1526466176469778f,2.4579257596009483f,0f,0f,0f,1f], start_interpolation: 0, interpolation_duration: 1 }
$data merge entity $(bone_rightwing1) { transformation: [-0.27013743920811717f,1.4132725698919517f,-1.389131529816051f,-0.8383056184959303f,0.26955170415738783f,1.415153919724047f,1.3873288226932772f,-0.09919438150406915f,1.9632543499821749f,0.00016334217064856813f,-0.3816180428064252f,-0.486955765372314f,0f,0f,0f,1f], start_interpolation: 0, interpolation_duration: 1 }
$data merge entity $(bone_rightwing) { transformation: [-0.10053707899728684f,0.8244089991036385f,0.8193614642236613f,-0.6875000000000001f,0.10053707899728724f,0.8255064531723608f,-0.8182557684664334f,-0.25f,-1.1579705102482094f,0.00009528293287833141f,-0.14218086871227134f,1.25f,0f,0f,0f,1f], start_interpolation: 0, interpolation_duration: 1 }
$data merge entity $(bone_head) { transformation: [-1.2269070000000002f,2.741405739871598e-18f,1.5022776208418896e-16f,-4.1097207286496903e-16f,0f,1.2267027700458888f,-0.022385276651033417f,-0.16444752084711897f,-1.5025277304014817e-16f,-0.022385276651033417f,-1.2267027700458888f,3.3558416447183275f,0f,0f,0f,1f], start_interpolation: 0, interpolation_duration: 1 }
$data merge entity $(bone_neck4) { transformation: [-1.0497600000000002f,6.24155549420838e-17f,1.123903562574464e-16f,-4.019971895069385e-16f,0f,0.9177369045156278f,-0.5096616835608433f,-0.1676220978035583f,-1.2855852238729257e-16f,-0.5096616835608433f,-0.9177369045156278f,3.2825561605748246f,0f,0f,0f,1f], start_interpolation: 0, interpolation_duration: 1 }
$data merge entity $(bone_neck3) { transformation: [-1.1664000000000003f,8.778510468415578e-17f,1.1268470022690026e-16f,-3.526976331576696e-16f,0f,0.9201404054242882f,-0.71681977812113f,-0.48123075073155264f,-1.428428026525473e-16f,-0.71681977812113f,-0.9201404054242882f,2.8799947332016984f,0f,0f,0f,1f], start_interpolation: 0, interpolation_duration: 1 }
$data merge entity $(bone_neck2) { transformation: [-1.2960000000000003f,9.928695378570046e-17f,1.2382368949078352e-16f,-3.217417107849737e-16f,0f,1.0110971553348636f,-0.8107395034619604f,-0.6839156265970427f,-1.58714225169497e-16f,-0.8107395034619604f,-1.0110971553348636f,2.6272204443679827f,0f,0f,0f,1f], start_interpolation: 0, interpolation_duration: 1 }
$data merge entity $(bone_neck1) { transformation: [-1.4400000000000002f,8.157887590496542e-17f,1.5634546958373478e-16f,-2.8265534338904e-16f,0f,1.2766576427798493f,-0.6661420742843063f,-0.8504511451681194f,-1.7634913907721887e-16f,-0.6661420742843063f,-1.2766576427798493f,2.3080560336730205f,0f,0f,0f,1f], start_interpolation: 0, interpolation_duration: 1 }
$data merge entity $(bone_neck0) { transformation: [-1.6f,4.064552422541888e-17f,1.9168148527331597e-16f,-2.372753173347997e-16f,0f,1.565198107787258f,-0.33189589238070827f,-1.03125f,-1.9594348786357652e-16f,-0.33189589238070827f,-1.565198107787258f,1.9375f,0f,0f,0f,1f], start_interpolation: 0, interpolation_duration: 1 }
$data merge entity $(bone_frontlegl) { transformation: [-0.9659258262890683f,-0.18787893780723675f,0.17801349060171015f,0.43706585093278155f,0f,0.6877913120002326f,0.7259084729750704f,-0.8130753956140102f,-0.2588190451025208f,0.7011737415686808f,-0.664355391358267f,1.439119826047039f,0f,0f,0f,1f], start_interpolation: 0, interpolation_duration: 1 }
$data merge entity $(bone_frontlegtipleft) { transformation: [-0.9659258262890683f,0.1816862669709608f,0.18432959204082627f,0.9352702989437907f,0f,0.7121948540062477f,-0.7019818301972062f,-1.4384727486727247f,-0.2588190451025208f,-0.6780623793731488f,-0.6879274028348074f,0.5457213398022143f,0f,0f,0f,1f], start_interpolation: 0, interpolation_duration: 1 }
$data merge entity $(bone_frontfootleftd) { transformation: [-0.9659258262890683f,-0.03437437699503959f,0.2565262175957527f,0.5987214836836451f,1.1878174631234075e-16f,0.9911411947839475f,0.13281239400842276f,-2.8509491525433917f,-0.25881904510252063f,0.12828692142401515f,-0.957368877540819f,1.760860636611636f,0f,0f,0f,1f], start_interpolation: 0, interpolation_duration: 1 }
$data merge entity $(bone_frontfootleft) { transformation: [0.9659258262890683f,0.15411291633714905f,0.207933900857555f,0.6912083314153432f,-2.0394247039031786e-17f,-0.8033948999973722f,0.5954465842191151f,-2.5329924707364895f,0.2588190451025207f,-0.5751572338728522f,-0.7760198826163852f,1.4565730028136055f,0f,0f,0f,1f], start_interpolation: 0, interpolation_duration: 1 }
$data merge entity $(bone_frontlegr) { transformation: [-0.9659258262890683f,0.15803587095228733f,-0.20496819655774065f,-0.8749307614664477f,1.3877787807814457e-17f,0.7919362984920635f,0.6106037169316032f,-0.8791484644442434f,0.2588190451025207f,0.5897978998123351f,-0.7649517234892527f,1.562758002658084f,0f,0f,0f,1f], start_interpolation: 0, interpolation_duration: 1 }
$data merge entity $(bone_frontlegtipright) { transformation: [-0.9659258262890683f,-0.24519862128163128f,-0.08285489864436367f,-0.8663733143722552f,1.3877787807814457e-17f,0.32012674574061617f,-0.9473747234656005f,-1.6807459610800828f,0.2588190451025207f,-0.9150937125688877f,-0.3092186913967352f,0.6287690037076248f,0f,0f,0f,1f], start_interpolation: 0, interpolation_duration: 1 }
$data merge entity $(bone_frontfootrightd) { transformation: [-0.9659258262890679f,0.10709333512371416f,-0.23562324944678217f,-0.4426353213321617f,1.949249185035445e-16f,0.9103783276591934f,0.4137768728777022f,-2.4493525616100573f,0.25881904510252074f,0.39967776783370124f,-0.8793579383798664f,2.2510587037990755f,0f,0f,0f,1f], start_interpolation: 0, interpolation_duration: 1 }
$data merge entity $(bone_frontfootright) { transformation: [0.9659258262890681f,-0.12004259715592064f,-0.22929691008786407f,-0.5305263126843571f,-8.642914421373113e-17f,-0.8859352293686014f,0.46380897939087345f,-2.1835010360121805f,-0.25881904510252074f,-0.44800507165841896f,-0.8557477184664615f,1.8821670775765316f,0f,0f,0f,1f], start_interpolation: 0, interpolation_duration: 1 }
$data merge entity $(bone_rearlegl) { transformation: [-1.0464196451464907f,-0.07472015576735241f,-0.27024791522730796f,-0.025875618244548315f,0f,1.0441577632753425f,-0.28869651280011127f,-0.5656431827961896f,0.280387298861064f,-0.27885941767322f,-1.0085789502678806f,-1.4978297487753642f,0f,0f,0f,1f], start_interpolation: 0, interpolation_duration: 1 }
$data merge entity $(bone_rearfootleftd) { transformation: [-0.9659258262890683f,0.2103550638788614f,-0.15079139633381197f,0.6384020874558457f,0f,0.5826132164040791f,0.812749555565116f,-2.651802250141655f,0.25881904510252063f,0.7850557860253078f,-0.5627611524620418f,-1.6750076230611455f,0f,0f,0f,1f], start_interpolation: 0, interpolation_duration: 1 }
$data merge entity $(bone_rearfootleft) { transformation: [-0.9659258262890683f,0.23149616702034057f,-0.1157446446392714f,0.5877646651438893f,0f,0.44720296604689147f,0.8944325056474988f,-1.9809795317531385f,0.25881904510252063f,0.8639554570773621f,-0.4319648944977657f,-1.8639890558936891f,0f,0f,0f,1f], start_interpolation: 0, interpolation_duration: 1 }
$data merge entity $(bone_rearlegtipleft) { transformation: [-0.9659258262890683f,0.2585282607987454f,0.012265254834551596f,0.7851559833724084f,0f,-0.047389305642840884f,0.9988764957244161f,-2.0907986183787552f,0.25881904510252063f,0.9648406044933356f,0.0457745542103264f,-0.8858331707195914f,0f,0f,0f,1f], start_interpolation: 0, interpolation_duration: 1 }
$data merge entity $(bone_rearlegr) { transformation: [-1.0464196451464907f,0.07555802596145157f,0.2700148552865423f,-1.2979429689442423f,-7.517135062566164e-18f,1.0432572888119058f,-0.29193379463834385f,-0.5688734591875787f,-0.2803872988610642f,-0.2819863918077455f,-1.0077091587277334f,-1.8863205272380223f,0f,0f,0f,1f], start_interpolation: 0, interpolation_duration: 1 }
$data merge entity $(bone_rearfootrightd) { transformation: [-0.9659258262890683f,0.09053034556718301f,0.24246969839397903f,-0.6859481250295424f,-6.938893903907228e-18f,0.9368309750850612f,-0.34978239538486444f,-2.9586416978127525f,-0.25881904510252085f,-0.3378638492834948f,-0.9049092337022313f,-1.5140203564029289f,0f,0f,0f,1f], start_interpolation: 0, interpolation_duration: 1 }
$data merge entity $(bone_rearfootright) { transformation: [-0.9659258262890683f,-0.19688378457879663f,0.16800021868352055f,-0.5950584477569716f,-6.938893903907228e-18f,0.6491030001944949f,0.760700529208772f,-2.35452220895741f,-0.25881904510252085f,0.7347802872345147f,-0.6269853518095807f,-1.8532252498677013f,0f,0f,0f,1f], start_interpolation: 0, interpolation_duration: 1 }
$data merge entity $(bone_rearlegtipright) { transformation: [-0.9659258262890683f,-0.2367281563856656f,0.10462828528664975f,-0.8986962361161196f,-6.938893903907228e-18f,0.4042526516748619f,0.914647360250847f,-2.007435017298226f,-0.25881904510252085f,0.8834815072134147f,-0.3904780765985879f,-0.9615150531857826f,0f,0f,0f,1f], start_interpolation: 0, interpolation_duration: 1 }
$data merge entity $(bone_tail11) { transformation: [-0.2908584153620863f,0.027821964753221795f,0.030117002163640987f,-0.4934464854318388f,0.04119342528662752f,0.21022260827986022f,0.20358711105358482f,-1.969671529110778f,-0.0001721330219427407f,0.2424314919031602f,-0.22580964151278962f,-7.976725001132839f,0f,0f,0f,1f], start_interpolation: 0, interpolation_duration: 1 }
$data merge entity $(bone_tail10) { transformation: [-0.3890377947895589f,0.04503733680399943f,-0.00271837234577596f,-0.4919174009873398f,0.03713877168276456f,0.3332526577690028f,0.20695702217442735f,-2.0860848540838934f,0.03138060397375561f,0.2488976520807561f,-0.3635925347429492f,-7.77220420033993f,0f,0f,0f,1f], start_interpolation: 0, interpolation_duration: 1 }
$data merge entity $(bone_tail9) { transformation: [-0.48372886541168514f,0.054127592434652344f,-0.05236849112854267f,-0.46246012472753456f,0.034300123167802614f,0.46370193535671755f,0.16251154759770264f,-2.177497599607601f,0.07764179688120425f,0.2021398717891646f,-0.5079454602064037f,-7.486484878973828f,0f,0f,0f,1f], start_interpolation: 0, interpolation_duration: 1 }
$data merge entity $(bone_tail8) { transformation: [-0.5645851877333365f,0.048254513475414915f,-0.10311418595590013f,-0.4044583951273407f,0.03704694457915445f,0.5745011986874478f,0.06605095759472103f,-2.214651263254632f,0.1235037784688867f,0.09785685636865833f,-0.6302175246682811f,-7.13198752134792f,0f,0f,0f,1f], start_interpolation: 0, interpolation_duration: 1 }
$data merge entity $(bone_tail7) { transformation: [-0.6618175680556179f,0.028040255797482906f,-0.14260355300872693f,-0.32424389655993185f,0.04491588066553385f,0.676049477626812f,-0.07547535300428491f,-2.1721963771897217f,0.15840678973498407f,-0.054529551131752646f,-0.745668422493736f,-6.712549033695193f,0f,0f,0f,1f], start_interpolation: 0, interpolation_duration: 1 }
$data merge entity $(bone_tail6) { transformation: [-0.7810827902595121f,0.006351789224438292f,-0.1591722239828049f,-0.2347095205696041f,0.04965736387807882f,0.7716873609673822f,-0.2128258797783868f,-2.0524818198143793f,0.17350131074175004f,-0.200524476389622f,-0.8591349980142915f,-6.229285597312154f,0f,0f,0f,1f], start_interpolation: 0, interpolation_duration: 1 }
$data merge entity $(bone_tail5) { transformation: [-0.8729436118778221f,-0.008239060755694706f,-0.14976004562368067f,-0.1504694949062837f,0.04552938743921499f,0.8338108546358975f,-0.31118686411049085f,-1.877439208752228f,0.16373881071867535f,-0.3043943701269089f,-0.9373313757197499f,-5.702036698469795f,0f,0f,0f,1f], start_interpolation: 0, interpolation_duration: 1 }
$data merge entity $(bone_tail4) { transformation: [-0.9765121031235514f,-0.005869697711951231f,-0.12223296305457435f,-0.08171345318808562f,0.03563473565581348f,0.9330979928975554f,-0.3293801789464142f,-1.69216285809487f,0.13405035277004107f,-0.31760200085136997f,-1.055143551705096f,-5.108518450635679f,0f,0f,0f,1f], start_interpolation: 0, interpolation_duration: 1 }
$data merge entity $(bone_tail3) { transformation: [-1.090620449232466f,-0.003552335064951943f,-0.07922553855203007f,-0.03714908775256871f,0.02166260069352001f,1.044525782078811f,-0.34483000836803335f,-1.4981959783878513f,0.08729040869171702f,-0.3271864203328337f,-1.185970083604837f,-4.441410278607958f,0f,0f,0f,1f], start_interpolation: 0, interpolation_duration: 1 }
$data merge entity $(bone_tail2) { transformation: [-1.2140533207579614f,-0.0017850165664004226f,-0.04792047509454679f,-0.010193820511886142f,0.012315415694726155f,1.1696395405568507f,-0.3551427633057836f,-1.298428174028348f,0.05301539147599346f,-0.33108424107752266f,-1.3287557575000994f,-3.6939851650141526f,0f,0f,0f,1f], start_interpolation: 0, interpolation_duration: 1 }
$data merge entity $(bone_tail1) { transformation: [-1.3498732343127342f,-0.0005080774327386886f,-0.018493853066787684f,0.0002089718381819308f,0.004440216465417422f,1.3100288080721953f,-0.3586955101478371f,-1.0966619495701897f,0.02058568370969265f,-0.32684445914329974f,-1.487041101380234f,-2.857524545487771f,0f,0f,0f,1f], start_interpolation: 0, interpolation_duration: 1 }
$data merge entity $(bone_tail0) { transformation: [-1.499999955460673f,0.00007591247492305416f,0.0004052443678443545f,2.4492935982947064e-16f,0f,1.4672973571439227f,-0.3530446405052605f,-0.53125f,-0.0003655379307967972f,-0.3115099676667765f,-1.6629369553857156f,-2f,0f,0f,0f,1f], start_interpolation: 0, interpolation_duration: 1 }