# This file was generated by Animated Java via MC-Build. It is not recommended to edit this file directly.
$data merge entity $(bone_leftwing20) { transformation: [-0.4311253363925637f,-2.134208416225765f,-2.002753477476103f,1.2294229656169966f,-0.43864106194354646f,2.0486179062117653f,-2.0886586136170444f,0.3189458321481859f,2.893693327602037f,-0.007431121769112665f,-0.6149957848081695f,2.4579017833909247f,0f,0f,0f,1f], start_interpolation: 0, interpolation_duration: 1 }
$data merge entity $(bone_leftwing21) { transformation: [-0.25491962723344375f,-2.1340938903938516f,-2.032598365667486f,1.2294229656169966f,-0.254919627233443f,2.0485079733353895f,-2.1188270180247937f,0.3189458321481859f,2.9361247985706718f,-0.007430723000465617f,-0.3604342062753839f,2.4579017833909247f,0f,0f,0f,1f], start_interpolation: 0, interpolation_duration: 1 }
$data merge entity $(bone_leftwing22) { transformation: [-0.07694525181286886f,-2.138214716193575f,-2.0510342338735166f,1.2294229656169966f,-0.06941541786890662f,2.0524635371207776f,-2.137100629684104f,0.3189458321481859f,2.9620744590286687f,-0.0074450713453012175f,-0.10336170919215748f,2.4579017833909247f,0f,0f,0f,1f], start_interpolation: 0, interpolation_duration: 1 }
$data merge entity $(bone_leftwing23) { transformation: [0.10048021419561168f,-2.1041491427577963f,-2.0172765194765137f,1.2294229656169966f,0.11524356113178623f,2.0197641328848386f,-2.1010036205523455f,0.3189458321481859f,2.9126563636339444f,-0.007326458082223753f,0.1527209050493779f,2.4579017833909247f,0f,0f,0f,1f], start_interpolation: 0, interpolation_duration: 1 }
$data merge entity $(bone_leftwing1) { transformation: [-0.2607448980807104f,-1.4428451264624889f,1.3602242606159927f,0.838305618495931f,-0.2787601424348368f,1.3849811196924608f,1.4156694815828754f,-0.09919438150406934f,-1.9632383658421588f,-0.0050238569706677165f,-0.38166723693100607f,-0.48695576537231355f,0f,0f,0f,1f], start_interpolation: 0, interpolation_duration: 1 }
$data merge entity $(bone_leftwing) { transformation: [-0.1005370789972874f,-0.8416596571031185f,-0.8016311049746417f,0.6874999999999999f,-0.10053707899728712f,0.8079056531539356f,-0.8356385956020206f,-0.25f,1.157970510248209f,-0.0029305832328895016f,-0.14215069535014127f,1.25f,0f,0f,0f,1f], start_interpolation: 0, interpolation_duration: 1 }
$data merge entity $(bone_rightwing20) { transformation: [-0.43112533639256284f,2.134208416225765f,2.002753477476103f,-1.229422965616997f,0.43864106194354646f,2.0486179062117653f,-2.0886586136170444f,0.3189458321481859f,-2.893693327602037f,-0.007431121769112141f,-0.6149957848081692f,2.4579017833909247f,0f,0f,0f,1f], start_interpolation: 0, interpolation_duration: 1 }
$data merge entity $(bone_rightwing21) { transformation: [-0.2549333074574065f,2.134208416225765f,2.0327074447571274f,-1.229422965616997f,0.2549333074574066f,2.0486179062117653f,-2.118940724562267f,0.3189458321481859f,-2.936282365272245f,-0.007431121769112141f,-0.36045354892357234f,2.4579017833909247f,0f,0f,0f,1f], start_interpolation: 0, interpolation_duration: 1 }
$data merge entity $(bone_rightwing22) { transformation: [-0.07680108211955967f,2.134208416225765f,2.047191281001237f,-1.229422965616997f,0.06928535656857622f,2.0486179062117653f,-2.133096417142179f,0.3189458321481859f,-2.9565245211669633f,-0.007431121769112141f,-0.10316804388386355f,2.4579017833909247f,0f,0f,0f,1f], start_interpolation: 0, interpolation_duration: 1 }
$data merge entity $(bone_rightwing23) { transformation: [0.10048021419561244f,2.1041491427577963f,2.0172765194765137f,-1.229422965616997f,-0.11524356113178623f,2.0197641328848386f,-2.1010036205523455f,0.3189458321481859f,-2.9126563636339444f,-0.007326458082223237f,0.15272090504937832f,2.4579017833909247f,0f,0f,0f,1f], start_interpolation: 0, interpolation_duration: 1 }
$data merge entity $(bone_rightwing1) { transformation: [-0.2607448980807109f,1.4428451264624889f,-1.3602242606159924f,-0.8383056184959308f,0.2787601424348368f,1.3849811196924608f,1.4156694815828754f,-0.09919438150406934f,1.9632383658421588f,-0.005023856970667363f,-0.38166723693100635f,-0.48695576537231355f,0f,0f,0f,1f], start_interpolation: 0, interpolation_duration: 1 }
$data merge entity $(bone_rightwing) { transformation: [-0.1005370789972871f,0.8416596571031185f,0.8016311049746417f,-0.6875000000000001f,0.10053707899728712f,0.8079056531539356f,-0.8356385956020206f,-0.25f,-1.157970510248209f,-0.002930583232889295f,-0.14215069535014108f,1.25f,0f,0f,0f,1f], start_interpolation: 0, interpolation_duration: 1 }
$data merge entity $(bone_head) { transformation: [-1.2269070000000002f,1.6930497786820675e-18f,1.5024323408626817e-16f,-4.101284671914609e-16f,0f,1.2268291085305036f,-0.013824800586265333f,-0.1520680091502992f,-1.5025277304014817e-16f,-0.013824800586265333f,-1.2268291085305036f,3.3489530816314415f,0f,0f,0f,1f], start_interpolation: 0, interpolation_duration: 1 }
$data merge entity $(bone_neck4) { transformation: [-1.0497600000000002f,6.162977551329575e-17f,1.128231556400758e-16f,-4.011510894791657e-16f,0f,0.9212709796704462f,-0.5032453075956658f,-0.15473112276032686f,-1.2855852238729257e-16f,-0.5032453075956658f,-0.9212709796704462f,3.275647229539674f,0f,0f,0f,1f], start_interpolation: 0, interpolation_duration: 1 }
$data merge entity $(bone_neck3) { transformation: [-1.1664000000000003f,8.72418555096357e-17f,1.1310581292254791e-16f,-3.51667296325551e-16f,0f,0.9235790515379343f,-0.7123838119723732f,-0.46639904049824016f,-1.428428026525473e-16f,-0.7123838119723732f,-0.9235790515379343f,2.871581394491828f,0f,0f,0f,1f], start_interpolation: 0, interpolation_duration: 1 }
$data merge entity $(bone_neck2) { transformation: [-1.2960000000000003f,1.0051901148373052e-16f,1.2282562274007583e-16f,-3.20960890640532e-16f,0f,1.0029473218367275f,-0.8208000180436985f,-0.6715990450091648f,-1.58714225169497e-16f,-0.8208000180436985f,-1.0029473218367275f,2.6208445640326463f,0f,0f,0f,1f], start_interpolation: 0, interpolation_duration: 1 }
$data merge entity $(bone_neck1) { transformation: [-1.4400000000000002f,8.481328048174719e-17f,1.54614767429249e-16f,-2.823071987832198e-16f,0f,1.2625253872128508f,-0.6925529919385531f,-0.8447372929938031f,-1.7634913907721887e-16f,-0.6925529919385531f,-1.2625253872128508f,2.3052132172294337f,0f,0f,0f,1f], start_interpolation: 0, interpolation_duration: 1 }
$data merge entity $(bone_neck0) { transformation: [-1.6f,4.3607524146596465e-17f,1.9102940683032955e-16f,-2.372753173347997e-16f,0f,1.5598734832225232f,-0.35608245721915677f,-1.03125f,-1.9594348786357652e-16f,-0.35608245721915677f,-1.5598734832225232f,1.9375f,0f,0f,0f,1f], start_interpolation: 0, interpolation_duration: 1 }
$data merge entity $(bone_frontlegl) { transformation: [-0.9659258262890683f,-0.19889309641742975f,0.16561652787468922f,0.4360512686023405f,-6.938893903907228e-18f,0.6398931261379426f,0.7684639140007884f,-0.8146233720349336f,-0.25881904510252085f,0.7422791411045431f,-0.6180892966014873f,1.4429062988527068f,0f,0f,0f,1f], start_interpolation: 0, interpolation_duration: 1 }
$data merge entity $(bone_frontlegtipleft) { transformation: [-0.9659258262890683f,0.17803747566265984f,0.1878562092863808f,0.9463428430855799f,-6.938893903907228e-18f,0.7258206567139179f,-0.6878839831594981f,-1.3765543770365314f,-0.25881904510252085f,-0.6644449048243539f,-0.7010889175740653f,0.5043980424960076f,0f,0f,0f,1f], start_interpolation: 0, interpolation_duration: 1 }
$data merge entity $(bone_frontfootleftd) { transformation: [-0.9659258262890681f,-0.02436294534255591f,0.2576698371987226f,0.6208336643193475f,1.0459973407431836e-16f,0.9955598016237837f,0.09413119244337531f,-2.827010613842937f,-0.25881904510252063f,0.09092374984044266f,-0.9616369240036344f,1.6783368550130535f,0f,0f,0f,1f], start_interpolation: 0, interpolation_duration: 1 }
$data merge entity $(bone_frontfootleft) { transformation: [0.9659258262890681f,0.16711245511552583f,0.19763786442137546f,0.7078816760710005f,-1.1083981414739942e-17f,-0.7636140699888958f,0.6456729451626365f,-2.4893513609374898f,0.2588190451025207f,-0.6236721730687161f,-0.7375945515199827f,1.3943472334265856f,0f,0f,0f,1f], start_interpolation: 0, interpolation_duration: 1 }
$data merge entity $(bone_frontlegr) { transformation: [-0.9659258262890683f,0.1482445999087443f,-0.21215757517863204f,-0.8748712367165064f,-1.3877787807814457e-17f,0.8197139244316214f,0.5727731506389854f,-0.8806493520073646f,0.2588190451025206f,0.553256378807155f,-0.7917828497772689f,1.5629801520491733f,0f,0f,0f,1f], start_interpolation: 0, interpolation_duration: 1 }
$data merge entity $(bone_frontlegtipright) { transformation: [-0.9659258262890683f,-0.24881616081743205f,-0.0712587975190038f,-0.8563227138622905f,-1.3877787807814457e-17f,0.2753228514956371f,-0.9613518229266076f,-1.7235900776595838f,0.2588190451025206f,-0.9285945539148854f,-0.26594145282718556f,0.6662783554573901f,0f,0f,0f,1f], start_interpolation: 0, interpolation_duration: 1 }
$data merge entity $(bone_frontfootrightd) { transformation: [-0.9659258262890681f,0.11014512929522303f,-0.23421218713021588f,-0.4237287700313182f,1.7426424105555431e-16f,0.9049264015228949f,0.4255681001048179f,-2.4126793169086085f,0.2588190451025207f,0.411067218736015f,-0.8740917821217955f,2.3216189138497305f,0f,0f,0f,1f], start_interpolation: 0, interpolation_duration: 1 }
$data merge entity $(bone_frontfootright) { transformation: [0.9659258262890681f,-0.10915165502432018f,-0.2346768295193039f,-0.5147401858224729f,-6.322286541373311e-17f,-0.9067216418573301f,0.4217296102807433f,-2.1649067460739992f,-0.25881904510252063f,-0.40735952228099365f,-0.8758258511252222f,1.941081705079811f,0f,0f,0f,1f], start_interpolation: 0, interpolation_duration: 1 }
$data merge entity $(bone_rearlegl) { transformation: [-1.0464196451464907f,-0.08870020390663885f,-0.26598742675082276f,-0.027449117490645936f,-7.517135062566164e-18f,1.0276964998671665f,-0.3427112710021161f,-0.5761629763387159f,0.280387298861064f,-0.3310336676212958f,-0.9926785908085761f,-1.5037021279074725f,0f,0f,0f,1f], start_interpolation: 0, interpolation_duration: 1 }
$data merge entity $(bone_rearfootleftd) { transformation: [-0.9659258262890683f,0.20871266283207351f,-0.15305659894733645f,0.6596067524148717f,-6.938893903907228e-18f,0.5913652872288024f,0.8064038052122497f,-2.6071568225961865f,0.25881904510252063f,0.7789262618722912f,-0.5712150037051531f,-1.5958707360765856f,0f,0f,0f,1f], start_interpolation: 0, interpolation_duration: 1 }
$data merge entity $(bone_rearfootleft) { transformation: [-0.9659258262890683f,0.2302313986138406f,-0.11824043809160821f,0.6070953760536211f,-6.938893903907228e-18f,0.4568459714576727f,0.8895458157750479f,-1.9384883278186322f,0.25881904510252063f,0.8592352771244964f,-0.4412793224670845f,-1.7918458606321441f,0f,0f,0f,1f], start_interpolation: 0, interpolation_duration: 1 }
$data merge entity $(bone_rearlegtipleft) { transformation: [-0.9659258262890683f,0.25816873203959295f,0.018335863897003406f,0.8037477524565846f,-6.938893903907228e-18f,-0.07084433794174766f,0.9974873832693802f,-2.071675627214716f,0.25881904510252063f,0.9634988248973966f,0.06843037566428463f,-0.8164477438948577f,0f,0f,0f,1f], start_interpolation: 0, interpolation_duration: 1 }
$data merge entity $(bone_rearlegr) { transformation: [-1.0464196451464907f,0.0628055708118077f,0.27326268980160234f,-1.299449505350295f,0f,1.0558059577623442f,-0.2426620915278077f,-0.5581495699104954f,-0.2803872988610642f,-0.2343935812680312f,-1.0198302421525134f,-1.8806980568271814f,0f,0f,0f,1f], start_interpolation: 0, interpolation_duration: 1 }
$data merge entity $(bone_rearfootrightd) { transformation: [-0.9659258262890683f,0.08189832142502666f,0.24551978139356456f,-0.661408263399085f,0f,0.9486155908515608f,-0.3164308151766262f,-2.965627669184892f,-0.25881904510252085f,-0.30564869661280625f,-0.9162922984239866f,-1.605604366818506f,0f,0f,0f,1f], start_interpolation: 0, interpolation_duration: 1 }
$data merge entity $(bone_rearfootright) { transformation: [-0.9659258262890683f,-0.20270225120058266f,0.16093195911936387f,-0.5761053229045952f,0f,0.6217933423547601f,0.7831813579263082f,-2.34946631781621f,-0.25881904510252085f,0.7564951002891638f,-0.6006062479950633f,-1.9239592747789667f,0f,0f,0f,1f], start_interpolation: 0, interpolation_duration: 1 }
$data merge entity $(bone_rearlegtipright) { transformation: [-0.9659258262890683f,-0.239572605346306f,0.09794010861421289f,-0.8821695491823562f,0f,0.3784115213600986f,0.9256374671014218f,-2.02890713814995f,-0.25881904510252085f,0.8940971352540611f,-0.3655174614470567f,-1.023193488503372f,0f,0f,0f,1f], start_interpolation: 0, interpolation_duration: 1 }
$data merge entity $(bone_tail11) { transformation: [-0.29064111406645654f,0.015617088437656666f,0.039558517126308805f,-0.5219598441077941f,0.03848882644075009f,0.21557275156631708f,0.1986546358824392f,-2.0752226520547277f,-0.018972444347337934f,0.23842048005091582f,-0.22908284381096844f,-7.958221402686098f,0f,0f,0f,1f], start_interpolation: 0, interpolation_duration: 1 }
$data merge entity $(bone_tail10) { transformation: [-0.39011712180980623f,0.03204759764898994f,0.013041282446055007f,-0.5292955654837f,0.03430518896750212f,0.3392054845532194f,0.1979146237677517f,-2.186549627924088f,0.0067222867311035744f,0.24187661640547492f,-0.36938180671193693f,-7.750444136410633f,0f,0f,0f,1f], start_interpolation: 0, interpolation_duration: 1 }
$data merge entity $(bone_tail9) { transformation: [-0.4865342130633727f,0.042694208726400396f,-0.033633068049180107f,-0.5103769647060362f,0.03059815954796606f,0.4686717996043613f,0.14911259928772452f,-2.270425465023433f,0.05139143736947599f,0.1911536881553515f,-0.5152618963040829f,-7.460609319739587f,0f,0f,0f,1f], start_interpolation: 0, interpolation_duration: 1 }
$data merge entity $(bone_tail8) { transformation: [-0.5679240626888895f,0.04004434639383478f,-0.08707024332990188f,-0.4613999528329664f,0.032859846938804484f,0.576705277655534f,0.049192803415913366f,-2.298096416944884f,0.10214767525540587f,0.0828130897391125f,-0.6359278449660574f,-7.102899906946179f,0f,0f,0f,1f], start_interpolation: 0, interpolation_duration: 1 }
$data merge entity $(bone_tail7) { transformation: [-0.6637325686172739f,0.02287256113862784f,-0.13441516288456032f,-0.38579142371040126f,0.04209936425200026f,0.6741167360026562f,-0.09470433783057328f,-2.2448252269151867f,0.14715984650948535f,-0.07328543494272176f,-0.7460804470379317f,-6.6832296554873425f,0f,0f,0f,1f], start_interpolation: 0, interpolation_duration: 1 }
$data merge entity $(bone_tail6) { transformation: [-0.7807835780910155f,0.001982881717682442f,-0.16077690916954107f,-0.2953544123025344f,0.04964242624794933f,0.766093549430521f,-0.23340230880269572f,-2.11353642821367f,0.1735452638949759f,-0.22170411934663936f,-0.8535614345570285f,-6.203101348549014f,0f,0f,0f,1f], start_interpolation: 0, interpolation_duration: 1 }
$data merge entity $(bone_tail5) { transformation: [-0.8710815887374334f,-0.012947239169255791f,-0.1599615012119415f,-0.2053760678708173f,0.04821745479035423f,0.8261688877172532f,-0.33163934745990836f,-1.9269892952674716f,0.17341577644860834f,-0.32584262769428285f,-0.9279462079902799f,-5.681131606554481f,0f,0f,0f,1f], start_interpolation: 0, interpolation_duration: 1 }
$data merge entity $(bone_tail4) { transformation: [-0.9740260989800131f,-0.010469262081027598f,-0.14046187077977293f,-0.12636626555719502f,0.04007539830146565f,0.9258556829390441f,-0.34999935870598325f,-1.730114655995356f,0.15238560604893586f,-0.3392596423755293f,-1.0454443484301235f,-5.0930691605625364f,0f,0f,0f,1f], start_interpolation: 0, interpolation_duration: 1 }
$data merge entity $(bone_tail3) { transformation: [-1.0886784797688043f,-0.007767171607389278f,-0.10236851524457902f,-0.06878397573211932f,0.02643015159206605f,1.038036245098219f,-0.3650772234273704f,-1.5247587178174602f,0.11097454083098061f,-0.3480968788415597f,-1.1775408918300956f,-4.4307024089081075f,0f,0f,0f,1f], start_interpolation: 0, interpolation_duration: 1 }
$data merge entity $(bone_tail2) { transformation: [-1.2128703467208108f,-0.005451634764175449f,-0.07185611116137361f,-0.028364913203846664f,0.01638376482869607f,1.164247820179305f,-0.3740809847240701f,-1.3143381639101708f,0.07742942071401246f,-0.35009946605681685f,-1.3221529987156446f,-3.6869913471305575f,0f,0f,0f,1f], start_interpolation: 0, interpolation_duration: 1 }
$data merge entity $(bone_tail1) { transformation: [-1.3494404932146014f,-0.00354804902015047f,-0.03905820206638931f,-0.0063946745415026755f,0.0068209891984670834f,1.3060190615824432f,-0.37521158217893336f,-1.1032816489345207f,0.04106375799420557f,-0.34269105820193607f,-1.4824752218396455f,-2.8530990348457568f,0f,0f,0f,1f], start_interpolation: 0, interpolation_duration: 1 }
$data merge entity $(bone_tail0) { transformation: [-1.4999578613174946f,-0.0024200052897964336f,-0.012443868202581384f,2.4492935982947064e-16f,0f,1.464842546834246f,-0.36590402173503855f,-0.53125f,0.01124341015205623f,-0.32284741993479915f,-1.6601082485857004f,-2f,0f,0f,0f,1f], start_interpolation: 0, interpolation_duration: 1 }