# This file was generated by Animated Java via MC-Build. It is not recommended to edit this file directly.
$data merge entity $(bone_leftwing20) { transformation: [-0.42919592013325975f,-2.155076308189279f,-1.980700148718464f,1.222485730122621f,-0.4404742028380299f,2.0266370826966624f,-2.1096115099193202f,0.32553690860360635f,2.893701686402087f,-0.011151324187810372f,-0.6149002432864146f,2.457871729241586f,0f,0f,0f,1f], start_interpolation: 0, interpolation_duration: 1 }
$data merge entity $(bone_leftwing21) { transformation: [-0.2549196272334435f,-2.154960662545135f,-2.0104619847223018f,1.222485730122621f,-0.25491962723344314f,2.026528329354619f,-2.1398588223183506f,0.32553690860360635f,2.936124798570672f,-0.011150725785765927f,-0.36033830494706787f,2.457871729241586f,0f,0f,0f,1f], start_interpolation: 0, interpolation_duration: 1 }
$data merge entity $(bone_leftwing22) { transformation: [-0.0788782899397643f,-2.1591217810111867f,-2.0289395069798664f,1.222485730122621f,-0.06757883583331882f,2.030441451575279f,-2.1580928584091854f,0.32553690860360635f,2.962066084537622f,-0.011172257265102643f,-0.10326598832147264f,2.457871729241586f,0f,0f,0f,1f], start_interpolation: 0, interpolation_duration: 1 }
$data merge entity $(bone_leftwing23) { transformation: [0.09669020863631277f,-2.1247231207499935f,-1.9957823298518105f,1.222485730122621f,0.11884445033730068f,1.998092898433329f,-2.121425278038038f,0.32553690860360635f,2.912639944212524f,-0.010994263283756705f,0.15281402421556828f,2.457871729241586f,0f,0f,0f,1f], start_interpolation: 0, interpolation_duration: 1 }
$data merge entity $(bone_leftwing1) { transformation: [-0.25612007441779355f,-1.4569529970857098f,1.3459905169662945f,0.8383056184959308f,-0.28315419340511705f,1.370120844639997f,1.429192979915616f,-0.09919438150406923f,-1.9632183297425998f,-0.007538923394576026f,-0.3817289017047692f,-0.48695576537231355f,0f,0f,0f,1f], start_interpolation: 0, interpolation_duration: 1 }
$data merge entity $(bone_leftwing) { transformation: [-0.10053707899728725f,-0.8498892482999975f,-0.7929007961163047f,0.6874999999999999f,-0.10053707899728717f,0.7992371593733316f,-0.8439332733899357f,-0.25f,1.1579705102482092f,-0.004397705313502682f,-0.14211287307837078f,1.25f,0f,0f,0f,1f], start_interpolation: 0, interpolation_duration: 1 }
$data merge entity $(bone_rightwing20) { transformation: [-0.4291959201332589f,2.155076308189279f,1.980700148718464f,-1.2224857301226217f,0.4404742028380299f,2.0266370826966624f,-2.1096115099193202f,0.32553690860360635f,-2.8937016864020864f,-0.011151324187809843f,-0.6149002432864141f,2.4578717292415857f,0f,0f,0f,1f], start_interpolation: 0, interpolation_duration: 1 }
$data merge entity $(bone_rightwing21) { transformation: [-0.2549333074574062f,2.155076308189279f,2.0105698758663446f,-1.2224857301226217f,0.25493330745740667f,2.0266370826966624f,-2.13997365752448f,0.32553690860360635f,-2.936282365272245f,-0.011151324187809843f,-0.3603576424487256f,2.4578717292415857f,0f,0f,0f,1f], start_interpolation: 0, interpolation_duration: 1 }
$data merge entity $(bone_rightwing22) { transformation: [-0.07873049837886299f,2.155076308189279f,2.0251379522435986f,-1.2224857301226217f,0.06745221567409287f,2.0266370826966624f,-2.154049313444455f,0.32553690860360635f,-2.9565161623669143f,-0.011151324187809843f,-0.10307250236210856f,2.4578717292415857f,0f,0f,0f,1f], start_interpolation: 0, interpolation_duration: 1 }
$data merge entity $(bone_rightwing23) { transformation: [0.09669020863631354f,2.1247231207499935f,1.99578232985181f,-1.2224857301226217f,-0.11884445033730068f,1.998092898433329f,-2.121425278038038f,0.32553690860360635f,-2.912639944212524f,-0.010994263283756182f,0.15281402421556878f,2.4578717292415857f,0f,0f,0f,1f], start_interpolation: 0, interpolation_duration: 1 }
$data merge entity $(bone_rightwing1) { transformation: [-0.25612007441779405f,1.4569529970857098f,-1.3459905169662942f,-0.8383056184959305f,0.28315419340511705f,1.370120844639997f,1.429192979915616f,-0.09919438150406923f,1.9632183297425996f,-0.0075389233945756685f,-0.3817289017047695f,-0.48695576537231355f,0f,0f,0f,1f], start_interpolation: 0, interpolation_duration: 1 }
$data merge entity $(bone_rightwing) { transformation: [-0.10053707899728696f,0.8498892482999975f,0.7929007961163047f,-0.6875000000000001f,0.10053707899728717f,0.7992371593733316f,-0.8439332733899357f,-0.25f,-1.1579705102482092f,-0.004397705313502473f,-0.1421128730783706f,1.25f,0f,0f,0f,1f], start_interpolation: 0, interpolation_duration: 1 }
$data merge entity $(bone_head) { transformation: [-1.2269070000000002f,1.0847003592666959e-18f,1.5024885767081517e-16f,-4.098623726579792e-16f,0f,1.2268750285831334f,-0.008857250596840845f,-0.14786852549684001f,-1.5025277304014817e-16f,-0.008857250596840845f,-1.2268750285831334f,3.346780254873008f,0f,0f,0f,1f], start_interpolation: 0, interpolation_duration: 1 }
$data merge entity $(bone_neck4) { transformation: [-1.0497600000000002f,6.11724488459467e-17f,1.1307177004272121e-16f,-4.008837480038733e-16f,0f,0.923301070328573f,-0.49951095196212786f,-0.1502348015467051f,-1.2855852238729257e-16f,-0.49951095196212786f,-0.923301070328573f,3.2734642207286555f,0f,0f,0f,1f], start_interpolation: 0, interpolation_duration: 1 }
$data merge entity $(bone_neck3) { transformation: [-1.1664000000000003f,8.675848097518344e-17f,1.1347701198266235e-16f,-3.5123755526145854e-16f,0f,0.926610121887139f,-0.7084367593626839f,-0.4601758837678793f,-1.428428026525473e-16f,-0.7084367593626839f,-0.926610121887139f,2.868072292403032f,0f,0f,0f,1f], start_interpolation: 0, interpolation_duration: 1 }
$data merge entity $(bone_neck2) { transformation: [-1.2960000000000003f,1.0084298966646605e-16f,1.225597678942107e-16f,-3.2059761328790585e-16f,0f,1.0007764522762124f,-0.8234455006674323f,-0.6660372589347374f,-1.58714225169497e-16f,-0.8234455006674323f,-1.0007764522762124f,2.617878179333979f,0f,0f,0f,1f], start_interpolation: 0, interpolation_duration: 1 }
$data merge entity $(bone_neck1) { transformation: [-1.4400000000000002f,8.61881332384928e-17f,1.5385260654971072e-16f,-2.8213446165047815e-16f,0f,1.2563018713381597f,-0.7037795166614598f,-0.8419821381001024f,-1.7634913907721887e-16f,-0.7037795166614598f,-1.2563018713381597f,2.303802711499439f,0f,0f,0f,1f], start_interpolation: 0, interpolation_duration: 1 }
$data merge entity $(bone_neck0) { transformation: [-1.6f,4.5040346529120676e-17f,1.9069666389499392e-16f,-2.372753173347997e-16f,0f,1.5571564309624977f,-0.367782339858966f,-1.03125f,-1.9594348786357652e-16f,-0.367782339858966f,-1.5571564309624977f,1.9375f,0f,0f,0f,1f], start_interpolation: 0, interpolation_duration: 1 }
$data merge entity $(bone_frontlegl) { transformation: [-0.9659258262890683f,-0.20427072873479596f,0.15893636301971958f,0.4355372738889055f,0f,0.6140829511088077f,0.7892414897593116f,-0.8155214507345027f,-0.25881904510252074f,0.7623487381373782f,-0.5931585819598046f,1.444824553238068f,0f,0f,0f,1f], start_interpolation: 0, interpolation_duration: 1 }
$data merge entity $(bone_frontlegtipleft) { transformation: [-0.9659258262890683f,0.17585176087029428f,0.1899038080360621f,0.9515898262796597f,0f,0.7337319707706956f,-0.6794390296921065f,-1.3433836053169432f,-0.25881904510252074f,-0.6562877061683907f,-0.7087306601413905f,0.48481603462924194f,0f,0f,0f,1f], start_interpolation: 0, interpolation_duration: 1 }
$data merge entity $(bone_frontfootleftd) { transformation: [-0.9659258262890683f,-0.01934720545282151f,0.2580949122879932f,0.6323668403299291f,1.0746477714433187e-16f,0.9972021656511386f,0.0747518616536042f,-2.8140756684472152f,-0.2588190451025206f,0.07220475373440394f,-0.9632233258338241f,1.635294456168929f,0f,0f,0f,1f], start_interpolation: 0, interpolation_duration: 1 }
$data merge entity $(bone_frontfootleft) { transformation: [0.9659258262890683f,0.1735683875680964f,0.19199300233287594f,0.7164773933265706f,-1.6619988008929513e-17f,-0.741803997680409f,0.6706167527174994f,-2.466767487861806f,0.25881904510252063f,-0.6477660409919423f,-0.7165276394039832f,1.3622675799013018f,0f,0f,0f,1f], start_interpolation: 0, interpolation_duration: 1 }
$data merge entity $(bone_frontlegr) { transformation: [-0.9659258262890683f,0.14371091549788134f,-0.21525443288011847f,-0.8748383659878138f,0f,0.8316792637684532f,0.5552563391961982f,-0.881323801069598f,0.25881904510252063f,0.536336438240331f,-0.8033404800630273f,1.5631028272787355f,0f,0f,0f,1f], start_interpolation: 0, interpolation_duration: 1 }
$data merge entity $(bone_frontlegtipright) { transformation: [-0.9659258262890683f,-0.2501421359609411f,-0.06645457038216919f,-0.8515803435562928f,0f,0.2567607432283274f,-0.9664749974711383f,-1.7421336501567044f,0.25881904510252063f,-0.9335431605200346f,-0.2480118330614175f,0.68397712238768f,0f,0f,0f,1f], start_interpolation: 0, interpolation_duration: 1 }
$data merge entity $(bone_frontfootrightd) { transformation: [-0.9659258262890681f,0.11130038392306481f,-0.23366540746622955f,-0.415512848599095f,1.9103038814378933e-16f,0.9028138071279583f,0.4300316612287072f,-2.3973761115760963f,0.25881904510252074f,0.41537868770279934f,-0.8720511726352529f,2.3522811500657816f,0f,0f,0f,1f], start_interpolation: 0, interpolation_duration: 1 }
$data merge entity $(bone_frontfootright) { transformation: [0.9659258262890683f,-0.10414908377043486f,-0.23693937295763998f,-0.5078617884686834f,-7.891845118427515e-17f,-0.9154634384180886f,0.40240115919282665f,-2.1579559376121313f,-0.25881904510252074f,-0.3886896721930098f,-0.8842697781914239f,1.9667522334788012f,0f,0f,0f,1f], start_interpolation: 0, interpolation_duration: 1 }
$data merge entity $(bone_rearlegl) { transformation: [-1.0464196451464907f,-0.09609844963396712f,-0.2634048696219406f,-0.028233670520341092f,-1.5034270125132327e-17f,1.0177182653525494f,-0.37129589747115266f,-0.5819293390315936f,0.280387298861064f,-0.3586442965625643f,-0.9830403563901386f,-1.5066301196755267f,0f,0f,0f,1f], start_interpolation: 0, interpolation_duration: 1 }
$data merge entity $(bone_rearfootleftd) { transformation: [-0.9659258262890683f,0.1991118037241176f,-0.1653535234747331f,0.670998672464579f,-1.3877787807814457e-17f,0.6388769551685619f,0.7693089341445004f,-2.583113299438801f,0.25881904510252063f,0.7430953678850891f,-0.6171077508182372f,-1.553355511655315f,0f,0f,0f,1f], start_interpolation: 0, interpolation_duration: 1 }
$data merge entity $(bone_rearfootleft) { transformation: [-0.9659258262890683f,0.22941377688070896f,-0.11981910150351205f,0.6172997622910031f,-1.3877787807814457e-17f,0.4629454584999747f,0.8863867679823793f,-1.9158542141384185f,0.25881904510252063f,0.8561838712750764f,-0.44717097452835963f,-1.7537625727341777f,0f,0f,0f,1f], start_interpolation: 0, interpolation_duration: 1 }
$data merge entity $(bone_rearlegtipleft) { transformation: [-0.9659258262890683f,0.2579612130321838f,0.02105494428263657f,0.8135746771624554f,-1.3877787807814457e-17f,-0.081350057814704f,0.9966855913945702f,-2.059497121415283f,0.25881904510252063f,0.9627243534182091f,0.07857812181333153f,-0.7797731616103943f,0f,0f,0f,1f], start_interpolation: 0, interpolation_duration: 1 }
$data merge entity $(bone_rearlegr) { transformation: [-1.0464196451464907f,0.056994936652064974f,0.27453344888852954f,-1.300172788005598f,0f,1.060715793846562f,-0.22021152511975578f,-0.5533949396172027f,-0.2803872988610642f,-0.21270799935967602f,-1.0245727796291053f,-1.8779987292093572f,0f,0f,0f,1f], start_interpolation: 0, interpolation_duration: 1 }
$data merge entity $(bone_rearfootrightd) { transformation: [-0.9659258262890683f,0.03655797437828395f,0.25622414526569787f,-0.6499381642056548f,0f,0.9899740769239177f,-0.14124916643519403f,-2.966045823471657f,-0.25881904510252085f,-0.136436217801557f,-0.9562415282574928f,-1.648411359776242f,0f,0f,0f,1f], start_interpolation: 0, interpolation_duration: 1 }
$data merge entity $(bone_rearfootright) { transformation: [-0.9659258262890683f,-0.20543693031573615f,0.15742606445639196f,-0.5673873611813524f,0f,0.6082476055579059f,0.7937473466620686f,-2.3443135719467465f,-0.25881904510252085f,0.766701061689314f,-0.5875220709868676f,-1.956495150868549f,0f,0f,0f,1f], start_interpolation: 0, interpolation_duration: 1 }
$data merge entity $(bone_rearlegtipright) { transformation: [-0.9659258262890683f,-0.24101287677753866f,0.09434029539489305f,-0.8746668705641386f,0f,0.36450291112666733f,0.9312022485905974f,-2.0380108013569918f,-0.25881904510252085f,0.8994723014121111f,-0.35208277561479695f,-1.051193866299421f,0f,0f,0f,1f], start_interpolation: 0, interpolation_duration: 1 }
$data merge entity $(bone_tail11) { transformation: [-0.29037552955016366f,0.009076371253527738f,0.043385941766173705f,-0.5265400396018349f,0.0359082357517781f,0.2185479300226607f,0.19596710104480186f,-2.130314006258792f,-0.028041795496735005f,0.23565232330496277f,-0.23092030732281968f,-7.948897221686956f,0f,0f,0f,1f], start_interpolation: 0, interpolation_duration: 1 }
$data merge entity $(bone_tail10) { transformation: [-0.39032871842229766f,0.024728876463819428f,0.020576324330316025f,-0.5381142220376377f,0.031595601530991946f,0.3424389417167514f,0.19290955373514446f,-2.238825630234811f,-0.005775969134375048f,0.2374119992760191f,-0.3721857954103728f,-7.739542711768621f,0f,0f,0f,1f], start_interpolation: 0, interpolation_duration: 1 }
$data merge entity $(bone_tail9) { transformation: [-0.4876734816766007f,0.03589865761850204f,-0.023663075656430735f,-0.5248037419808954f,0.02748049392783765f,0.4712757085035582f,0.14169170615931034f,-2.3185272149494227f,0.03726685639769477f,0.18467730479249864f,-0.5187177538329633f,-7.447763975237579f,0f,0f,0f,1f], start_interpolation: 0, interpolation_duration: 1 }
$data merge entity $(bone_tail8) { transformation: [-0.5696658486240574f,0.034888937053739966f,-0.0774106758720638f,-0.4812602368028595f,0.029561574105208065f,0.577730102115862f,0.03991004128827606f,-2.340976613174078f,0.08957988937649085f,0.07442219099374846f,-0.6387305834648023f,-7.088478022038627f,0f,0f,0f,1f], start_interpolation: 0, interpolation_duration: 1 }
$data merge entity $(bone_tail7) { transformation: [-0.665150249789589f,0.019549693667932053f,-0.12780142205763131f,-0.4093719368954419f,0.03951669543859449f,0.6728707884207079f,-0.10519368821976742f,-2.281805163550459f,0.1388706567824494f,-0.08340136688789167f,-0.7464619803536203f,-6.668593158089716f,0f,0f,0f,1f], start_interpolation: 0, interpolation_duration: 1 }
$data merge entity $(bone_tail6) { transformation: [-0.7812456819121771f,-0.0005593463809532729f,-0.1585657758002055f,-0.3201786880078263f,0.04851251662502064f,0.762901804156121f,-0.2444488359316796f,-2.144302693338889f,0.1704176973012781f,-0.23291879760554363f,-0.8510257473724749f,-6.189891175192699f,0f,0f,0f,1f], start_interpolation: 0, interpolation_duration: 1 }
$data merge entity $(bone_tail5) { transformation: [-0.8706641283200202f,-0.015364270208695822f,-0.16205335451462854f,-0.22902367609334773f,0.04860749099946155f,0.8219636937871141f,-0.34239243377673617f,-1.951706949339475f,0.17507688030022422f,-0.3370272156081978f,-0.9234291844088532f,-5.6704622589627185f,0f,0f,0f,1f], start_interpolation: 0, interpolation_duration: 1 }
$data merge entity $(bone_tail4) { transformation: [-0.973050181388985f,-0.012851879481114018f,-0.14694416317053396f,-0.14636758430992236f,0.04159875540621684f,0.9219480459954505f,-0.3606021532299017f,-1.7488682381476552f,0.15874190193353482f,-0.3503545570201658f,-1.0406096254447617f,-5.08511934465004f,0f,0f,0f,1f], start_interpolation: 0, interpolation_duration: 1 }
$data merge entity $(bone_tail3) { transformation: [-1.0877185562113245f,-0.009966365603114698f,-0.11203678166807762f,-0.08334689462162871f,0.028422580976431324f,1.0346031424282447f,-0.37527150579591667f,-1.5377780161374521f,0.12077537979445661f,-0.35863571807772465f,-1.1731663498600529f,-4.42521327285376f,0f,0f,0f,1f], start_interpolation: 0, interpolation_duration: 1 }
$data merge entity $(bone_tail2) { transformation: [-1.2121937077986351f,-0.0073665083323680635f,-0.08250901463893179f,-0.03693557388722958f,0.018210349236443043f,1.1614516278194404f,-0.38346373469823947f,-1.3220796653696925f,0.08823199493639836f,-0.3595397659795093f,-1.3186749967934397f,-3.68345858715745f,0f,0f,0f,1f], start_interpolation: 0, interpolation_duration: 1 }
$data merge entity $(bone_tail1) { transformation: [-1.3491366877762003f,-0.005125927864460851f,-0.04864542207195446f,-0.009572523971755197f,0.007942534532724541f,1.3039813735531494f,-0.38328860641720996f,-1.1064798242600118f,0.05058316464728978f,-0.3504486268288042f,-1.480075669228332f,-2.8509160232165134f,0f,0f,0f,1f], start_interpolation: 0, interpolation_duration: 1 }
$data merge entity $(bone_tail0) { transformation: [-1.499905092711482f,-0.00369362353668337f,-0.01865943085498006f,2.4492935982947064e-16f,0f,1.4636203830586754f,-0.37213285065838736f,-0.53125f,0.016873436465639814f,-0.3283317399222098f,-1.6586648145725615f,-2f,0f,0f,0f,1f], start_interpolation: 0, interpolation_duration: 1 }