# This file was generated by Animated Java via MC-Build. It is not recommended to edit this file directly.
$data merge entity $(bone_leftwing20) { transformation: [-0.42732093704451296f,-2.174947801035978f,-1.959268993947303f,1.2157442096384425f,-0.4422200970092188f,2.005273337604771f,-2.129567171611098f,0.3318142885911513f,2.8937128941337065f,-0.014731441589258898f,-0.6147721383278082f,2.457831431730239f,0f,0f,0f,1f], start_interpolation: 0, interpolation_duration: 1 }
$data merge entity $(bone_leftwing21) { transformation: [-0.25491962723344275f,-2.174831089048345f,-1.9889501208525306f,1.2157442096384425f,-0.25491962723344286f,2.005165730683415f,-2.159889636445194f,0.3318142885911513f,2.936124798570672f,-0.014730651071055305f,-0.36020971754895476f,2.457831431730239f,0f,0f,0f,1f], start_interpolation: 0, interpolation_duration: 1 }
$data merge entity $(bone_leftwing22) { transformation: [-0.080756792715074f,-2.1790305762884015f,-2.007468122007186f,1.2157442096384425f,-0.06582966429909938f,2.0090376028221786f,-2.178085980531812f,0.3318142885911513f,2.962054855767038f,-0.014759095202428142f,-0.10313764288640317f,2.457831431730239f,0f,0f,0f,1f], start_interpolation: 0, interpolation_duration: 1 }
$data merge entity $(bone_leftwing23) { transformation: [0.09300712765486455f,-2.144314733415753f,-1.9748945396415387f,1.2157442096384425f,0.12227395839853338f,1.9770300511596333f,-2.140874984755938f,0.3318142885911513f,2.9126179285562652f,-0.014523956496452434f,0.1529388812066561f,2.457831431730239f,0f,0f,0f,1f], start_interpolation: 0, interpolation_duration: 1 }
$data merge entity $(bone_leftwing1) { transformation: [-0.25162572742834144f,-1.470387245770802f,1.3321583392265028f,0.8383056184959303f,-0.28733911339681384f,1.3556777493666057f,1.4420728392784563f,-0.09919438150406945f,-1.963191464735035f,-0.00995928445471024f,-0.381811583696277f,-0.48695576537231355f,0f,0f,0f,1f], start_interpolation: 0, interpolation_duration: 1 }
$data merge entity $(bone_leftwing) { transformation: [-0.100537078997287f,-0.8577258933663012f,-0.7844167888991064f,0.6874999999999999f,-0.10053707899728705f,0.7908120204638533f,-0.8518331733078272f,-0.25f,1.1579705102482092f,-0.005809582598580974f,-0.14206215983379852f,1.25f,0f,0f,0f,1f], start_interpolation: 0, interpolation_duration: 1 }
$data merge entity $(bone_rightwing20) { transformation: [-0.42732093704451213f,2.174947801035978f,1.959268993947303f,-1.215744209638443f,0.4422200970092188f,2.005273337604771f,-2.129567171611098f,0.3318142885911513f,-2.8937128941337065f,-0.014731441589258364f,-0.6147721383278077f,2.457831431730239f,0f,0f,0f,1f], start_interpolation: 0, interpolation_duration: 1 }
$data merge entity $(bone_rightwing21) { transformation: [-0.2549333074574056f,2.174947801035978f,1.9890568575655914f,-1.215744209638443f,0.25493330745740644f,2.005273337604771f,-2.1600055466019907f,0.3318142885911513f,-2.9362823652722456f,-0.014731441589258364f,-0.3602290481499888f,2.457831431730239f,0f,0f,0f,1f], start_interpolation: 0, interpolation_duration: 1 }
$data merge entity $(bone_rightwing22) { transformation: [-0.08060548146760849f,2.174947801035978f,2.0037067974724376f,-1.215744209638443f,0.06570632150290352f,2.005273337604771f,-2.1740049751362327f,0.3318142885911513f,-2.956504954635295f,-0.014731441589258364f,-0.10294439740350216f,2.457831431730239f,0f,0f,0f,1f], start_interpolation: 0, interpolation_duration: 1 }
$data merge entity $(bone_rightwing23) { transformation: [0.09300712765486523f,2.144314733415753f,1.9748945396415387f,-1.215744209638443f,-0.12227395839853338f,1.9770300511596333f,-2.140874984755938f,0.3318142885911513f,-2.9126179285562652f,-0.014523956496451907f,0.1529388812066566f,2.457831431730239f,0f,0f,0f,1f], start_interpolation: 0, interpolation_duration: 1 }
$data merge entity $(bone_rightwing1) { transformation: [-0.2516257274283419f,1.470387245770802f,-1.3321583392265026f,-0.8383056184959301f,0.28733911339681384f,1.3556777493666057f,1.4420728392784563f,-0.09919438150406945f,1.963191464735035f,-0.00995928445470988f,-0.3818115836962773f,-0.48695576537231355f,0f,0f,0f,1f], start_interpolation: 0, interpolation_duration: 1 }
$data merge entity $(bone_rightwing) { transformation: [-0.10053707899728671f,0.8577258933663012f,0.7844167888991064f,-0.6875000000000001f,0.10053707899728705f,0.7908120204638533f,-0.8518331733078272f,-0.25f,-1.1579705102482092f,-0.005809582598580764f,-0.14206215983379833f,1.25f,0f,0f,0f,1f], start_interpolation: 0, interpolation_duration: 1 }
$data merge entity $(bone_head) { transformation: [-1.2269070000000002f,4.301272816507257e-19f,1.5025215737810842e-16f,-4.0970634789842546e-16f,0f,1.226901972737934f,-0.003512255794488571f,-0.14506590498608918f,-1.5025277304014817e-16f,-0.003512255794488571f,-1.226901972737934f,3.3455062160263593f,0f,0f,0f,1f], start_interpolation: 0, interpolation_duration: 1 }
$data merge entity $(bone_neck4) { transformation: [-1.0497600000000002f,6.067926843568652e-17f,1.1333719627957055e-16f,-4.007265459923371e-16f,0f,0.9254684400308753f,-0.49548382829999466f,-0.14711275550387398f,-1.2855852238729257e-16f,-0.49548382829999466f,-0.9254684400308753f,3.2721805688900547f,0f,0f,0f,1f], start_interpolation: 0, interpolation_duration: 1 }
$data merge entity $(bone_neck3) { transformation: [-1.1664000000000003f,8.613974012194949e-17f,1.1394740647051855e-16f,-3.5087455566148525e-16f,0f,0.9304511843729407f,-0.7033843568768018f,-0.45484341163747477f,-1.428428026525473e-16f,-0.7033843568768018f,-0.9304511843729407f,2.8651081757268932f,0f,0f,0f,1f], start_interpolation: 0, interpolation_duration: 1 }
$data merge entity $(bone_neck2) { transformation: [-1.2960000000000003f,1.0096799356618829e-16f,1.224568068601005e-16f,-3.2026035394646013e-16f,0f,0.9999357116301589f,-0.8244662349706555f,-0.6609599703801387f,-1.58714225169497e-16f,-0.8244662349706555f,-0.9999357116301589f,2.6151242478193537f,0f,0f,0f,1f], start_interpolation: 0, interpolation_duration: 1 }
$data merge entity $(bone_neck1) { transformation: [-1.4400000000000002f,8.738100096565979e-17f,1.5317826061003452e-16f,-2.819657887939515e-16f,0f,1.2507954188643058f,-0.7135200208459929f,-0.8393399755916369f,-1.7634913907721887e-16f,-0.7135200208459929f,-1.2507954188643058f,2.3024253931032774f,0f,0f,0f,1f], start_interpolation: 0, interpolation_duration: 1 }
$data merge entity $(bone_neck0) { transformation: [-1.6f,4.6417249305642487e-17f,1.9036619816301786e-16f,-2.372753173347997e-16f,0f,1.5544579734790327f,-0.3790256042636945f,-1.03125f,-1.9594348786357652e-16f,-0.3790256042636945f,-1.5544579734790327f,1.9375f,0f,0f,0f,1f], start_interpolation: 0, interpolation_duration: 1 }
$data merge entity $(bone_frontlegl) { transformation: [-0.9659258262890683f,-0.20951416358863342f,0.1519576038358597f,0.43502229059847747f,0f,0.5871190961842385f,0.8095005663344548f,-0.8165026422450856f,-0.25881904510252085f,0.7819175034180769f,-0.5671134981118515f,1.4467464970429944f,0f,0f,0f,1f], start_interpolation: 0, interpolation_duration: 1 }
$data merge entity $(bone_frontlegtipleft) { transformation: [-0.9659258262890683f,0.17342511082606757f,0.19212243242981003f,0.9565906627217997f,0f,0.7423040771737195f,-0.67006317389577f,-1.3088712726967082f,-0.25881904510252085f,-0.6472313249111472f,-0.7170106791017693f,0.46615265894683366f,0f,0f,0f,1f], start_interpolation: 0, interpolation_duration: 1 }
$data merge entity $(bone_frontfootleftd) { transformation: [-0.9659258262890681f,-0.014348241673109732f,0.25842102481932594f,0.6441535289100943f,1.0310095997566743e-16f,0.9984621677163011f,0.05543734877557521f,-2.8004424840276725f,-0.25881904510252063f,0.0535483669233231f,-0.9644403943697426f,1.5913059355347605f,0f,0f,0f,1f], start_interpolation: 0, interpolation_duration: 1 }
$data merge entity $(bone_frontfootleft) { transformation: [0.9659258262890681f,0.17994401167922386f,0.18603077908928947f,0.7251908102767766f,-1.5077299249949112e-17f,-0.7187677360280843f,0.695250272668096f,-2.4437045046626427f,0.2588190451025207f,-0.671560194104631f,-0.6942763193328502f,1.329748665135601f,0f,0f,0f,1f], start_interpolation: 0, interpolation_duration: 1 }
$data merge entity $(bone_frontlegr) { transformation: [-0.9659258262890683f,0.13946010285916766f,-0.2180325155069559f,-0.874804674001619f,0f,0.8424129507957625f,0.5388324603544002f,-0.8819450716321348f,0.25881904510252063f,0.5204721894991957f,-0.813708425574009f,1.5632285674830226f,0f,0f,0f,1f], start_interpolation: 0, interpolation_duration: 1 }
$data merge entity $(bone_frontlegtipright) { transformation: [-0.9659258262890683f,-0.25119612948928294f,-0.062352246450180324f,-0.8470827604601932f,0f,0.24091058069348037f,-0.970547315750206f,-1.7587748592064503f,0.25881904510252063f,-0.9374767179186551f,-0.23270175171812923f,0.7007623310135871f,0f,0f,0f,1f], start_interpolation: 0, interpolation_duration: 1 }
$data merge entity $(bone_frontfootrightd) { transformation: [-0.9659258262890681f,0.11220583568906785f,-0.23323196295769283f,-0.4081041101792289f,1.9349753331528847e-16f,0.9011391061477234f,0.43353005820967233f,-2.384408173417899f,0.25881904510252074f,0.4187578796973256f,-0.8704335357071322f,2.3799309382687093f,0f,0f,0f,1f], start_interpolation: 0, interpolation_duration: 1 }
$data merge entity $(bone_frontfootright) { transformation: [0.9659258262890683f,-0.09948044154166892f,-0.23893710439874183f,-0.5016490501858921f,-8.04403353863072e-17f,-0.9231820799898887f,0.3843629107829512f,-2.152809112174953f,-0.25881904510252074f,-0.37126606219289365f,-0.8917254134294939f,1.989938488404306f,0f,0f,0f,1f], start_interpolation: 0, interpolation_duration: 1 }
$data merge entity $(bone_rearlegl) { transformation: [-1.0464196451464907f,-0.10371883191715864f,-0.260498447727321f,-0.029005615063181556f,7.517135062566164e-18f,1.0064887134721294f,-0.400738793685274f,-0.5880185424769475f,0.28038729886106395f,-0.3870839504165327f,-0.972193442211188f,-1.5095110559300327f,0f,0f,0f,1f], start_interpolation: 0, interpolation_duration: 1 }
$data merge entity $(bone_rearfootleftd) { transformation: [-0.9659258262890683f,0.18867864566536827f,-0.1771656478487379f,0.6828342000376013f,6.938893903907228e-18f,0.6845154991533212f,0.728998306869693f,-2.5578335007681208f,0.2588190451025206f,0.7041582919264402f,-0.6611911991273459f,-1.509184721418414f,0f,0f,0f,1f], start_interpolation: 0, interpolation_duration: 1 }
$data merge entity $(bone_rearfootleft) { transformation: [-0.9659258262890683f,0.22847011493629876f,-0.12160881830186095f,0.6277869018221093f,6.938893903907228e-18f,0.46986039320904893f,0.8827407382088115f,-1.892216694098432f,0.2588190451025206f,0.8526620769533685f,-0.4538502885509572f,-1.714624035178026f,0f,0f,0f,1f], start_interpolation: 0, interpolation_duration: 1 }
$data merge entity $(bone_rearlegtipleft) { transformation: [-0.9659258262890683f,0.2577452327333004f,0.02355192372264739f,0.8236897751796775f,6.938893903907228e-18f,-0.09099764552998124f,0.9958511075999261f,-2.0454550338534085f,0.2588190451025206f,0.9619183039693426f,0.08789697594890696f,-0.7420231018865824f,0f,0f,0f,1f], start_interpolation: 0, interpolation_duration: 1 }
$data merge entity $(bone_rearlegr) { transformation: [-1.0464196451464907f,0.05159779932588779f,0.2755988107146495f,-1.3008648502309694f,0f,1.0648320358553287f,-0.19935858779422272f,-0.5490510614280899f,-0.2803872988610642f,-0.1925656086429563f,-1.0285487640926292f,-1.8754159178222713f,0f,0f,0f,1f], start_interpolation: 0, interpolation_duration: 1 }
$data merge entity $(bone_rearfootrightd) { transformation: [-0.9659258262890683f,0.03033961181133632f,0.2570346398112872f,-0.6390759819205012f,0f,0.9931055873785222f,-0.11722325843261833f,-2.9646022481959116f,-0.25881904510252085f,-0.11322897276182398f,-0.9592663350808894f,-1.68894957594551f,0f,0f,0f,1f], start_interpolation: 0, interpolation_duration: 1 }
$data merge entity $(bone_rearfootright) { transformation: [-0.9659258262890683f,-0.20804783888983497f,0.15395906871974124f,-0.5592351020369084f,0f,0.5948521626712457f,0.8038351227492748f,-2.3376090809718795f,-0.25881904510252085f,0.7764451051417678f,-0.5745830667480623f,-1.986919796192082f,0f,0f,0f,1f], start_interpolation: 0, interpolation_duration: 1 }
$data merge entity $(bone_rearlegtipright) { transformation: [-0.9659258262890683f,-0.24245026014356225f,0.09058239047463763f,-0.8677171257282024f,0f,0.3499834814658134f,0.9367558714526792f,-2.0461728414718587f,-0.25881904510252085f,0.9048366891640653f,-0.33805808352239064f,-1.0771306671267746f,0f,0f,0f,1f], start_interpolation: 0, interpolation_duration: 1 }
$data merge entity $(bone_tail11) { transformation: [-0.2900164693825944f,0.0023742451076420434f,0.0465797695605046f,-0.5245084419682395f,0.03256582075881586f,0.22163309870809342f,0.19316343225033406f,-2.1859631998349838f,-0.03670081491068303f,0.23239539226904968f,-0.23291117019074736f,-7.9395886997465706f,0f,0f,0f,1f], start_interpolation: 0, interpolation_duration: 1 }
$data merge entity $(bone_tail10) { transformation: [-0.3903001435543435f,0.01701086301662644f,0.027780264962689066f,-0.5401348410097522f,0.02806671788736278f,0.34573578530628724f,0.18767975972239517f,-2.291533064678831f,-0.01813579444472506f,0.23233792867695874f,-0.37488465196696075f,-7.728716083015155f,0f,0f,0f,1f], start_interpolation: 0, interpolation_duration: 1 }
$data merge entity $(bone_tail9) { transformation: [-0.48855500575713656f,0.028528316127617075f,-0.01342835263023525f,-0.5325813926552448f,0.023538723374912005f,0.4738586570049279f,0.1339494026508575f,-2.3668796036699384f,0.022744716459357064f,0.17759747850317925f,-0.5219121739215741f,-7.435140485184269f,0f,0f,0f,1f], start_interpolation: 0, interpolation_duration: 1 }
$data merge entity $(bone_tail8) { transformation: [-0.5713382909790753f,0.02915188096616779f,-0.06678321079188093f,-0.4950158365848118f,0.02545556240373685f,0.5786381798461115f,0.030255491202878085f,-2.3838983174715573f,0.0759773374790324f,0.06554877344219048f,-0.6413388985670105f,-7.074387354740326f,0f,0f,0f,1f], start_interpolation: 0, interpolation_duration: 1 }
$data merge entity $(bone_tail7) { transformation: [-0.6667840409219071f,0.015825057634659002f,-0.11958488236142532f,-0.42774934025651007f,0.036118511337857435f,0.6714249450487637f,-0.11605815814008395f,-2.31861560351776f,0.12895129351488405f,-0.09385892011659586f,-0.7468558072864037f,-6.654280963141724f,0f,0f,0f,1f], start_interpolation: 0, interpolation_duration: 1 }
$data merge entity $(bone_tail6) { transformation: [-0.7820904380812909f,-0.0032618276922410927f,-0.15436422428596192f,-0.3409194640956565f,0.046576066147238054f,0.759477117191857f,-0.25580104522837205f,-2.1747275155768007f,0.16525700778592325f,-0.24436661194039744f,-0.8486553788952181f,-6.1769123125131635f,0f,0f,0f,1f], start_interpolation: 0, interpolation_duration: 1 }
$data merge entity $(bone_tail5) { transformation: [-0.8706216508824344f,-0.01775208930857482f,-0.16209918512535013f,-0.24973867246264703f,0.04828708113107023f,0.8175587533978828f,-0.35331671986062785f,-1.9759868606551976f,0.17460978535569485f,-0.34833325508267393f,-0.9191131786278761f,-5.659911149534983f,0f,0f,0f,1f], start_interpolation: 0, interpolation_duration: 1 }
$data merge entity $(bone_tail4) { transformation: [-0.9723198810424406f,-0.015225887850978505f,-0.15156280817639986f,-0.1644845928634221f,0.042579647808645676f,0.9179080277343644f,-0.37123158594646516f,-1.767169093560311f,0.16313274821697077f,-0.3614436498973079f,-1.0359096237430714f,-5.077211986179505f,0f,0f,0f,1f], start_interpolation: 0, interpolation_duration: 1 }
$data merge entity $(bone_tail3) { transformation: [-1.0868301249213859f,-0.012172183187828879f,-0.12027375535791862f,-0.09683060547459288f,0.03008806327036268f,1.03110088280393f,-0.38535035095383613f,-1.5504095211487783f,0.12905847773152218f,-0.3690562185325101f,-1.168806028872784f,-4.419758594938564f,0f,0f,0f,1f], start_interpolation: 0, interpolation_duration: 1 }
$data merge entity $(bone_tail2) { transformation: [-1.2115045687627395f,-0.009290807617099562f,-0.09210602401421418f,-0.0450209669665974f,0.019848256858270026f,1.158637680320351f,-0.3926369867553138f,-1.3295512160989142f,0.09791992101922306f,-0.3687790864868611f,-1.3151731766622603f,-3.6799736830660428f,0f,0f,0f,1f], start_interpolation: 0, interpolation_duration: 1 }
$data merge entity $(bone_tail1) { transformation: [-1.3487939384931649f,-0.006707699507344317f,-0.05760864864042934f,-0.0126161021063559f,0.00899138671789945f,1.3019591906485286f,-0.39111171372398285f,-1.109550877129174f,0.05946382569997531f,-0.3579671187744441f,-1.4776561864660167f,-2.8487920781789082f,0f,0f,0f,1f], start_interpolation: 0, interpolation_duration: 1 }
$data merge entity $(bone_tail0) { transformation: [-1.4998343325965318f,-0.004958525482057593f,-0.024632415069992076f,2.4492935982947064e-16f,3.2526065174565133e-19f,1.4624243929866205f,-0.3781240513467002f,-0.53125f,0.02229293082382889f,-0.33360202011192636f,-1.6572312590344709f,-2f,0f,0f,0f,1f], start_interpolation: 0, interpolation_duration: 1 }