# This file was generated by Animated Java via MC-Build. It is not recommended to edit this file directly.
$data merge entity $(bone_leftwing20) { transformation: [-0.42552625581862746f,-2.19360203249986f,-1.9387556936686419f,1.2092914153068555f,-0.4438593020411034f,1.9848218201773586f,-2.1483033708604875f,0.33770806670922954f,2.8937263928560486f,-0.01812667292782672f,-0.614617847225415f,2.4577828969387907f,0f,0f,0f,1f], start_interpolation: 0, interpolation_duration: 1 }
$data merge entity $(bone_leftwing21) { transformation: [-0.25491962723344347f,-2.1934843194893836f,-1.9683595680882853f,1.2092914153068555f,-0.25491962723344314f,1.9847153107247546f,-2.1786963956699528f,0.33770806670922954f,2.936124798570672f,-0.018125700214814678f,-0.36005484539080723f,2.4577828969387907f,0f,0f,0f,1f], start_interpolation: 0, interpolation_duration: 1 }
$data merge entity $(bone_leftwing22) { transformation: [-0.08255484288622535f,-2.1977198251603047f,-1.986916314507945f,1.2092914153068555f,-0.06418738217923407f,1.988547694151911f,-2.1968573510577643f,0.33770806670922954f,2.962041331705122f,-0.018160700011880533f,-0.10298306215136016f,2.4577828969387907f,0f,0f,0f,1f], start_interpolation: 0, interpolation_duration: 1 }
$data merge entity $(bone_leftwing23) { transformation: [0.08948178583685049f,-2.162706229225214f,-1.954901332681102f,1.2092914153068555f,0.125493894041615f,1.956866583273452f,-2.159136147228887f,0.33770806670922954f,2.9125914126437586f,-0.017871367675322117f,0.15308926041918644f,2.4577828969387907f,0f,0f,0f,1f], start_interpolation: 0, interpolation_duration: 1 }
$data merge entity $(bone_leftwing1) { transformation: [-0.2473238645406164f,-1.482998557183004f,1.3189185666377679f,0.8383056184959308f,-0.29126829880886584f,1.34185137138751f,1.4541656285356384f,-0.09919438150406923f,-1.963159108207403f,-0.012254652120220881f,-0.3819111668486904f,-0.48695576537231355f,0f,0f,0f,1f], start_interpolation: 0, interpolation_duration: 1 }
$data merge entity $(bone_leftwing) { transformation: [-0.10053707899728725f,-0.8650824916900857f,-0.7762961351372795f,0.6874999999999999f,-0.10053707899728717f,0.7827466333093809f,-0.859250321443428f,-0.25f,1.1579705102482092f,-0.007148547070128848f,-0.14200108021208746f,1.25f,0f,0f,0f,1f], start_interpolation: 0, interpolation_duration: 1 }
$data merge entity $(bone_rightwing20) { transformation: [-0.4255262558186269f,2.19360203249986f,1.9387556936686414f,-1.209291415306856f,0.4438593020411034f,1.9848218201773586f,-2.1483033708604875f,0.33770806670922954f,-2.8937263928560486f,-0.018126672927826184f,-0.6146178472254146f,2.4577828969387907f,0f,0f,0f,1f], start_interpolation: 0, interpolation_duration: 1 }
$data merge entity $(bone_rightwing21) { transformation: [-0.2549333074574063f,2.19360203249986f,1.9684651998123877f,-1.209291415306856f,0.25493330745740667f,1.9848218201773586f,-2.1788133150886924f,0.33770806670922954f,-2.9362823652722456f,-0.018126672927826184f,-0.36007416768065f,2.4577828969387907f,0f,0f,0f,1f], start_interpolation: 0, interpolation_duration: 1 }
$data merge entity $(bone_rightwing22) { transformation: [-0.08240016269349516f,2.19360203249986f,1.9831934971937764f,-1.209291415306856f,0.06406711647101919f,1.9848218201773586f,-2.192741174385622f,0.33770806670922954f,-2.9564914559129525f,-0.018126672927826184f,-0.10279010630110882f,2.4577828969387907f,0f,0f,0f,1f], start_interpolation: 0, interpolation_duration: 1 }
$data merge entity $(bone_rightwing23) { transformation: [0.08948178583685122f,2.162706229225214f,1.9549013326811018f,-1.209291415306856f,-0.125493894041615f,1.956866583273452f,-2.159136147228887f,0.33770806670922954f,-2.9125914126437586f,-0.017871367675321586f,0.1530892604191869f,2.4577828969387907f,0f,0f,0f,1f], start_interpolation: 0, interpolation_duration: 1 }
$data merge entity $(bone_rightwing1) { transformation: [-0.24732386454061686f,1.482998557183004f,-1.3189185666377676f,-0.8383056184959305f,0.29126829880886584f,1.34185137138751f,1.4541656285356384f,-0.09919438150406923f,1.963159108207403f,-0.012254652120220517f,-0.38191116684869075f,-0.48695576537231355f,0f,0f,0f,1f], start_interpolation: 0, interpolation_duration: 1 }
$data merge entity $(bone_rightwing) { transformation: [-0.10053707899728696f,0.8650824916900857f,0.7762961351372795f,-0.6875000000000001f,0.10053707899728717f,0.7827466333093809f,-0.859250321443428f,-0.25f,-1.1579705102482092f,-0.007148547070128635f,-0.14200108021208727f,1.25f,0f,0f,0f,1f], start_interpolation: 0, interpolation_duration: 1 }
$data merge entity $(bone_head) { transformation: [-1.2269070000000002f,-2.6250118015161974e-19f,1.5025254373681898e-16f,-4.0966292373291367e-16f,0f,1.226905127596223f,0.0021434848017762645f,-0.14369376464398698f,-1.5025277304014817e-16f,0.0021434848017762645f,-1.226905127596223f,3.3451516308060163f,0f,0f,0f,1f], start_interpolation: 0, interpolation_duration: 1 }
$data merge entity $(bone_neck4) { transformation: [-1.0497600000000002f,6.015616832987577e-17f,1.1361570793808246e-16f,-4.006820617264749e-16f,0f,0.9277426603097818f,-0.49121239178315595f,-0.14540258099575354f,-1.2855852238729257e-16f,-0.49121239178315595f,-0.9277426603097818f,3.2718173272934314f,0f,0f,0f,1f], start_interpolation: 0, interpolation_duration: 1 }
$data merge entity $(bone_neck3) { transformation: [-1.1664000000000003f,8.539176124673848e-17f,1.1450901004206866e-16f,-3.5058436983306986e-16f,0f,0.9350370255472378f,-0.6972766458556993f,-0.450461113557622f,-1.428428026525473e-16f,-0.6972766458556993f,-0.9350370255472378f,2.862738628616515f,0f,0f,0f,1f], start_interpolation: 0, interpolation_duration: 1 }
$data merge entity $(bone_neck2) { transformation: [-1.2960000000000003f,1.0089296481855598e-16f,1.2251863091495681e-16f,-3.1995471210433063e-16f,0f,1.0004405433489807f,-0.8238535787526787f,-0.6564245082457917f,-1.58714225169497e-16f,-0.8238535787526787f,-1.0004405433489807f,2.61262849277927f,0f,0f,0f,1f], start_interpolation: 0, interpolation_duration: 1 }
$data merge entity $(bone_neck1) { transformation: [-1.4400000000000002f,8.83793436764318e-17f,1.526044247870927e-16f,-2.8180360590755746e-16f,0f,1.2461096937773557f,-0.7216721077290607f,-0.8368425351780568f,-1.7634913907721887e-16f,-0.7216721077290607f,-1.2461096937773557f,2.3011010693349307f,0f,0f,0f,1f], start_interpolation: 0, interpolation_duration: 1 }
$data merge entity $(bone_neck0) { transformation: [-1.6f,4.7721320693703485e-17f,1.900434844644569e-16f,-2.372753173347997e-16f,0f,1.5518228161521557f,-0.3896741552497334f,-1.03125f,-1.9594348786357652e-16f,-0.3896741552497334f,-1.5518228161521557f,1.9375f,0f,0f,0f,1f], start_interpolation: 0, interpolation_duration: 1 }
$data merge entity $(bone_frontlegl) { transformation: [-0.9659258262890683f,-0.21458981613444303f,0.1447014475365283f,0.4345089194427953f,-6.938893903907228e-18f,0.5590834611077813f,0.8291113818515243f,-0.8175659920493039f,-0.2588190451025209f,0.8008600966006048f,-0.5400331541350858f,1.4486624242791406f,0f,0f,0f,1f], start_interpolation: 0, interpolation_duration: 1 }
$data merge entity $(bone_frontlegtipleft) { transformation: [-0.9659258262890683f,0.17075809270377107f,0.19449671432687768f,0.9613088415628384f,-6.938893903907228e-18f,0.7514775979867924f,-0.6597586071617413f,-1.273136768738664f,-0.2588190451025209f,-0.6372778777740297f,-0.7258716197731166f,0.4485441757928811f,0f,0f,0f,1f], start_interpolation: 0, interpolation_duration: 1 }
$data merge entity $(bone_frontfootleftd) { transformation: [-0.9659258262890683f,-0.009383630328836948f,0.25864888476394476f,0.656145792859349f,9.151979124258833e-17f,0.9993425509374378f,0.03625556351589232f,-2.786085765674702f,-0.2588190451025207f,0.035020185146663996f,-0.9652907792600698f,1.5465501971783648f,0f,0f,0f,1f], start_interpolation: 0, interpolation_duration: 1 }
$data merge entity $(bone_frontfootleft) { transformation: [0.9659258262890683f,0.18620257197617837f,0.17976623792369015f,0.7339831117141109f,-6.460305847761576e-18f,-0.6945634076212706f,0.7194314927729595f,-2.420196421498825f,0.2588190451025208f,-0.6949174591150985f,-0.6708967334167268f,1.2969353494560083f,0f,0f,0f,1f], start_interpolation: 0, interpolation_duration: 1 }
$data merge entity $(bone_frontlegr) { transformation: [-0.9659258262890683f,0.13552058283677465f,-0.22050276582247552f,-0.874771061263907f,-1.3877787807814457e-17f,0.851957265104399f,0.5236113238231511f,-0.8825116188607043f,0.2588190451025206f,0.5057697006181902f,-0.8229275252589414f,1.5633540119279452f,0f,0f,0f,1f], start_interpolation: 0, interpolation_duration: 1 }
$data merge entity $(bone_frontlegtipright) { transformation: [-0.9659258262890683f,-0.2520104164986672f,-0.058974978456536f,-0.8428685053442039f,-1.3877787807814457e-17f,0.22786181918403842f,-0.97369347915971f,-1.773536211338442f,0.2588190451025206f,-0.9405156784096207f,-0.2200976159750725f,0.7164901452225156f,0f,0f,0f,1f], start_interpolation: 0, interpolation_duration: 1 }
$data merge entity $(bone_frontfootrightd) { transformation: [-0.9659258262890683f,0.11286003020760249f,-0.23291610440096175f,-0.401491978306905f,1.8167933695156272e-16f,0.89991872239812f,0.4360576717331501f,-2.3739798755255093f,0.25881904510252074f,0.42119936687853027f,-0.8692547355254067f,2.404607750362568f,0f,0f,0f,1f], start_interpolation: 0, interpolation_duration: 1 }
$data merge entity $(bone_frontfootright) { transformation: [0.9659258262890683f,-0.09517181721479824f,-0.24068573558857548f,-0.4960970505321448f,-6.779474411867441e-17f,-0.9299382720975484f,0.36771566473054457f,-2.1496207373273752f,-0.2588190451025207f,-0.3551860572942853f,-0.8982513938736528f,2.010658833195696f,0f,0f,0f,1f], start_interpolation: 0, interpolation_duration: 1 }
$data merge entity $(bone_rearlegl) { transformation: [-1.0464196451464907f,-0.11152161012533068f,-0.25725467505500726f,-0.029756719993225045f,0f,0.993955738276935f,-0.43088641363758967f,-0.5944162390969703f,0.280387298861064f,-0.4162043151296221f,-0.9600875177899093f,-1.5123142176907707f,0f,0f,0f,1f], start_interpolation: 0, interpolation_duration: 1 }
$data merge entity $(bone_rearfootleftd) { transformation: [-0.9659258262890683f,0.17911180332287785f,-0.18683217072604852f,0.693538645846257f,0f,0.7218640755437551f,0.6920348664911037f,-2.5331550300430687f,0.25881904510252063f,0.6684543502362643f,-0.697267153637996f,-1.469235185793643f,0f,0f,0f,1f], start_interpolation: 0, interpolation_duration: 1 }
$data merge entity $(bone_rearfootleft) { transformation: [-0.9659258262890683f,0.22847394571595986f,-0.12160162102850947f,0.6384967746036517f,0f,0.4698325850802128f,0.8827555392048494f,-1.8675315237047083f,0.25881904510252063f,0.8526763736176962f,-0.4538234279611335f,-1.6746542458147102f,0f,0f,0f,1f], start_interpolation: 0, interpolation_duration: 1 }
$data merge entity $(bone_rearlegtipleft) { transformation: [-0.9659258262890683f,0.2575279785595014f,0.025819340945067035f,0.8340406802110196f,0f,-0.09975827294641221f,0.9950117019305598f,-2.0294780280217806f,0.25881904510252063f,0.961107500354568f,0.09635909222493362f,-0.7033929984052931f,0f,0f,0f,1f], start_interpolation: 0, interpolation_duration: 1 }
$data merge entity $(bone_rearlegr) { transformation: [-1.0464196451464907f,0.04663826529287712f,0.27648130058482245f,-1.301517795263585f,0f,1.0682417148834833f,-0.18019641975884435f,-0.5451201549650252f,-0.2803872988610642f,-0.1740563756498935f,-1.03184226112528f,-1.8729790937860007f,0f,0f,0f,1f], start_interpolation: 0, interpolation_duration: 1 }
$data merge entity $(bone_rearfootrightd) { transformation: [-0.9659258262890683f,0.06946140709720834f,0.24932390786255662f,-0.6288730957200651f,0f,0.9633136068630377f,-0.2683782681822893f,-2.961444360649531f,-0.25881904510252085f,-0.25923350045200705f,-0.9304894916846824f,-1.7270272656293804f,0f,0f,0f,1f], start_interpolation: 0, interpolation_duration: 1 }
$data merge entity $(bone_rearfootright) { transformation: [-0.9659258262890683f,-0.21053063599296032f,0.1505461703803201f,-0.551688933082715f,0f,0.5816657360770621f,0.8134279141226527f,-2.3295044526805744f,-0.25881904510252085f,0.7857110300755166f,-0.5618459567442753f,-2.01508248213163f,0f,0f,0f,1f], start_interpolation: 0, interpolation_duration: 1 }
$data merge entity $(bone_rearlegtipright) { transformation: [-0.9659258262890683f,-0.24387383894698744f,0.0866766911288124f,-0.8613504293683201f,0f,0.33489301799440185f,0.9422561575806238f,-2.0535024445349617f,-0.25881904510252085f,0.9101495575870265f,-0.32348181512468244f,-1.1008915014182188f,0f,0f,0f,1f], start_interpolation: 0, interpolation_duration: 1 }
$data merge entity $(bone_tail11) { transformation: [-0.2895765339586619f,-0.004385416786046931f,0.04912944127827683f,-0.5158456688979324f,0.028533678238392757f,0.2247658425263005f,0.19025448128538047f,-2.2414211644992568f,-0.04481654216474726f,0.22867987979568985f,-0.2350739997246602f,-7.930358611400981f,0f,0f,0f,1f], start_interpolation: 0, interpolation_duration: 1 }
$data merge entity $(bone_tail10) { transformation: [-0.3900285706865143f,0.009019588940422417f,0.034588527281721015f,-0.5353017154939005f,0.023787132163345295f,0.3490191834868263f,0.18229036534158538f,-2.3439594950038987f,-0.030173174990414782f,0.2266921385318787f,-0.3774633180255881f,-7.718035495011588f,0f,0f,0f,1f], start_interpolation: 0, interpolation_duration: 1 }
$data merge entity $(bone_tail9) { transformation: [-0.4891312198607994f,0.020711159514966777f,-0.0030340872078329292f,-0.5335950414394944f,0.01882769751359256f,0.4763494748780057f,0.12600521177340218f,-2.414837426626437f,0.008033342068575026f,0.1699676400839017f,-0.5247738223054659f,-7.422850219964763f,0f,0f,0f,1f], start_interpolation: 0, interpolation_duration: 1 }
$data merge entity $(bone_tail8) { transformation: [-0.572855394436716f,0.022942984845292037f,-0.05529676758924031f,-0.5024906096705467f,0.020574248972166375f,0.5793858479675301f,0.020384947968857148f,-2.4263039598589193f,0.06152544235630065f,0.05627281067306185f,-0.6436469095165585f,-7.060798833361699f,0f,0f,0f,1f], start_interpolation: 0, interpolation_duration: 1 }
$data merge entity $(bone_tail7) { transformation: [-0.6685510827572894f,0.011784745584869007f,-0.10984781841533411f,-0.4407012118119213f,0.031908882682223534f,0.6697768015097834f,-0.1271294876535804f,-2.3547936230537805f,0.11753430524315728f,-0.10454372169078922f,-0.7471801923096067f,-6.640509975187545f,0f,0f,0f,1f], start_interpolation: 0, interpolation_duration: 1 }
$data merge entity $(bone_tail6) { transformation: [-0.7832747298571594f,-0.0060521050748154025f,-0.14821575022800806f,-0.35732985230866676f,0.04381113425224353f,0.7558519097229114f,-0.2672978213128401f,-2.204438598565308f,0.15813981664182525f,-0.25591040532738374f,-0.8464351411733384f,-6.164390208277542f,0f,0f,0f,1f], start_interpolation: 0, interpolation_duration: 1 }
$data merge entity $(bone_tail5) { transformation: [-0.8709554033454777f,-0.020047798235296635f,-0.16010029137384746f,-0.2672734384108776f,0.047216149330536666f,0.8130058725958257f,-0.3642703516301661f,-1.9995365257733397f,0.17203656380029192f,-0.3596227923422245f,-0.9150466684515844f,-5.649676457273525f,0f,0f,0f,1f], start_interpolation: 0, interpolation_duration: 1 }
$data merge entity $(bone_tail4) { transformation: [-0.9718709699510182f,-0.017535196921684447f,-0.15426605678446054f,-0.1804987814696185f,0.042969509309041344f,0.9137872829299369f,-0.3817590947409725f,-1.7847970349815427f,0.16551937339301592f,-0.3723924798362719f,-1.031429878692852f,-5.069497150508796f,0f,0f,0f,1f], start_interpolation: 0, interpolation_duration: 1 }
$data merge entity $(bone_tail3) { transformation: [-1.0860572391546122f,-0.014336999686294373f,-0.1269816835898597f,-0.10907158445032242f,0.03138129136694684f,1.0275773940630462f,-0.39519414472471165f,-1.5625003285738925f,0.13573056390144286f,-0.3792319521998886f,-1.164551676802814f,-4.414436832307213f,0f,0f,0f,1f], start_interpolation: 0, interpolation_duration: 1 }
$data merge entity $(bone_tail2) { transformation: [-1.2108372253583344f,-0.01118583892063545f,-0.10053055373489088f,-0.052523147974446294f,0.02126123427767397f,1.15584638026709f,-0.4014908227749394f,-1.336661740762989f,0.10637758760873395f,-0.3777049657533704f,-1.3117224136713062f,-3.676592974617103f,0f,0f,0f,1f], start_interpolation: 0, interpolation_duration: 1 }
$data merge entity $(bone_tail1) { transformation: [-1.3484293295956673f,-0.008264137186036184f,-0.06583780771948253f,-0.015489381132237374f,0.009947466450121204f,1.2999822987293939f,-0.3985853116888646f,-1.1124575029380028f,0.06759667421638466f,-0.3651545564693682f,-1.4752644135643413f,-2.846756741987161f,0f,0f,0f,1f], start_interpolation: 0, interpolation_duration: 1 }
$data merge entity $(bone_tail0) { transformation: [-1.4997490985948716f,-0.006193755479031287f,-0.030289457781325226f,2.4492935982947064e-16f,0f,1.4612720690986183f,-0.3838035300681744f,-0.53125f,0.02743430815366098f,-0.3385935283866319f,-1.6558313317045674f,-2f,0f,0f,0f,1f], start_interpolation: 0, interpolation_duration: 1 }