# This file was generated by Animated Java via MC-Build. It is not recommended to edit this file directly.
$data merge entity $(bone_leftwing20) { transformation: [-0.451170792206615f,-1.8886288921389884f,-2.2318740858634096f,1.3014966028653776f,-0.417088022525308f,2.2767699465087876f,-1.8423062457830988f,0.24145166294394965f,2.8938242187176293f,0.03369910330177772f,-0.6134996925109847f,2.4574311630731964f,0f,0f,0f,1f], start_interpolation: 0, interpolation_duration: 1 }
$data merge entity $(bone_leftwing21) { transformation: [-0.254919627233443f,-1.888527544588579f,-2.2625818355278864f,1.3014966028653776f,-0.25491962723344325f,2.276647770544052f,-1.8715468944184386f,0.24145166294394965f,2.936124798570672f,0.03369729494144561f,-0.35893247973860565f,2.4574311630731964f,0f,0f,0f,1f], start_interpolation: 0, interpolation_duration: 1 }
$data merge entity $(bone_leftwing22) { transformation: [-0.056862167007958424f,-1.8921741943748231f,-2.2805849435944268f,1.3014966028653776f,-0.09100891628846472f,2.2810438605717547f,-1.8902858133489626f,0.24145166294394965f,2.9619433222064875f,0.033762362688933505f,-0.10186280845579829f,2.4574311630731964f,0f,0f,0f,1f], start_interpolation: 0, interpolation_duration: 1 }
$data merge entity $(bone_leftwing23) { transformation: [0.13985605577858054f,-1.8620284852074531f,-2.240588013978148f,1.3014966028653776f,0.0729063315054529f,2.244702764163593f,-1.8608972598795417f,0.24145166294394965f,2.912399250606435f,0.0332244680440062f,0.15417906548788374f,2.4574311630731964f,0f,0f,0f,1f], start_interpolation: 0, interpolation_duration: 1 }
$data merge entity $(bone_leftwing1) { transformation: [-0.30879398957963133f,-1.2768195327136822f,1.5081041584984476f,0.8383056184959305f,-0.2270973629653459f,1.539224752569321f,1.2566677957249082f,-0.09919438150406923f,-1.9629246189636735f,0.022782492373032825f,-0.38263285053376184f,-0.4869557653723138f,0f,0f,0f,1f], start_interpolation: 0, interpolation_duration: 1 }
$data merge entity $(bone_leftwing) { transformation: [-0.10053707899728713f,-0.7448113940829814f,-0.8923336786774166f,0.6874999999999999f,-0.10053707899728717f,0.8978811056654373f,-0.7381144402779399f,-0.25f,1.1579705102482094f,0.013289787217602482f,-0.14155843338467822f,1.25f,0f,0f,0f,1f], start_interpolation: 0, interpolation_duration: 1 }
$data merge entity $(bone_rightwing20) { transformation: [-0.45117079220661443f,1.8886288921389884f,2.2318740858634096f,-1.301496602865378f,0.417088022525308f,2.2767699465087876f,-1.8423062457830988f,0.24145166294394965f,-2.8938242187176297f,0.03369910330177819f,-0.613499692510984f,2.4574311630731964f,0f,0f,0f,1f], start_interpolation: 0, interpolation_duration: 1 }
$data merge entity $(bone_rightwing21) { transformation: [-0.25493330745740606f,1.8886288921389884f,2.262703256646307f,-1.301496602865378f,0.25493330745740683f,2.2767699465087876f,-1.8716473307047765f,0.24145166294394965f,-2.9362823652722456f,0.03369910330177819f,-0.35895174179686196f,2.4574311630731964f,0f,0f,0f,1f], start_interpolation: 0, interpolation_duration: 1 }
$data merge entity $(bone_rightwing22) { transformation: [-0.056755626305507095f,1.8886288921389884f,2.2763118893885443f,-1.301496602865378f,0.09083839598681512f,2.2767699465087876f,-1.8867440493082333f,0.24145166294394965f,-2.956393630051372f,0.03369910330177819f,-0.10167195158667831f,2.4574311630731964f,0f,0f,0f,1f], start_interpolation: 0, interpolation_duration: 1 }
$data merge entity $(bone_rightwing23) { transformation: [0.13985605577858118f,1.8620284852074531f,2.240588013978148f,-1.301496602865378f,-0.0729063315054529f,2.244702764163593f,-1.8608972598795417f,0.24145166294394965f,-2.912399250606435f,0.03322446804400666f,0.15417906548788438f,2.4574311630731964f,0f,0f,0f,1f], start_interpolation: 0, interpolation_duration: 1 }
$data merge entity $(bone_rightwing1) { transformation: [-0.3087939895796318f,1.2768195327136822f,-1.5081041584984476f,-0.8383056184959303f,0.2270973629653459f,1.539224752569321f,1.2566677957249082f,-0.09919438150406923f,1.9629246189636735f,0.022782492373033137f,-0.3826328505337623f,-0.4869557653723138f,0f,0f,0f,1f], start_interpolation: 0, interpolation_duration: 1 }
$data merge entity $(bone_rightwing) { transformation: [-0.10053707899728684f,0.7448113940829814f,0.8923336786774166f,-0.6875000000000001f,0.10053707899728717f,0.8978811056654373f,-0.7381144402779399f,-0.25f,-1.1579705102482094f,0.013289787217602664f,-0.141558433384678f,1.25f,0f,0f,0f,1f], start_interpolation: 0, interpolation_duration: 1 }
$data merge entity $(bone_head) { transformation: [-1.2269070000000002f,2.623994205763025e-18f,1.5022985875205504e-16f,-4.207844040286881e-16f,0f,1.2267198906382715f,-0.021426538717856713f,-0.3063252560490485f,-1.5025277304014817e-16f,-0.021426538717856713f,-1.2267198906382715f,3.435965409142086f,0f,0f,0f,1f], start_interpolation: 0, interpolation_duration: 1 }
$data merge entity $(bone_neck4) { transformation: [-1.0497600000000002f,6.232769705504611e-17f,1.124391028878228e-16f,-4.11809219565229e-16f,0f,0.9181349509597975f,-0.508944269469704f,-0.3094425556734113f,-1.2855852238729257e-16f,-0.508944269469704f,-0.9181349509597975f,3.3626774662861703f,0f,0f,0f,1f], start_interpolation: 0, interpolation_duration: 1 }
$data merge entity $(bone_neck3) { transformation: [-1.1664000000000003f,7.970481502317034e-17f,1.1853779452882011e-16f,-3.599489344588702e-16f,0f,0.9679345474250269f,-0.6508392058727783f,-0.5941847082427518f,-1.428428026525473e-16f,-0.6508392058727783f,-0.9679345474250269f,2.939206101787721f,0f,0f,0f,1f], start_interpolation: 0, interpolation_duration: 1 }
$data merge entity $(bone_neck2) { transformation: [-1.2960000000000003f,8.004169169911012e-17f,1.370530293758529e-16f,-3.25685677114907e-16f,0f,1.119122913408785f,-0.6535900126864191f,-0.7575822114143567f,-1.58714225169497e-16f,-0.6535900126864191f,-1.119122913408785f,2.659425373435525f,0f,0f,0f,1f], start_interpolation: 0, interpolation_duration: 1 }
$data merge entity $(bone_neck1) { transformation: [-1.4400000000000002f,5.795465229432245e-17f,1.6655412672978258e-16f,-2.8404714543246136e-16f,0f,1.360017654443257f,-0.4732356491248966f,-0.8758911236955809f,-1.7634913907721887e-16f,-0.4732356491248966f,-1.360017654443257f,2.3194209598247104f,0f,0f,0f,1f], start_interpolation: 0, interpolation_duration: 1 }
$data merge entity $(bone_neck0) { transformation: [-1.6f,2.7606656128445084e-17f,1.9398897642275796e-16f,-2.372753173347997e-16f,0f,1.5840402029207168f,-0.22542545448749723f,-1.03125f,-1.9594348786357652e-16f,-0.22542545448749723f,-1.5840402029207168f,1.9375f,0f,0f,0f,1f], start_interpolation: 0, interpolation_duration: 1 }
$data merge entity $(bone_frontlegl) { transformation: [-0.9659258262890683f,-0.13025121529735323f,0.2236558048013582f,0.4418036197232976f,0f,0.8641396722283936f,0.5032520510450051f,-0.809335141157555f,-0.2588190451025208f,0.48610415323731493f,-0.8346948269263756f,1.421438232206319f,0f,0f,0f,1f], start_interpolation: 0, interpolation_duration: 1 }
$data merge entity $(bone_frontlegtipleft) { transformation: [-0.9659258262890683f,0.2333977464113698f,0.11186058321801574f,0.8868530283481095f,0f,0.43219610509615597f,-0.9017796442256347f,-1.6942377585390584f,-0.2588190451025208f,-0.8710522479793084f,-0.4174693799339214f,0.7264170536291067f,0f,0f,0f,1f], start_interpolation: 0, interpolation_duration: 1 }
$data merge entity $(bone_frontfootleftd) { transformation: [-0.9659258262890681f,-0.08704856370702511f,0.24374134992718122f,0.4489340962050148f,1.7502620062784108e-16f,0.9417442593169019f,0.33632982330394035f,-2.6202421900627786f,-0.2588190451025206f,0.32486966248051485f,-0.9096551018336649f,2.31987477701489f,0f,0f,0f,1f], start_interpolation: 0, interpolation_duration: 1 }
$data merge entity $(bone_frontfootleft) { transformation: [0.9659258262890683f,0.08943498373570906f,0.2428758567498509f,0.5612395684496201f,-6.01053143224851e-17f,-0.9384002504670605f,0.34555024225625713f,-2.404477667789502f,0.2588190451025207f,-0.3337759032757628f,-0.906425037322264f,1.9416230295985601f,0f,0f,0f,1f], start_interpolation: 0, interpolation_duration: 1 }
$data merge entity $(bone_frontlegr) { transformation: [-0.9659258262890683f,0.2218212470245571f,-0.13335153720992873f,-0.8747516281205014f,-3.469446951953614e-18f,0.5152307750656717f,0.857051485282668f,-0.867180518372572f,0.2588190451025206f,0.8278481640939344f,-0.497674712134866f,1.5634265374064855f,0f,0f,0f,1f], start_interpolation: 0, interpolation_duration: 1 }
$data merge entity $(bone_frontlegtipright) { transformation: [-0.9659258262890683f,-0.17966091114592472f,-0.18630420047330312f,-0.922868684487955f,-3.469446951953614e-18f,0.7198241551331988f,-0.6941564562018974f,-1.2791053132233963f,0.2588190451025206f,-0.6705036485307092f,-0.6952967418298655f,0.4179254120434242f,0f,0f,0f,1f], start_interpolation: 0, interpolation_duration: 1 }
$data merge entity $(bone_frontfootrightd) { transformation: [-0.9659258262890681f,0.06988460167097342f,-0.24920561903189514f,-0.628335759018588f,9.596871317223146e-17f,0.9628565739170483f,0.27001336645566915f,-2.707758596181502f,0.25881904510252074f,0.2608128841027852f,-0.9300480317586863f,1.5580152353655539f,0f,0f,0f,1f], start_interpolation: 0, interpolation_duration: 1 }
$data merge entity $(bone_frontfootright) { transformation: [0.9659258262890683f,-0.19529503242703214f,-0.16984448303405414f,-0.6844366061420832f,-1.560387664403057e-17f,-0.6562286904612338f,0.7545620622689257f,-2.3221280367270665f,-0.2588190451025207f,-0.7288509834834955f,-0.6338682400683605f,1.3077660425844613f,0f,0f,0f,1f], start_interpolation: 0, interpolation_duration: 1 }
$data merge entity $(bone_rearlegl) { transformation: [-1.0464196451464907f,-0.025530916707074452f,-0.27922250921926045f,-0.019455928981013004f,0f,1.0788329317444856f,-0.09864388726479315f,-0.5322852293570737f,0.28038729886106395f,-0.095282678314611f,-1.0420725910231503f,-1.4738711422750466f,0f,0f,0f,1f], start_interpolation: 0, interpolation_duration: 1 }
$data merge entity $(bone_rearfootleftd) { transformation: [-0.9659258262890683f,0.08743059161382295f,-0.24360457663565652f,0.5749922148227764f,0f,0.9412158078983818f,0.3378058657900966f,-2.854561112942171f,0.2588190451025206f,0.3262954100385932f,-0.9091446569605773f,-1.911656489429232f,0f,0f,0f,1f], start_interpolation: 0, interpolation_duration: 1 }
$data merge entity $(bone_rearfootleft) { transformation: [-0.9659258262890683f,0.22907098896946407f,-0.12047315103512572f,0.5208007971073105f,0f,0.4654725118370066f,0.8850623371967355f,-2.1878966921397898f,0.2588190451025206f,0.8549045693740908f,-0.44961192061100874f,-2.1139016136775393f,0f,0f,0f,1f], start_interpolation: 0, interpolation_duration: 1 }
$data merge entity $(bone_rearlegtipleft) { transformation: [-0.9659258262890683f,0.2561542897228533f,-0.0370442703310658f,0.7188999895827887f,0f,0.1431280697152415f,0.989704175832147f,-2.1066251334140573f,0.2588190451025206f,0.9559808238224079f,-0.13825109900485402f,-1.1331039058484202f,0f,0f,0f,1f], start_interpolation: 0, interpolation_duration: 1 }
$data merge entity $(bone_rearlegr) { transformation: [-1.0464196451464907f,0.16869093990672507f,0.22396518514266767f,-1.2908736920686439f,0f,0.8653350260756616f,-0.6517717420675314f,-0.6612543689344129f,-0.28038729886106417f,-0.6295631585084459f,-0.8358494500790059f,-1.912703427710527f,0f,0f,0f,1f], start_interpolation: 0, interpolation_duration: 1 }
$data merge entity $(bone_rearfootrightd) { transformation: [-0.9659258262890683f,0.04509093566015811f,0.2548609535198991f,-0.8501556938498853f,0f,0.9847071084701133f,-0.17421799714274133f,-2.707620155202971f,-0.2588190451025208f,-0.1682816628445291f,-0.9511540274017136f,-0.9011893665780468f,0f,0f,0f,1f], start_interpolation: 0, interpolation_duration: 1 }
$data merge entity $(bone_rearfootright) { transformation: [-0.9659258262890683f,-0.156106371656167f,0.20644151432337288f,-0.7277404492095874f,0f,0.7976287612126813f,0.6031487041238861f,-2.193251825966214f,-0.2588190451025208f,0.5825969104060454f,-0.7704502202462854f,-1.3580492791966123f,0f,0f,0f,1f], start_interpolation: 0, interpolation_duration: 1 }
$data merge entity $(bone_rearlegtipright) { transformation: [-0.9659258262890683f,-0.2250735274745279f,0.12778577909123395f,-1.0211709520203842f,0f,0.4937263370267695f,0.8696173320065146f,-1.753876572189852f,-0.2588190451025208f,0.8399858399736877f,-0.4769030200532575f,-0.5044331907885036f,0f,0f,0f,1f], start_interpolation: 0, interpolation_duration: 1 }
$data merge entity $(bone_tail11) { transformation: [-0.2859060139153169f,0.05142941013773064f,-0.04381823844753045f,0.06220853915705212f,0.00781330388829812f,0.21374746670557504f,0.20316990082415956f,-1.7022875061386964f,0.07880900119115117f,0.23068833895149107f,-0.22498587789465554f,-8.065910112508123f,0f,0f,0f,1f], start_interpolation: 0, interpolation_duration: 1 }
$data merge entity $(bone_tail10) { transformation: [-0.38045473879453634f,0.05553296817204651f,-0.07486941759885901f,0.10432258655641032f,0.008262180786892694f,0.33332684897288833f,0.20866163640573177f,-1.8196596766169206f,0.10874453740460703f,0.24152769125371248f,-0.35422792691592175f,-7.866656903617917f,0f,0f,0f,1f], start_interpolation: 0, interpolation_duration: 1 }
$data merge entity $(bone_tail9) { transformation: [-0.47813800062195305f,0.04898780868682862f,-0.09341662870612225f,0.15686944020360408f,0.014733429327023376f,0.46090678019782555f,0.17055682998522032f,-1.915597893483607f,0.12311770470766106f,0.20580856077228804f,-0.49816654345125644f,-7.586438222926586f,0f,0f,0f,1f], start_interpolation: 0, interpolation_duration: 1 }
$data merge entity $(bone_tail8) { transformation: [-0.5684474554174508f,0.033712370076838166f,-0.08691596289468817f,0.20575966933186618f,0.0221556806235987f,0.5719796451920709f,0.08330120767768465f,-1.9624548228023047f,0.10878919631560166f,0.11597042812253554f,-0.6307212130945713f,-7.23165754056089f,0f,0f,0f,1f], start_interpolation: 0, interpolation_duration: 1 }
$data merge entity $(bone_tail7) { transformation: [-0.6752349074830992f,0.017311320496171102f,-0.0550391204651354f,0.23671917459350483f,0.02238706459603712f,0.6784955399550968f,-0.047369912988795226f,-1.9358092467461074f,0.06790714902056687f,-0.022379804799285877f,-0.7618951849856239f,-6.803091499006476f,0f,0f,0f,1f], start_interpolation: 0, interpolation_duration: 1 }
$data merge entity $(bone_tail6) { transformation: [-0.7971337574276316f,0.010779556710912817f,-0.011445918838488237f,0.24315750394015448f,0.014368781595665302f,0.7817580773059318f,-0.1721002214039961f,-1.8390028722063596f,0.01810041961562033f,-0.15578988431477372f,-0.8865190842237789f,-6.3044245141306f,0f,0f,0f,1f], start_interpolation: 0, interpolation_duration: 1 }
$data merge entity $(bone_tail5) { transformation: [-0.8853339309454918f,0.010939682371275402f,0.029004042401790636f,0.22684273008914724f,0.0034888334656113084f,0.8508848660932431f,-0.25943120453366253f,-1.6930728196561744f,-0.02649639696798732f,-0.25005367623848773f,-0.9681972498854005f,-5.759813561070063f,0f,0f,0f,1f], start_interpolation: 0, interpolation_duration: 1 }
$data merge entity $(bone_tail4) { transformation: [-0.9819260408928397f,0.01140927559364442f,0.06746607847650865f,0.18889306094611114f,-0.005600989550089814f,0.9518197122568041f,-0.2663612771099613f,-1.543244601281821f,-0.0679025061994743f,-0.2529712604181168f,-1.0801603650329095f,-5.152223355739051f,0f,0f,0f,1f], start_interpolation: 0, interpolation_duration: 1 }
$data merge entity $(bone_tail3) { transformation: [-1.0896046320280046f,0.01112680581980392f,0.09360624479868845f,0.13623954824684886f,-0.010846682825583391f,1.063461607748061f,-0.27391805097276833f,-1.389165697609639f,-0.09578067329531854f,-0.2562437039265477f,-1.2042801532367886f,-4.4748157695433575f,0f,0f,0f,1f], start_interpolation: 0, interpolation_duration: 1 }
$data merge entity $(bone_tail2) { transformation: [-1.210995477407072f,0.01039897995965043f,0.10039095854371459f,0.0797696340660094f,-0.011159624460042096f,1.187154938432592f,-0.28204635471854506f,-1.2305146230804573f,-0.10217292942932771f,-0.25942348587081177f,-1.3435516687331222f,-3.7190679558809765f,0f,0f,0f,1f], start_interpolation: 0, interpolation_duration: 1 }
$data merge entity $(bone_tail1) { transformation: [-1.3472581003247965f,0.00956878570681377f,0.08880419364928434f,0.029817275138286962f,-0.007461574066677179f,1.3244258894929977f,-0.29004521928641797f,-1.0673641872318473f,-0.08800471042532726f,-0.2616530272121277f,-1.4994415253205189f,-2.8756320978881846f,0f,0f,0f,1f], start_interpolation: 0, interpolation_duration: 1 }
$data merge entity $(bone_tail0) { transformation: [-1.4991310869273633f,0.008908144568731749f,0.05696766449861272f,2.4492935982947064e-16f,6.505213034913027e-19f,1.4769851267926137f,-0.2966540542821226f,-0.53125f,-0.05104884139706361f,-0.26160194990433383f,-1.6729468184253655f,-2f,0f,0f,0f,1f], start_interpolation: 0, interpolation_duration: 1 }