# This file was generated by Animated Java via MC-Build. It is not recommended to edit this file directly.
$data merge entity $(bone_leftwing20) { transformation: [-0.4208712177365637f,-2.2403818631523937f,-1.8855483649193048f,1.1925541792361802f,-0.4479711460784164f,1.9317627321865873f,-2.1953019632677675f,0.3524922431488309f,2.893773553938394f,-0.026794867119140062f,-0.6140787935875459f,2.4576133287946296f,0f,0f,0f,1f], start_interpolation: 0, interpolation_duration: 1 }
$data merge entity $(bone_leftwing21) { transformation: [-0.2549196272334435f,-2.2402616398439625f,-1.9149518621036261f,1.1925541792361802f,-0.2549196272334434f,1.9316590699892684f,-2.2258719833940805f,0.3524922431488309f,2.9361247985706718f,-0.0267934292537355f,-0.35951376169279076f,2.4576133287946296f,0f,0f,0f,1f], start_interpolation: 0, interpolation_duration: 1 }
$data merge entity $(bone_leftwing22) { transformation: [-0.0872186193271003f,-2.2445874701202944f,-1.9336091058603586f,1.1925541792361802f,-0.060067819457791f,1.9353890045379367f,-2.243944168428369f,0.3524922431488309f,2.961994082092789f,-0.026845165990825117f,-0.10244299661111296f,2.4576133287946296f,0f,0f,0f,1f], start_interpolation: 0, interpolation_duration: 1 }
$data merge entity $(bone_leftwing23) { transformation: [0.08033776617561922f,-2.2088271890234865f,-1.9030430202181343f,1.1925541792361802f,0.13357090266287003f,1.9045548063811422f,-2.2049431393795076f,0.3524922431488309f,2.9124987728293004f,-0.026417474624504285f,0.15361464691469354f,2.4576133287946296f,0f,0f,0f,1f], start_interpolation: 0, interpolation_duration: 1 }
$data merge entity $(bone_leftwing1) { transformation: [-0.23616570716016633f,-1.5146243581875338f,1.2845772893627463f,0.8383056184959308f,-0.30112441643526666f,1.3059804386613547f,1.4844996394948757f,-0.09919438150406915f,-1.9630460627779622f,-0.018114839742517225f,-0.38225908490583205f,-0.48695576537231355f,0f,0f,0f,1f], start_interpolation: 0, interpolation_duration: 1 }
$data merge entity $(bone_leftwing) { transformation: [-0.10053707899728725f,-0.8835308756093948f,-0.7552328109283261f,0.6874999999999999f,-0.10053707899728724f,0.761821922552457f,-0.8778557769795007f,-0.25f,1.157970510248209f,-0.010566989849801716f,-0.14178768364046207f,1.25f,0f,0f,0f,1f], start_interpolation: 0, interpolation_duration: 1 }
$data merge entity $(bone_rightwing20) { transformation: [-0.42087121773656294f,2.2403818631523937f,1.8855483649193048f,-1.1925541792361807f,0.4479711460784164f,1.9317627321865873f,-2.1953019632677675f,0.3524922431488309f,-2.893773553938394f,-0.02679486711913952f,-0.6140787935875455f,2.4576133287946296f,0f,0f,0f,1f], start_interpolation: 0, interpolation_duration: 1 }
$data merge entity $(bone_rightwing21) { transformation: [-0.25493330745740633f,2.2403818631523937f,1.9150546277111131f,-1.1925541792361807f,0.254933307457407f,1.9317627321865873f,-2.2259914344837344f,0.3524922431488309f,-2.936282365272245f,-0.02679486711913952f,-0.3595330549454571f,2.4576133287946296f,0f,0f,0f,1f], start_interpolation: 0, interpolation_duration: 1 }
$data merge entity $(bone_rightwing22) { transformation: [-0.0870552007755592f,2.2403818631523937f,1.9299861684444395f,-1.1925541792361807f,0.059955272433707005f,1.9317627321865873f,-2.239739766792902f,0.3524922431488309f,-2.956444294830606f,-0.02679486711913952f,-0.10225105266323986f,2.4576133287946296f,0f,0f,0f,1f], start_interpolation: 0, interpolation_duration: 1 }
$data merge entity $(bone_rightwing23) { transformation: [0.08033776617561995f,2.2088271890234865f,1.903043020218134f,-1.1925541792361807f,-0.13357090266287003f,1.9045548063811422f,-2.2049431393795076f,0.3524922431488309f,-2.9124987728293004f,-0.02641747462450375f,0.153614646914694f,2.4576133287946296f,0f,0f,0f,1f], start_interpolation: 0, interpolation_duration: 1 }
$data merge entity $(bone_rightwing1) { transformation: [-0.2361657071601668f,1.5146243581875338f,-1.284577289362746f,-0.8383056184959305f,0.30112441643526666f,1.3059804386613547f,1.4844996394948757f,-0.09919438150406915f,1.9630460627779622f,-0.018114839742516858f,-0.3822590849058324f,-0.48695576537231355f,0f,0f,0f,1f], start_interpolation: 0, interpolation_duration: 1 }
$data merge entity $(bone_rightwing) { transformation: [-0.10053707899728696f,0.8835308756093948f,0.7552328109283261f,-0.6875000000000001f,0.10053707899728724f,0.761821922552457f,-0.8778557769795007f,-0.25f,-1.157970510248209f,-0.0105669898498015f,-0.14178768364046188f,1.25f,0f,0f,0f,1f], start_interpolation: 0, interpolation_duration: 1 }
$data merge entity $(bone_head) { transformation: [-1.2269070000000002f,-2.480508431498183e-18f,1.5023229640851377e-16f,-4.10206271741266e-16f,0f,1.226739795613816f,0.02025488845620809f,-0.14826169615235438f,-1.5025277304014817e-16f,0.02025488845620809f,-1.226739795613816f,3.3495884039942583f,0f,0f,0f,1f], start_interpolation: 0, interpolation_duration: 1 }
$data merge entity $(bone_neck4) { transformation: [-1.0497600000000002f,5.847241242965607e-17f,1.144913562809883e-16f,-4.0122329908527746e-16f,0f,0.9348928716483941f,-0.4774634814737346f,-0.14888776150545047f,-1.2855852238729257e-16f,-0.4774634814737346f,-0.9348928716483941f,3.2762368657201795f,0f,0f,0f,1f], start_interpolation: 0, interpolation_duration: 1 }
$data merge entity $(bone_neck3) { transformation: [-1.1664000000000003f,8.245527134666741e-17f,1.1664130699191436e-16f,-3.501927272763149e-16f,0f,0.9524485514772472f,-0.6732983861475486f,-0.44345580544500296f,-1.428428026525473e-16f,-0.6732983861475486f,-0.9524485514772472f,2.8595406244488837f,0f,0f,0f,1f], start_interpolation: 0, interpolation_duration: 1 }
$data merge entity $(bone_neck2) { transformation: [-1.2960000000000003f,9.948257835411872e-17f,1.236665754161989e-16f,-3.1927608342226517e-16f,0f,1.0098142215559653f,-0.8123368992870627f,-0.6465400302667687f,-1.58714225169497e-16f,-0.8123368992870627f,-1.0098142215559653f,2.6070870690598924f,0f,0f,0f,1f], start_interpolation: 0, interpolation_duration: 1 }
$data merge entity $(bone_neck1) { transformation: [-1.4400000000000002f,9.01155361938578e-17f,1.5158564902315054e-16f,-2.8137967116647754e-16f,0f,1.2377907583532686f,-0.7358491955117161f,-0.8305023291446977f,-1.7634913907721887e-16f,-0.7358491955117161f,-1.2377907583532686f,2.2976393794715753f,0f,0f,0f,1f], start_interpolation: 0, interpolation_duration: 1 }
$data merge entity $(bone_neck0) { transformation: [-1.6f,5.104342888283774e-17f,1.8917827254742083e-16f,-2.372753173347997e-16f,0f,1.5447578246979792f,-0.4168012272467144f,-1.03125f,-1.9594348786357652e-16f,-0.4168012272467144f,-1.5447578246979792f,1.9375f,0f,0f,0f,1f], start_interpolation: 0, interpolation_duration: 1 }
$data merge entity $(bone_frontlegl) { transformation: [-0.9659258262890683f,-0.22851266874070714f,0.12152883745342319f,0.43300366290977965f,0f,0.4695513709405906f,0.8829051534835505f,-0.8212240896375739f,-0.2588190451025208f,0.8528208899134753f,-0.45355179596095474f,1.45428011813878f,0f,0f,0f,1f], start_interpolation: 0, interpolation_duration: 1 }
$data merge entity $(bone_frontlegtipleft) { transformation: [-0.9659258262890683f,0.1613308693750599f,0.20238490233826256f,0.9734560587705392f,0f,0.7819552160780744f,-0.6233346132281536f,-1.1600090315099143f,-0.2588190451025208f,-0.6020950013369811f,-0.7553107382112609f,0.40321014400316685f,0f,0f,0f,1f], start_interpolation: 0, interpolation_duration: 1 }
$data merge entity $(bone_frontfootleftd) { transformation: [-0.9659258262890683f,-0.04994187909295063f,0.25395493068740704f,0.6928918547370487f,8.300992022875434e-17f,0.9812065050576673f,0.1929606033171487f,-2.7386216353153494f,-0.2588190451025206f,0.1863856302003541f,-0.9477727041580362f,1.4094120272727204f,0f,0f,0f,1f], start_interpolation: 0, interpolation_duration: 1 }
$data merge entity $(bone_frontfootleft) { transformation: [0.9659258262890683f,0.20393778667959117f,0.1593633498393222f,0.7604825172822236f,-7.604412027138205e-18f,-0.6157327014949647f,0.7879551004401917f,-2.3474773535425415f,0.2588190451025207f,-0.761106181471378f,-0.5947521184647241f,1.1980382215054384f,0f,0f,0f,1f], start_interpolation: 0, interpolation_duration: 1 }
$data merge entity $(bone_frontlegr) { transformation: [-0.9659258262890683f,0.12581732678377883f,-0.22617979217596873f,-0.8746789528220769f,0f,0.8738916105898498f,0.4861208213404135f,-0.883871052059892f,0.25881904510252063f,0.46955665602955954f,-0.8441144760460854f,1.5636977653126614f,0f,0f,0f,1f], start_interpolation: 0, interpolation_duration: 1 }
$data merge entity $(bone_frontlegtipright) { transformation: [-0.9659258262890683f,-0.2532597164288988f,-0.05335554462410061f,-0.8322604641452332f,0f,0.2061499941125508f,-0.9785204034292773f,-1.8068433581186032f,0.25881904510252063f,-0.9451781292231372f,-0.19912560340265206f,0.756079893945858f,0f,0f,0f,1f], start_interpolation: 0, interpolation_duration: 1 }
$data merge entity $(bone_frontfootrightd) { transformation: [-0.9659258262890679f,0.11330681063715334f,-0.23269908631324043f,-0.38638210678321816f,1.9941455792882453e-16f,0.8990802288953121f,0.43778389875548473f,-2.359596239115263f,0.2588190451025207f,0.4228667741414414f,-0.8684448129958691f,2.460998558584805f,0f,0f,0f,1f], start_interpolation: 0, interpolation_duration: 1 }
$data merge entity $(bone_frontfootright) { transformation: [0.9659258262890681f,-0.08463017014349426f,-0.24459156242451177f,-0.4834099381776038f,-8.368185599300739e-17f,-0.9450292281529235f,0.3269858680993562f,-2.1530365016997512f,-0.2588190451025207f,-0.3158440948287191f,-0.9128281380709329f,2.0580077811041777f,0f,0f,0f,1f], start_interpolation: 0, interpolation_duration: 1 }
$data merge entity $(bone_rearlegl) { transformation: [-1.0464196451464907f,-0.13560795330440703f,-0.24541295883305211f,-0.03180683395196904f,-1.5034270125132327e-17f,0.9482028601714446f,-0.5239488973877153f,-0.6152765399948565f,0.28038729886106395f,-0.5060957716424752f,-0.9158936312007606f,-1.5199653471461092f,0f,0f,0f,1f], start_interpolation: 0, interpolation_duration: 1 }
$data merge entity $(bone_rearfootleftd) { transformation: [-0.9659258262890683f,0.119603122544682f,-0.2295264498600158f,0.7442882727752036f,-1.3877787807814457e-17f,0.8868221029449294f,0.462110979882899f,-2.5843366512953514f,0.2588190451025206f,0.4463649300806404f,-0.8566043725584902f,-1.2798349996296479f,0f,0f,0f,1f], start_interpolation: 0, interpolation_duration: 1 }
$data merge entity $(bone_rearfootleft) { transformation: [-0.9659258262890683f,0.21066210824263384f,-0.15036214370162923f,0.6672470625106628f,-1.3877787807814457e-17f,0.5809547115903677f,0.8139358838882536f,-1.952136392173381f,0.2588190451025206f,0.7862016911910846f,-0.5611591598294533f,-1.5673567106135113f,0f,0f,0f,1f], start_interpolation: 0, interpolation_duration: 1 }
$data merge entity $(bone_rearlegtipleft) { transformation: [-0.9659258262890683f,0.2579237370188036f,-0.021509160607415773f,0.8661447579243632f,-1.3877787807814457e-17f,0.08310501493000949f,0.9965407951978097f,-1.9313151769432346f,0.2588190451025206f,0.9625844910322097f,-0.0802732802150347f,-0.5835789492489546f,0f,0f,0f,1f], start_interpolation: 0, interpolation_duration: 1 }
$data merge entity $(bone_rearlegr) { transformation: [-1.0464196451464907f,0.034587965286457495f,0.2782457726901642f,-1.3031711565310324f,3.758567531283082e-18f,1.0750591115887485f,-0.1336376357959162f,-0.5358082809171396f,-0.2803872988610642f,-0.12908404377948793f,-1.0384273606709535f,-1.8668086655326208f,0f,0f,0f,1f], start_interpolation: 0, interpolation_duration: 1 }
$data merge entity $(bone_rearfootrightd) { transformation: [-0.9659258262890683f,0.05801269705546307f,0.2522336715986424f,-0.6026746788028238f,3.469446951953614e-18f,0.9745560706273765f,-0.22414384935422205f,-2.943172862338524f,-0.25881904510252085f,-0.21650633289508936f,-0.9413488777857761f,-1.824801088642398f,0f,0f,0f,1f], start_interpolation: 0, interpolation_duration: 1 }
$data merge entity $(bone_rearfootright) { transformation: [-0.9659258262890683f,-0.21718060895336233f,0.1407830998466344f,-0.5330338737774329f,3.469446951953614e-18f,0.5439441281875868f,0.839121436628958f,-2.298283858632667f,-0.25881904510252085f,0.8105290670326962f,-0.5254096814746816f,-2.0847041112771545f,0f,0f,0f,1f], start_interpolation: 0, interpolation_duration: 1 }
$data merge entity $(bone_rearlegtipright) { transformation: [-0.9659258262890683f,-0.2479586775872155f,0.07418754826101231f,-0.8459996372740284f,3.469446951953614e-18f,0.2866386754175137f,0.958038762135903f,-2.071522605848647f,-0.25881904510252085f,0.9253943829330782f,-0.276871699399066f,-1.1581814374505424f,0f,0f,0f,1f], start_interpolation: 0, interpolation_duration: 1 }
$data merge entity $(bone_tail11) { transformation: [-0.2879486030304943f,-0.023954368341448366f,0.05299500393087938f,-0.45116525487787906f,0.013303947140360314f,0.2339448493056753f,0.18088584688285006f,-2.3993666669958325f,-0.06476139132992828f,0.2152602453477762f,-0.2427475070457511f,-7.90395164128328f,0f,0f,0f,1f], start_interpolation: 0, interpolation_duration: 1 }
$data merge entity $(bone_tail10) { transformation: [-0.38790059037640096f,-0.015241137641647515f,0.0521263853479743f,-0.4804863466361146f,0.007499916673148968f,0.3581518871630896f,0.1656867280951322f,-2.4925654515493445f,-0.06267465368186223f,0.20692716271393097f,-0.38450475295874464f,-7.687667717743986f,0f,0f,0f,1f], start_interpolation: 0, interpolation_duration: 1 }
$data merge entity $(bone_tail9) { transformation: [-0.4887855826254692f,-0.003982869057187329f,0.02803197287841718f,-0.4962543313802243f,0.001061142968403762f,0.48268954703137557f,0.10206697402390985f,-2.5499781244377937f,-0.035192617985957894f,0.14450990588926776f,-0.5309676053029163f,-7.388998439761096f,0f,0f,0f,1f], start_interpolation: 0, interpolation_duration: 1 }
$data merge entity $(bone_tail8) { transformation: [-0.5757491397809391f,0.00276062054408659f,-0.016970760556172977f,-0.486708278567377f,0.0020378928249061515f,0.5803550773892749f,-0.008983647100979084f,-2.544924822943493f,0.015041201186557142f,0.02693458654499227f,-0.6479786199366931f,-7.024510466046706f,0f,0f,0f,1f], start_interpolation: 0, interpolation_duration: 1 }
$data merge entity $(bone_tail7) { transformation: [-0.6737471034791102f,-0.001224404011713684f,-0.07265088202561654f,-0.4458421574279677f,0.014837205390035305f,0.6637160243343438f,-0.15985665034729724f,-2.4550054571231383f,0.07584411808209213f,-0.13680776328634917f,-0.7469887599546069f,-6.60432928857224f,0f,0f,0f,1f], start_interpolation: 0, interpolation_duration: 1 }
$data merge entity $(bone_tail6) { transformation: [-0.7881984519933154f,-0.014128155642346102f,-0.11889081970501447f,-0.37896607134389704f,0.0306471888862794f,0.7442170087065051f,-0.30098235536155143f,-2.2857028822322656f,0.12610147463546623f,-0.2897805125787974f,-0.8404165224628801f,-6.1315949946868695f,0f,0f,0f,1f], start_interpolation: 0, interpolation_duration: 1 }
$data merge entity $(bone_tail5) { transformation: [-0.8739519964642569f,-0.025698921846084705f,-0.14222606280940678f,-0.2989639110136057f,0.03935036759227292f,0.7990795779805108f,-0.3958527590395926f,-2.063035705272495f,0.15222579514063303f,-0.3920621936718551f,-0.9046498803744036f,-5.622729436976267f,0f,0f,0f,1f], start_interpolation: 0, interpolation_duration: 1 }
$data merge entity $(bone_tail4) { transformation: [-0.9723536435081621f,-0.02346522628751934f,-0.1507298191583235f,-0.21417838773704873f,0.04027967583462665f,0.901531759713384f,-0.4114512672462792f,-1.8315943674464628f,0.16060657426279618f,-0.40312350556967486f,-1.0200165855578724f,-5.048970107599964f,0f,0f,0f,1f], start_interpolation: 0, interpolation_duration: 1 }
$data merge entity $(bone_tail3) { transformation: [-1.0847735657978734f,-0.02006822214196236f,-0.13726248159247034f,-0.13696824184128414f,0.03266642375296549f,1.017406045091211f,-0.4221733380391042f,-1.5941218647994666f,0.14545099465120417f,-0.4071095715353949f,-1.1532843969691604f,-4.400247634304812f,0f,0f,0f,1f], start_interpolation: 0, interpolation_duration: 1 }
$data merge entity $(bone_tail2) { transformation: [-1.2092817612512208f,-0.016278599259767927f,-0.11784715475981523f,-0.07067921728888807f,0.02383474276585478f,1.1480360037473325f,-0.4251116438416694f,-1.3549965651385276f,0.1234561668021329f,-0.40156324452803355f,-1.302418727658781f,-3.6676370999967474f,0f,0f,0f,1f], start_interpolation: 0, interpolation_duration: 1 }
$data merge entity $(bone_tail1) { transformation: [-1.3473856009266079f,-0.01247136617006895f,-0.08517588049971404f,-0.022767784507798924f,0.012072820688387503f,1.2946275779395573f,-0.41803117693141983f,-1.1198540281146039f,0.08656962341665922f,-0.38388977003400016f,-1.4687476087264444f,-2.8414665700881225f,0f,0f,0f,1f], start_interpolation: 0, interpolation_duration: 1 }
$data merge entity $(bone_tail0) { transformation: [-1.4994512295783087f,-0.009505470223176419f,-0.04470071477972138f,2.4492935982947064e-16f,0f,1.458249426979515f,-0.3982963046572891f,-0.53125f,0.04057105022177913f,-0.3513093433852169f,-1.6520780549945362f,-2f,0f,0f,0f,1f], start_interpolation: 0, interpolation_duration: 1 }