# This file was generated by Animated Java via MC-Build. It is not recommended to edit this file directly.
$data merge entity $(bone_leftwing20) { transformation: [-0.41859641283549837f,-2.2624317158402385f,-1.8595472259215586f,1.1843750954193268f,-0.4499098828237405f,1.9058279723399247f,-2.2174618256681073f,0.3594629905440906f,2.893802731979134f,-0.030960977342449687f,-0.6137452870558102f,2.457508418856771f,0f,0f,0f,1f], start_interpolation: 0, interpolation_duration: 1 }
$data merge entity $(bone_leftwing21) { transformation: [-0.2549196272334428f,-2.2623103092932335f,-1.8888528035810686f,1.1843750954193268f,-0.2549196272334434f,1.905725701852958f,-2.248115299184532f,0.3594629905440906f,2.9361247985706727f,-0.030959315915355674f,-0.3591789991852646f,2.457508418856771f,0f,0f,0f,1f], start_interpolation: 0, interpolation_duration: 1 }
$data merge entity $(bone_leftwing22) { transformation: [-0.08949769445347702f,-2.266678714418931f,-1.9075591579639417f,1.1843750954193268f,-0.05812544334861591f,1.909405560398424f,-2.266145628947874f,0.3594629905440906f,2.9619648492795263f,-0.031019096765832806f,-0.10210886402655257f,2.457508418856771f,0f,0f,0f,1f], start_interpolation: 0, interpolation_duration: 1 }
$data merge entity $(bone_leftwing23) { transformation: [0.07586930418366622f,-2.230566480405869f,-1.8777011129615142f,1.1843750954193268f,0.13737921670985956f,1.878985324842179f,-2.226541161597594f,0.3594629905440906f,2.9124414575993316f,-0.0305249072390349f,0.15393969773640792f,2.457508418856771f,0f,0f,0f,1f], start_interpolation: 0, interpolation_duration: 1 }
$data merge entity $(bone_leftwing1) { transformation: [-0.23071298461559767f,-1.5295313008497387f,1.2677955349545413f,0.8383056184959303f,-0.3057715813654398f,1.28844707989178f,1.4988021424950078f,-0.09919438150406915f,-1.9629761228193898f,-0.020931364963909647f,-0.38247433796492347f,-0.486955765372314f,0f,0f,0f,1f], start_interpolation: 0, interpolation_duration: 1 }
$data merge entity $(bone_leftwing) { transformation: [-0.100537078997287f,-0.8922265921623476f,-0.7449396721186012f,0.6874999999999999f,-0.10053707899728724f,0.7515941299368717f,-0.8866282595892384f,-0.25f,1.1579705102482094f,-0.012209962895613961f,-0.14165565753862852f,1.25f,0f,0f,0f,1f], start_interpolation: 0, interpolation_duration: 1 }
$data merge entity $(bone_rightwing20) { transformation: [-0.41859641283549753f,2.2624317158402385f,1.8595472259215586f,-1.1843750954193273f,0.4499098828237405f,1.9058279723399247f,-2.2174618256681073f,0.3594629905440906f,-2.893802731979134f,-0.030960977342449136f,-0.6137452870558098f,2.457508418856771f,0f,0f,0f,1f], start_interpolation: 0, interpolation_duration: 1 }
$data merge entity $(bone_rightwing21) { transformation: [-0.25493330745740556f,2.2624317158402385f,1.8889541685864533f,-1.1843750954193273f,0.254933307457407f,1.9058279723399247f,-2.2482359439584263f,0.3594629905440906f,-2.936282365272246f,-0.030960977342449136f,-0.3591982744729506f,2.457508418856771f,0f,0f,0f,1f], start_interpolation: 0, interpolation_duration: 1 }
$data merge entity $(bone_rightwing22) { transformation: [-0.08933000567662301f,2.2624317158402385f,1.903985029446693f,-1.1843750954193273f,0.05801653568838285f,1.9058279723399247f,-2.261899629193242f,0.3594629905440906f,-2.9564151167898682f,-0.030960977342449136f,-0.10191754613150411f,2.457508418856771f,0f,0f,0f,1f], start_interpolation: 0, interpolation_duration: 1 }
$data merge entity $(bone_rightwing23) { transformation: [0.07586930418366691f,2.230566480405869f,1.8777011129615142f,-1.1843750954193273f,-0.13737921670985956f,1.878985324842179f,-2.226541161597594f,0.3594629905440906f,-2.9124414575993316f,-0.030524907239034355f,0.15393969773640842f,2.457508418856771f,0f,0f,0f,1f], start_interpolation: 0, interpolation_duration: 1 }
$data merge entity $(bone_rightwing1) { transformation: [-0.23071298461559814f,1.5295313008497387f,-1.2677955349545411f,-0.8383056184959301f,0.3057715813654398f,1.28844707989178f,1.4988021424950078f,-0.09919438150406915f,1.9629761228193898f,-0.020931364963909273f,-0.3824743379649238f,-0.486955765372314f,0f,0f,0f,1f], start_interpolation: 0, interpolation_duration: 1 }
$data merge entity $(bone_rightwing) { transformation: [-0.10053707899728671f,0.8922265921623476f,0.7449396721186012f,-0.6875000000000001f,0.10053707899728724f,0.7515941299368717f,-0.8866282595892384f,-0.25f,-1.1579705102482094f,-0.012209962895613742f,-0.14165565753862833f,1.25f,0f,0f,0f,1f], start_interpolation: 0, interpolation_duration: 1 }
$data merge entity $(bone_head) { transformation: [-1.2269070000000002f,-3.983277659477902e-18f,1.501999643986036e-16f,-4.110965038031584e-16f,0f,1.226475784717509f,0.03252593043358466f,-0.1583657911626804f,-1.5025277304014817e-16f,0.03252593043358466f,-1.226475784717509f,3.3568577004355844f,0f,0f,0f,1f], start_interpolation: 0, interpolation_duration: 1 }
$data merge entity $(bone_neck4) { transformation: [-1.0497600000000002f,5.732413826350616e-17f,1.1507057334849094e-16f,-4.021132136481431e-16f,0f,0.9396225379318145f,-0.46808711134849207f,-0.15825803131159194f,-1.2855852238729257e-16f,-0.46808711134849207f,-0.9396225379318145f,3.2835035695852057f,0f,0f,0f,1f], start_interpolation: 0, interpolation_duration: 1 }
$data merge entity $(bone_neck3) { transformation: [-1.1664000000000003f,8.002824315453058e-17f,1.1831967954331987e-16f,-3.503483538479407e-16f,0f,0.966153503407665f,-0.6534801969861788f,-0.44415561749304516f,-1.428428026525473e-16f,-0.6534801969861788f,-0.966153503407665f,2.8608114118443524f,0f,0f,0f,1f], start_interpolation: 0, interpolation_duration: 1 }
$data merge entity $(bone_neck2) { transformation: [-1.2960000000000003f,9.760001662854565e-17f,1.2515766866341596e-16f,-3.190589366820867e-16f,0f,1.0219899219150825f,-0.7969646162183135f,-0.6433967715476235f,-1.58714225169497e-16f,-0.7969646162183135f,-1.0219899219150825f,2.6053139313655818f,0f,0f,0f,1f], start_interpolation: 0, interpolation_duration: 1 }
$data merge entity $(bone_neck1) { transformation: [-1.4400000000000002f,9.017140062918792e-17f,1.515524244670694e-16f,-2.8117083056531936e-16f,0f,1.2375194592643861f,-0.7363053632440697f,-0.827473112358641f,-1.7634913907721887e-16f,-0.7363053632440697f,-1.2375194592643861f,2.2959340665494854f,0f,0f,0f,1f], start_interpolation: 0, interpolation_duration: 1 }
$data merge entity $(bone_neck0) { transformation: [-1.6f,5.263658545464505e-17f,1.8874119928573996e-16f,-2.372753173347997e-16f,0f,1.541188850672283f,-0.4298103378973651f,-1.03125f,-1.9594348786357652e-16f,-0.4298103378973651f,-1.541188850672283f,1.9375f,0f,0f,0f,1f], start_interpolation: 0, interpolation_duration: 1 }
$data merge entity $(bone_frontlegl) { transformation: [-0.9659258262890683f,-0.22411585054482164f,0.1294580381527231f,0.4334971717539261f,0f,0.500187449889723f,0.8659171524879362f,-0.8199302262175117f,-0.25881904510252085f,0.836411741014787f,-0.48314397583415253f,1.4524383180584408f,0f,0f,0f,1f], start_interpolation: 0, interpolation_duration: 1 }
$data merge entity $(bone_frontlegtipleft) { transformation: [-0.9659258262890683f,0.17488108695349697f,0.1907980700472208f,0.9724099350353134f,0f,0.7371871338588847f,-0.6756886336715476f,-1.1999098155936267f,-0.25881904510252085f,-0.6526651017933212f,-0.7120680914023131f,0.40711433093403343f,0f,0f,0f,1f], start_interpolation: 0, interpolation_duration: 1 }
$data merge entity $(bone_frontfootleftd) { transformation: [-0.9659258262890683f,-0.06774082199689753f,0.24979687576702247f,0.6676819264294105f,9.474014235322195e-17f,0.965141014518756f,0.2617304378434162f,-2.711051724680559f,-0.25881904510252063f,0.2528121894389015f,-0.932254631934499f,1.503496760571995f,0f,0f,0f,1f], start_interpolation: 0, interpolation_duration: 1 }
$data merge entity $(bone_frontfootleft) { transformation: [0.9659258262890683f,0.19823087477990922f,0.16640858869593422f,0.7387832133740676f,-1.6001058289149177e-17f,-0.6429534141508718f,0.7659052860711547f,-2.32791137291592f,0.25881904510252074f,-0.7398076963074454f,-0.6210453078290583f,1.2790211261795545f,0f,0f,0f,1f], start_interpolation: 0, interpolation_duration: 1 }
$data merge entity $(bone_frontlegr) { transformation: [-0.9659258262890683f,0.12131333759330329f,-0.22862714674717394f,-0.8746319031248183f,0f,0.8833474625355048f,0.46871874341878494f,-0.8844854676618292f,0.2588190451025206f,0.45274753953396385f,-0.8532481276499593f,1.5638733571733108f,0f,0f,0f,1f], start_interpolation: 0, interpolation_duration: 1 }
$data merge entity $(bone_frontlegtipright) { transformation: [-0.9659258262890683f,-0.25323830359613353f,-0.05345708278173325f,-0.8271534244426375f,0f,0.2065423074277955f,-0.9784376705965494f,-1.8202450649056834f,0.2588190451025206f,-0.9450982154433232f,-0.1995045489658442f,0.7751396255922166f,0f,0f,0f,1f], start_interpolation: 0, interpolation_duration: 1 }
$data merge entity $(bone_frontfootrightd) { transformation: [-0.9659258262890681f,0.11234017098977486f,-0.2331672877780431f,-0.38027328873299837f,2.0014904777575514e-16f,0.9008892204423493f,0.4340490899550136f,-2.3652915088080158f,0.2588190451025207f,0.4192592258648146f,-0.8701921646506909f,2.483796977922419f,0f,0f,0f,1f], start_interpolation: 0, interpolation_duration: 1 }
$data merge entity $(bone_frontfootright) { transformation: [0.9659258262890683f,-0.07976962800783614f,-0.2462196266654469f,-0.47833885146678373f,-8.364599926027357e-17f,-0.9513195853416312f,0.3082061753849628f,-2.1669785922535505f,-0.2588190451025207f,-0.2977043046261138f,-0.9189041565360889f,2.076933334358545f,0f,0f,0f,1f], start_interpolation: 0, interpolation_duration: 1 }
$data merge entity $(bone_rearlegl) { transformation: [-1.0464196451464907f,-0.15180322577210423f,-0.23573887674243968f,-0.03293395550921163f,-1.5034270125132327e-17f,0.910825077223592f,-0.5865226251490634f,-0.6303430826182451f,0.280387298861064f,-0.5665373513343426f,-0.8797894653220025f,-1.524171822064045f,0f,0f,0f,1f], start_interpolation: 0, interpolation_duration: 1 }
$data merge entity $(bone_rearfootleftd) { transformation: [-0.9659258262890683f,0.07007534426030188f,-0.24915205043222266f,0.7855738432082914f,-1.3877787807814457e-17f,0.9626496007414415f,0.27075033922849195f,-2.6127679217620305f,0.25881904510252063f,0.26152474513732665f,-0.9298481110230186f,-1.1257551531539005f,0f,0f,0f,1f], start_interpolation: 0, interpolation_duration: 1 }
$data merge entity $(bone_rearfootleft) { transformation: [-0.9659258262890683f,0.19295956410745133f,-0.1724932019739996f,0.6911047123645981f,-1.3877787807814457e-17f,0.6664625545839311f,0.7455385056034737f,-2.016902379836651f,0.25881904510252063f,0.7201348970553525f,-0.643753393727207f,-1.4783187492094363f,0f,0f,0f,1f], start_interpolation: 0, interpolation_duration: 1 }
$data merge entity $(bone_rearlegtipleft) { transformation: [-0.9659258262890683f,0.2521883757106188f,-0.05820928847031544f,0.886560804461545f,-1.3877787807814457e-17f,0.22490342025355287f,0.9743810607551102f,-1.8528977758802925f,0.25881904510252063f,0.9411798312302988f,-0.21724002204365062f,-0.5073852262825018f,0f,0f,0f,1f], start_interpolation: 0, interpolation_duration: 1 }
$data merge entity $(bone_rearlegr) { transformation: [-1.0464196451464907f,0.02907074230099251f,0.2788761899206761f,-1.3039594015117335f,1.879283765641541e-18f,1.0774948567259046f,-0.112320723111691f,-0.5316565939515976f,-0.28038729886106417f,-0.10849348728104578f,-1.0407801098051908f,-1.8638668952158335f,0f,0f,0f,1f], start_interpolation: 0, interpolation_duration: 1 }
$data merge entity $(bone_rearfootrightd) { transformation: [-0.9659258262890683f,0.05112358229321198f,0.25371968280228063f,-0.5892672403299707f,1.734723475976807e-18f,0.9802975770263725f,-0.19752635387771184f,-2.9250965274125336f,-0.2588190451025208f,-0.19079580658319562f,-0.9468947470983706f,-1.8748383302224396f,0f,0f,0f,1f], start_interpolation: 0, interpolation_duration: 1 }
$data merge entity $(bone_rearfootright) { transformation: [-0.9659258262890683f,-0.22093321873419847f,0.13481769530565169f,-0.5241967271491099f,1.734723475976807e-18f,0.5208955749459977f,0.8536204074421361f,-2.2731205504278154f,-0.2588190451025208f,0.8245339973957566f,-0.5031464886400321f,-2.117684791487992f,0f,0f,0f,1f], start_interpolation: 0, interpolation_duration: 1 }
$data merge entity $(bone_rearlegtipright) { transformation: [-0.9659258262890683f,-0.2504341052614396f,0.06534567338150933f,-0.8390853011399606f,1.734723475976807e-18f,0.25247629422179985f,0.9676030802224779f,-2.0811194487199205f,-0.2588190451025208f,0.9346328047837448f,-0.24387337311459392f,-1.1839860912034927f,0f,0f,0f,1f], start_interpolation: 0, interpolation_duration: 1 }
$data merge entity $(bone_tail11) { transformation: [-0.2868378363312036f,-0.03539854254963701f,0.052662429557911256f,-0.3784185320142527f,0.0017704901387482542f,0.23954769966211217f,0.1740349362531433f,-2.4909533181764854f,-0.07352384334683806f,0.20507047198434925f,-0.24888660022745643f,-7.888411313443091f,0f,0f,0f,1f], start_interpolation: 0, interpolation_duration: 1 }
$data merge entity $(bone_tail10) { transformation: [-0.385724952451519f,-0.030289925605721604f,0.06103401202208475f,-0.41275016377667534f,-0.004872824302771863f,0.3632206061263455f,0.15463711182519663f,-2.5779366935781582f,-0.07994666119802493f,0.19224117631622836f,-0.3887778363191593f,-7.669723780513563f,0f,0f,0f,1f], start_interpolation: 0, interpolation_duration: 1 }
$data merge entity $(bone_tail9) { transformation: [-0.48689592314700614f,-0.019971439444603313f,0.04756262653093053f,-0.4395041412003238f,-0.012438467129459153f,0.48561787732029066f,0.08695139638266237f,-2.626846854043406f,-0.06138259633421696f,0.12636048808676342f,-0.5330719859756909f,-7.369870788402237f,0f,0f,0f,1f], start_interpolation: 0, interpolation_duration: 1 }
$data merge entity $(bone_tail8) { transformation: [-0.5758345908243335f,-0.010619605398881042f,0.010304346980167321f,-0.4453003363766679f,-0.01236171598980539f,0.5798271503902458f,-0.026967122267595442f,-2.6116778477678833f,-0.016561973656351016f,0.007151043748123531f,-0.6483040537000264f,-7.005199758195973f,0f,0f,0f,1f], start_interpolation: 0, interpolation_duration: 1 }
$data merge entity $(bone_tail7) { transformation: [-0.67626188203645f,-0.009564564824155143f,-0.042699812620172195f,-0.42128169177782104f,0.0006232171821516971f,0.6590013328374329f,-0.17961893425264697f,-2.5106421972507693f,0.043595240710701526f,-0.1573339503823432f,-0.745334456349814f,-6.5859491264992025f,0f,0f,0f,1f], start_interpolation: 0, interpolation_duration: 1 }
$data merge entity $(bone_tail6) { transformation: [-0.7917830848654827f,-0.018427069962189194f,-0.09150438557996153f,-0.3698104748890927f,0.018321265559370945f,0.7363978350529402f,-0.3211247664655331f,-2.3300095161139067f,0.09718512495130525f,-0.3104535724397985f,-0.8366339023703263f,-6.115342556415894f,0f,0f,0f,1f], start_interpolation: 0, interpolation_duration: 1 }
$data merge entity $(bone_tail5) { transformation: [-0.8770763867556481f,-0.02777175750915323f,-0.12123496930672743f,-0.3016158046540585f,0.030417798646989777f,0.7902815957703375f,-0.4144126573731137f,-2.0969023963415303f,0.12983573882693447f,-0.41125494543882113f,-0.8993361178854082f,-5.609465990105352f,0f,0f,0f,1f], start_interpolation: 0, interpolation_duration: 1 }
$data merge entity $(bone_tail4) { transformation: [-0.9740778160273195f,-0.025988825998683802f,-0.13893216122384638f,-0.22346646396564493f,0.03520632588808204f,0.8940957122038067f,-0.42844007176801585f,-1.8559048559720213f,0.14759837161207764f,-0.4206856690444934f,-1.0145828163447408f,-5.038763155911435f,0f,0f,0f,1f], start_interpolation: 0, interpolation_duration: 1 }
$data merge entity $(bone_tail3) { transformation: [-1.0849643456483387f,-0.022742398449636558f,-0.13561305375831814f,-0.14718412122659097f,0.031148319761533594f,1.011507335322677f,-0.4369825040986689f,-1.61010219741652f,0.14307559602309247f,-0.4224319514845983f,-1.147738143349184f,-4.393160450277519f,0f,0f,0f,1f], start_interpolation: 0, interpolation_duration: 1 }
$data merge entity $(bone_tail2) { transformation: [-1.2088592476811153f,-0.018769797948814664f,-0.12214355897614636f,-0.07847836930250864f,0.023932492769251714f,1.1437265554805462f,-0.43749797291585435f,-1.3640095876513518f,0.12731910419323322f,-0.41412503311211324f,-1.2977555984898486f,-3.6631729261269794f,0f,0f,0f,1f], start_interpolation: 0, interpolation_duration: 1 }
$data merge entity $(bone_tail1) { transformation: [-1.34689996648407f,-0.014588245970426395f,-0.09287348585723461f,-0.02623703350781417f,0.01271786417412886f,1.291829683282534f,-0.4277550899279887f,-1.123397349566858f,0.09396290564114892f,-0.3932994639917164f,-1.465417548461338f,-2.8388755551174767f,0f,0f,0f,1f], start_interpolation: 0, interpolation_duration: 1 }
$data merge entity $(bone_tail0) { transformation: [-1.4992668764634447f,-0.01117842679772151f,-0.05161180481287963f,2.4492935982947064e-16f,-6.505213034913027e-19f,1.456754961869347f,-0.40525974951026034f,-0.53125f,0.04689171717421062f,-0.35740736400270945f,-1.650182037543385f,-2f,0f,0f,0f,1f], start_interpolation: 0, interpolation_duration: 1 }