# This file was generated by Animated Java via MC-Build. It is not recommended to edit this file directly.
$data merge entity $(bone_leftwing20) { transformation: [-0.4167646460784998f,-2.27981500918529f,-1.8386100360825968f,1.1777889596889999f,-0.45143859886021387f,1.8849414493864038f,-2.2349351299210727f,0.3649595043719956f,2.8938290433868588f,-0.034283631512283544f,-0.6134445462893451f,2.4574138159266345f,0f,0f,0f,1f], start_interpolation: 0, interpolation_duration: 1 }
$data merge entity $(bone_leftwing21) { transformation: [-0.2549196272334436f,-2.2796926698164874f,-1.8678367649009047f,1.1777889596889999f,-0.25491962723344297f,1.8848402997114435f,-2.26565440738745f,0.3649595043719956f,2.9361247985706713f,-0.03428179178501506f,-0.3588771258379173f,2.4574138159266345f,0f,0f,0f,1f], start_interpolation: 0, interpolation_duration: 1 }
$data merge entity $(bone_leftwing22) { transformation: [-0.09133289977207384f,-2.2840946393884476f,-1.8865826651860822f,1.1777889596889999f,-0.056593857632235574f,1.8884798296170262f,-2.283651733792259f,0.3649595043719956f,2.9619384884804694f,-0.034347988165916735f,-0.10180755871460376f,2.4574138159266345f,0f,0f,0f,1f], start_interpolation: 0, interpolation_duration: 1 }
$data merge entity $(bone_leftwing23) { transformation: [0.07227111423430095f,-2.2477049386333845f,-1.857294763718152f,1.1777889596889999f,0.14038211577266585f,1.8583929782682853f,-2.2435714484586318f,0.3649595043719956f,2.9123897733756317f,-0.033800763462814756f,0.15423281353463106f,2.4574138159266345f,0f,0f,0f,1f], start_interpolation: 0, interpolation_duration: 1 }
$data merge entity $(bone_leftwing1) { transformation: [-0.2263222274620461f,-1.5412833864914637f,1.2542821739473229f,0.8383056184959308f,-0.3094359239173766f,1.2743266136696814f,1.5100798292416735f,-0.09919438150406934f,-1.9629130541992983f,-0.023177666374501547f,-0.38266844321868876f,-0.48695576537231333f,0f,0f,0f,1f], start_interpolation: 0, interpolation_duration: 1 }
$data merge entity $(bone_leftwing) { transformation: [-0.10053707899728725f,-0.8990819754533539f,-0.7366512120893434f,0.6874999999999999f,-0.10053707899728712f,0.7433571913073141f,-0.8935454621839369f,-0.25f,1.157970510248209f,-0.013520305385125903f,-0.1415366025058765f,1.25f,0f,0f,0f,1f], start_interpolation: 0, interpolation_duration: 1 }
$data merge entity $(bone_rightwing20) { transformation: [-0.41676464607849895f,2.27981500918529f,1.8386100360825968f,-1.1777889596890003f,0.45143859886021387f,1.8849414493864038f,-2.2349351299210727f,0.3649595043719956f,-2.8938290433868588f,-0.03428363151228299f,-0.6134445462893446f,2.4574138159266345f,0f,0f,0f,1f], start_interpolation: 0, interpolation_duration: 1 }
$data merge entity $(bone_rightwing21) { transformation: [-0.25493330745740633f,2.27981500918529f,1.8679370020836927f,-1.1777889596890003f,0.2549333074574065f,1.8849414493864038f,-2.2657759933949833f,0.3649595043719956f,-2.9362823652722447f,-0.03428363151228299f,-0.35889638492561504f,2.4574138159266345f,0f,0f,0f,1f], start_interpolation: 0, interpolation_duration: 1 }
$data merge entity $(bone_rightwing22) { transformation: [-0.09116177243362311f,2.27981500918529f,1.8830478396077315f,-1.1777889596890003f,0.05648781965190873f,1.8849414493864038f,-2.279372933446207f,0.3649595043719956f,-2.9563888053821414f,-0.03428363151228299f,-0.10161680536503917f,2.4574138159266345f,0f,0f,0f,1f], start_interpolation: 0, interpolation_duration: 1 }
$data merge entity $(bone_rightwing23) { transformation: [0.07227111423430169f,2.2477049386333845f,1.857294763718152f,-1.1777889596890003f,-0.14038211577266585f,1.8583929782682853f,-2.2435714484586318f,0.3649595043719956f,-2.9123897733756317f,-0.03380076346281421f,0.15423281353463156f,2.4574138159266345f,0f,0f,0f,1f], start_interpolation: 0, interpolation_duration: 1 }
$data merge entity $(bone_rightwing1) { transformation: [-0.22632222746204658f,1.5412833864914637f,-1.2542821739473227f,-0.8383056184959305f,0.3094359239173766f,1.2743266136696814f,1.5100798292416735f,-0.09919438150406934f,1.9629130541992983f,-0.023177666374501173f,-0.3826684432186891f,-0.48695576537231333f,0f,0f,0f,1f], start_interpolation: 0, interpolation_duration: 1 }
$data merge entity $(bone_rightwing) { transformation: [-0.10053707899728696f,0.8990819754533539f,0.7366512120893434f,-0.6875000000000001f,0.10053707899728712f,0.7433571913073141f,-0.8935454621839369f,-0.25f,-1.157970510248209f,-0.013520305385125685f,-0.1415366025058763f,1.25f,0f,0f,0f,1f], start_interpolation: 0, interpolation_duration: 1 }
$data merge entity $(bone_head) { transformation: [-1.2269070000000002f,-6.087374328116189e-18f,1.5012940977717746e-16f,-4.130847373762268e-16f,0f,1.2258996625125174f,0.04970718359248109f,-0.1830322111527725f,-1.5025277304014817e-16f,0.04970718359248109f,-1.2258996625125174f,3.3730928596215044f,0f,0f,0f,1f], start_interpolation: 0, interpolation_duration: 1 }
$data merge entity $(bone_neck4) { transformation: [-1.0497600000000002f,5.570622983390244e-17f,1.1586245999501494e-16f,-4.0410251394422893e-16f,0f,0.9460887831143061f,-0.45487588644078675f,-0.1818966795829996f,-1.2855852238729257e-16f,-0.45487588644078675f,-0.9460887831143061f,3.2997474392255857f,0f,0f,0f,1f], start_interpolation: 0, interpolation_duration: 1 }
$data merge entity $(bone_neck3) { transformation: [-1.1664000000000003f,7.595834328992188e-17f,1.2097270913013787e-16f,-3.511769536997936e-16f,0f,0.9878171340043822f,-0.6202469425699478f,-0.45325471695735176f,-1.428428026525473e-16f,-0.6202469425699478f,-0.9878171340043822f,2.8675774430986687f,0f,0f,0f,1f], start_interpolation: 0, interpolation_duration: 1 }
$data merge entity $(bone_neck2) { transformation: [-1.2960000000000003f,9.353743292588003e-17f,1.2822228321469822e-16f,-3.1912138289611905e-16f,0f,1.0470143987962208f,-0.7637911027980021f,-0.6442024926568523f,-1.58714225169497e-16f,-0.7637911027980021f,-1.0470143987962208f,2.6058238433996133f,0f,0f,0f,1f], start_interpolation: 0, interpolation_duration: 1 }
$data merge entity $(bone_neck1) { transformation: [-1.4400000000000002f,8.859727933203742e-17f,1.5247800152230882e-16f,-2.8100188251554183e-16f,0f,1.2450773694788566f,-0.7234516874067062f,-0.8250654145085288f,-1.7634913907721887e-16f,-0.7234516874067062f,-1.2450773694788566f,2.294554501029899f,0f,0f,0f,1f], start_interpolation: 0, interpolation_duration: 1 }
$data merge entity $(bone_neck0) { transformation: [-1.6f,5.39056488296654e-17f,1.8838267293038484e-16f,-2.372753173347997e-16f,0f,1.5382612608104165f,-0.44017302676328074f,-1.03125f,-1.9594348786357652e-16f,-0.44017302676328074f,-1.5382612608104165f,1.9375f,0f,0f,0f,1f], start_interpolation: 0, interpolation_duration: 1 }
$data merge entity $(bone_frontlegl) { transformation: [-0.9659258262890683f,-0.2095141635886334f,0.1519576038358597f,0.43502229059847747f,-6.938893903907228e-18f,0.5871190961842385f,0.8095005663344546f,-0.8165026422450856f,-0.25881904510252085f,0.7819175034180769f,-0.5671134981118516f,1.4467464970429944f,0f,0f,0f,1f], start_interpolation: 0, interpolation_duration: 1 }
$data merge entity $(bone_frontlegtipleft) { transformation: [-0.9659258262890683f,0.2009778823687246f,0.163080314282147f,0.9642977359343895f,-6.938893903907228e-18f,0.6300939492978548f,-0.7765189083713496f,-1.315785747633218f,-0.25881904510252085f,-0.7500596681976812f,-0.6086240186152728f,0.43738947013979557f,0f,0f,0f,1f], start_interpolation: 0, interpolation_duration: 1 }
$data merge entity $(bone_frontfootleftd) { transformation: [-0.9659258262890681f,-0.0800054092298775f,0.24614311406525363f,0.6093344679540524f,1.1472336622952643e-16f,0.9510239633553781f,0.30911716407185835f,-2.6559087118871294f,-0.25881904510252063f,0.29858425212624357f,-0.9186186076247485f,1.7212524400945461f,0f,0f,0f,1f], start_interpolation: 0, interpolation_duration: 1 }
$data merge entity $(bone_frontfootleft) { transformation: [0.9659258262890681f,0.17994401167922364f,0.18603077908928972f,0.6903717493207349f,-2.6699705503808007e-17f,-0.7187677360280851f,0.6952502726680952f,-2.2991707325221f,0.2588190451025207f,-0.6715601941046303f,-0.694276319332851f,1.4596951696953862f,0f,0f,0f,1f], start_interpolation: 0, interpolation_duration: 1 }
$data merge entity $(bone_frontlegr) { transformation: [-0.9659258262890683f,0.11778721678653634f,-0.23046359727614701f,-0.8745932485326587f,0f,0.890442962514054f,0.45509485880329925f,-0.8849594547370904f,0.2588190451025206f,0.4395878775294838f,-0.8601018543296735f,1.5640176180751961f,0f,0f,0f,1f], start_interpolation: 0, interpolation_duration: 1 }
$data merge entity $(bone_frontlegtipright) { transformation: [-0.9659258262890683f,-0.25191625129335155f,-0.05937592476825561f,-0.8227990032107847f,0f,0.22941095677381962f,-0.9733296527447011f,-1.8278077578480136f,0.2588190451025206f,-0.9401642490790774f,-0.22159396798151748f,0.791390546867048f,0f,0f,0f,1f], start_interpolation: 0, interpolation_duration: 1 }
$data merge entity $(bone_frontfootrightd) { transformation: [-0.9659258262890683f,0.1090087125726589f,-0.23474326122602984f,-0.37734168583815364f,1.985962910335022e-16f,0.9069783142621743f,0.42117732305781197f,-2.3978868573169154f,0.25881904510252074f,0.40682605378883463f,-0.8760737776299571f,2.494737868873596f,0f,0f,0f,1f], start_interpolation: 0, interpolation_duration: 1 }
$data merge entity $(bone_frontfootright) { transformation: [0.9659258262890683f,-0.07597818061154261f,-0.24741587293207454f,-0.4761828799125629f,-8.152721803522526e-17f,-0.9559415259957811f,0.2935571475485774f,-2.2060238494598665f,-0.2588190451025207f,-0.2835544303089214f,-0.9233686083815078f,2.084979529738571f,0f,0f,0f,1f], start_interpolation: 0, interpolation_duration: 1 }
$data merge entity $(bone_rearlegl) { transformation: [-1.0464196451464907f,-0.17546107302963532f,-0.21870173573589347f,-0.03415387286650229f,1.5034270125132327e-17f,0.8449986192061859f,-0.6779295277908686f,-0.6541178340788594f,0.28038729886106395f,-0.6548296392971527f,-0.8162059894698569f,-1.5287246156224885f,0f,0f,0f,1f], start_interpolation: 0, interpolation_duration: 1 }
$data merge entity $(bone_rearfootleftd) { transformation: [-0.9659258262890683f,-0.006429243975228496f,-0.2587391793480214f,0.852428952021062f,1.3877787807814457e-17f,0.9996914224203726f,-0.024840691196746423f,-2.622248522951568f,0.2588190451025206f,-0.02399426516980885f,-0.9656277632354924f,-0.8762484903190952f,0f,0f,0f,1f], start_interpolation: 0, interpolation_duration: 1 }
$data merge entity $(bone_rearfootleft) { transformation: [-0.9659258262890683f,0.16196467851208732f,-0.20187803501683085f,0.7338833877610017f,1.3877787807814457e-17f,0.7799968311329838f,0.6257834636857253f,-2.094522787776009f,0.2588190451025206f,0.6044604092386694f,-0.7534190836149821f,-1.3186665591495617f,0f,0f,0f,1f], start_interpolation: 0, interpolation_duration: 1 }
$data merge entity $(bone_rearlegtipleft) { transformation: [-0.9659258262890683f,0.2340637760067676f,-0.11046015964697098f,0.9144805596026382f,1.3877787807814457e-17f,0.4267852839160917f,0.9043529849747061f,-1.7242595654208361f,0.2588190451025206f,0.8735379042686783f,-0.4122429280146654f,-0.4031872815610594f,0f,0f,0f,1f], start_interpolation: 0, interpolation_duration: 1 }
$data merge entity $(bone_rearlegr) { transformation: [-1.0464196451464907f,0.024783657813243907f,0.27928982736218616f,-1.3045853217966283f,0f,1.0790930290758034f,-0.09575670060689255f,-0.528478581774624f,-0.2803872988610642f,-0.09249387015642761f,-1.0423238257528191f,-1.861530928911118f,0f,0f,0f,1f], start_interpolation: 0, interpolation_duration: 1 }
$data merge entity $(bone_rearfootrightd) { transformation: [-0.9659258262890683f,0.042163002563188154f,0.2553616637685408f,-0.5758226158804064f,0f,0.986641704312716f,-0.16290533235870236f,-2.891683061626382f,-0.25881904510252085f,-0.1573544677654749f,-0.9530227034895149f,-1.9250143517568952f,0f,0f,0f,1f], start_interpolation: 0, interpolation_duration: 1 }
$data merge entity $(bone_rearfootright) { transformation: [-0.9659258262890683f,-0.2255408748952079f,0.12695909522080284f,-0.5167308472780054f,0f,0.49053227582426584f,0.8714230237804522f,-2.231263198299288f,-0.25881904510252085f,0.8417300042924518f,-0.47381779384701117f,-2.145547834490159f,0f,0f,0f,1f], start_interpolation: 0, interpolation_duration: 1 }
$data merge entity $(bone_rearlegtipright) { transformation: [-0.9659258262890683f,-0.2536246313928393f,0.051593065993669245f,-0.833950409438516f,0f,0.19934029960288552f,0.9799303265815544f,-2.0931685441077494f,-0.25881904510252085f,0.9465400104090046f,-0.19254794360662764f,-1.2031497679246477f,0f,0f,0f,1f], start_interpolation: 0, interpolation_duration: 1 }
$data merge entity $(bone_tail11) { transformation: [-0.2856752528731196f,-0.04845012078152144f,0.04847320283751256f,-0.23378076045117f,-0.014940878350046559f,0.24691625706565834f,0.16285580090881213f,-2.596806614029618f,-0.07893122182330588f,0.1895133668063644f,-0.25925888820722875f,-7.870468235159299f,0f,0f,0f,1f], start_interpolation: 0, interpolation_duration: 1 }
$data merge entity $(bone_tail10) { transformation: [-0.38236500237468324f,-0.04873395194842823f,0.06969514027178572f,-0.27298427685404947f,-0.022688600012459734f,0.3690432932312367f,0.13865887485161213f,-2.67480223113365f,-0.09739094108665784f,0.17011554194946502f,-0.3949615120902408f,-7.648302384608539f,0f,0f,0f,1f], start_interpolation: 0, interpolation_duration: 1 }
$data merge entity $(bone_tail9) { transformation: [-0.48247584990623216f,-0.04043805455902187f,0.07297012671593148f,-0.31402997313176095f,-0.031932689505737404f,0.48800928862166865f,0.06688890583150395f,-2.712427240663871f,-0.0937133550348824f,0.09978313178887044f,-0.5338919814352687f,-7.3479881450512f,0f,0f,0f,1f], start_interpolation: 0, interpolation_duration: 1 }
$data merge entity $(bone_tail8) { transformation: [-0.5731467018943434f,-0.02798763250397015f,0.05043336970416437f,-0.3423987435903534f,-0.03389118453649545f,0.5776126456917207f,-0.04942212073077226f,-2.6846272977528116f,-0.06113704171498937f,-0.02051094330559075f,-0.6452113128832954f,-6.985056781554347f,0f,0f,0f,1f], start_interpolation: 0, interpolation_duration: 1 }
$data merge entity $(bone_tail7) { transformation: [-0.6773842593262263f,-0.019612252934869446f,0.006153163699708357f,-0.3458598981714393f,-0.022285345815854826f,0.6518109311464056f,-0.2034619759116319f,-2.5701799363025186f,-0.0076677701407110235f,-0.18436089189734267f,-0.7402015882993616f,-6.568693388135956f,0f,0f,0f,1f], start_interpolation: 0, interpolation_duration: 1 }
$data merge entity $(bone_tail6) { transformation: [-0.7958756380279308f,-0.021837419851238417f,-0.04213782708511777f,-0.3221573704360606f,-0.0034959259787719736f,0.7259344408091597f,-0.34500576252012516f,-2.376114194884948f,0.045815396317889626f,-0.3362839746332076f,-0.8308283829123118f,-6.10135242274778f,0f,0f,0f,1f], start_interpolation: 0, interpolation_duration: 1 }
$data merge entity $(bone_tail5) { transformation: [-0.8819410941282069f,-0.027323320380413588f,-0.07881458261977214f,-0.27782416771243873f,0.012760742331955191f,0.7793190493707265f,-0.435955295654304f,-2.130889341079402f,0.08506948293427744f,-0.4342050451582599f,-0.8936589961071408f,-5.598669237437513f,0f,0f,0f,1f], start_interpolation: 0, interpolation_duration: 1 }
$data merge entity $(bone_tail4) { transformation: [-0.977931989190804f,-0.026684831029608794f,-0.10862394453019013f,-0.21672319891420677f,0.02326311741897239f,0.8853372781504094f,-0.44752238292457863f,-1.8791580006843263f,0.11503839663011584f,-0.44066680399982694f,-1.0100642791946328f,-5.030508080390533f,0f,0f,0f,1f], start_interpolation: 0, interpolation_duration: 1 }
$data merge entity $(bone_tail3) { transformation: [-1.0867241161832086f,-0.024206594941367475f,-0.12071010692117265f,-0.14882376377104717f,0.0253515701883896f,1.0050208163722798f,-0.45265311404014497f,-1.6245406240367446f,0.12656687863926458f,-0.4387995089785469f,-1.1432647231516795f,-4.3874216736177125f,0f,0f,0f,1f], start_interpolation: 0, interpolation_duration: 1 }
$data merge entity $(bone_tail2) { transformation: [-1.2093479723564982f,-0.020479951084963314f,-0.11729048601069997f,-0.08284786539002845f,0.021489157928154652f,1.1393694867402018f,-0.449579295814303f,-1.3716522701411993f,0.1214116968306293f,-0.42652150307956294f,-1.294014083419357f,-3.659538751694324f,0f,0f,0f,1f], start_interpolation: 0, interpolation_duration: 1 }
$data merge entity $(bone_tail1) { transformation: [-1.346719818839731f,-0.01623523652099791f,-0.09574621499625216f,-0.0289906194546366f,0.012352939596640983f,1.2892785140542127f,-0.4363271115392337f,-1.1262182699003802f,0.09629021562003731f,-0.40170089370673967f,-1.4626709695422437f,-2.836786331326812f,0f,0f,0f,1f], start_interpolation: 0, interpolation_duration: 1 }
$data merge entity $(bone_tail0) { transformation: [-1.4991005928110832f,-0.012550734545471467f,-0.05711698327289727f,2.4492935982947064e-16f,0f,1.455543417364142f,-0.4108131832166128f,-0.53125f,0.05193662131346782f,-0.36226487440860733f,-1.6486267554292686f,-2f,0f,0f,0f,1f], start_interpolation: 0, interpolation_duration: 1 }