# This file was generated by Animated Java via MC-Build. It is not recommended to edit this file directly.
$data merge entity $(bone_leftwing20) { transformation: [-0.4167052680320563f,-2.280373042540333f,-1.8379313419061083f,1.1775754653280033f,-0.45148767755496866f,1.884264356773812f,-2.23549610196907f,0.3651359673107875f,2.893829937595066f,-0.03439086736663485f,-0.6134343254427632f,2.4574106007920635f,0f,0f,0f,1f], start_interpolation: 0, interpolation_duration: 1 }
$data merge entity $(bone_leftwing21) { transformation: [-0.2549196272334438f,-2.28025067322636f,-1.8671555147821075f,1.1775754653280033f,-0.2549196272334432f,1.8841632434329765f,-2.2662174920396834f,0.3651359673107875f,2.9361247985706713f,-0.034389021884878974f,-0.3588668664999277f,2.4574106007920635f,0f,0f,0f,1f], start_interpolation: 0, interpolation_duration: 1 }
$data merge entity $(bone_leftwing22) { transformation: [-0.09139238928198314f,-2.284653720274273f,-1.885902696976357f,1.1775754653280033f,-0.056544686807784746f,1.8878014659776259f,-2.2842137588875038f,0.3651359673107875f,2.961937592593669f,-0.034455425321601396f,-0.10179731868162134f,2.4574106007920635f,0f,0f,0f,1f], start_interpolation: 0, interpolation_duration: 1 }
$data merge entity $(bone_leftwing23) { transformation: [0.07215447630039862f,-2.2482551123637085f,-1.8566332771241356f,1.1775754653280033f,0.1404785224060536f,1.8577254221713637f,-2.244118197645856f,0.3651359673107875f,2.912388016857793f,-0.03390648895302027f,0.15424277524231572f,2.4574106007920635f,0f,0f,0f,1f], start_interpolation: 0, interpolation_duration: 1 }
$data merge entity $(bone_leftwing1) { transformation: [-0.2261798978880482f,-1.5416606484779716f,1.253844128560577f,0.838305618495931f,-0.30955356587657124f,1.2738688609175066f,1.5104418939627682f,-0.09919438150406934f,-1.962910910776251f,-0.023250163853499616f,-0.3826750399965144f,-0.48695576537231333f,0f,0f,0f,1f], start_interpolation: 0, interpolation_duration: 1 }
$data merge entity $(bone_leftwing) { transformation: [-0.1005370789972874f,-0.8993020449454835f,-0.7363825356529554f,0.6874999999999999f,-0.10053707899728712f,0.7430901688685456f,-0.8937675356538304f,-0.25f,1.157970510248209f,-0.01356259558120811f,-0.1415325563526434f,1.25f,0f,0f,0f,1f], start_interpolation: 0, interpolation_duration: 1 }
$data merge entity $(bone_rightwing20) { transformation: [-0.4167052680320555f,2.280373042540333f,1.8379313419061083f,-1.1775754653280037f,0.45148767755496866f,1.884264356773812f,-2.23549610196907f,0.3651359673107875f,-2.8938299375950662f,-0.0343908673666343f,-0.6134343254427628f,2.4574106007920635f,0f,0f,0f,1f], start_interpolation: 0, interpolation_duration: 1 }
$data merge entity $(bone_rightwing21) { transformation: [-0.25493330745740667f,2.280373042540333f,1.8672557154057086f,-1.1775754653280037f,0.2549333074574068f,1.884264356773812f,-2.2663391082650706f,0.3651359673107875f,-2.9362823652722447f,-0.0343908673666343f,-0.3588861250370596f,2.4574106007920635f,0f,0f,0f,1f], start_interpolation: 0, interpolation_duration: 1 }
$data merge entity $(bone_rightwing22) { transformation: [-0.09122115048006715f,2.280373042540333f,1.8823691454312435f,-1.1775754653280037f,0.0564387409571542f,1.884264356773812f,-2.2799339054942043f,0.3651359673107875f,-2.9563879111739335f,-0.0343908673666343f,-0.10160658451845729f,2.4574106007920635f,0f,0f,0f,1f], start_interpolation: 0, interpolation_duration: 1 }
$data merge entity $(bone_rightwing23) { transformation: [0.07215447630039934f,2.2482551123637085f,1.8566332771241354f,-1.1775754653280037f,-0.1404785224060536f,1.8577254221713637f,-2.244118197645856f,0.3651359673107875f,-2.912388016857793f,-0.033906488953019724f,0.15424277524231614f,2.4574106007920635f,0f,0f,0f,1f], start_interpolation: 0, interpolation_duration: 1 }
$data merge entity $(bone_rightwing1) { transformation: [-0.22617989788804868f,1.5416606484779716f,-1.2538441285605768f,-0.8383056184959308f,0.30955356587657124f,1.2738688609175066f,1.5104418939627682f,-0.09919438150406934f,1.962910910776251f,-0.02325016385349924f,-0.3826750399965147f,-0.48695576537231333f,0f,0f,0f,1f], start_interpolation: 0, interpolation_duration: 1 }
$data merge entity $(bone_rightwing) { transformation: [-0.1005370789972871f,0.8993020449454835f,0.7363825356529554f,-0.6875000000000001f,0.10053707899728712f,0.7430901688685456f,-0.8937675356538304f,-0.25f,-1.157970510248209f,-0.013562595581207891f,-0.1415325563526432f,1.25f,0f,0f,0f,1f], start_interpolation: 0, interpolation_duration: 1 }
$data merge entity $(bone_head) { transformation: [-1.2269070000000002f,-7.288410124807813e-18f,1.5007589707913417e-16f,-4.147277150426186e-16f,0f,1.225462698172427f,0.05951438512624451f,-0.2047356796099761f,-1.5025277304014817e-16f,0.05951438512624451f,-1.225462698172427f,3.3865087903824045f,0f,0f,0f,1f], start_interpolation: 0, interpolation_duration: 1 }
$data merge entity $(bone_neck4) { transformation: [-1.0497600000000002f,5.477739616065705e-17f,1.1630447346625336e-16f,-4.0574689182095726e-16f,0f,0.9496980970123717f,-0.44729138392224765f,-0.20301332557347995f,-1.2855852238729257e-16f,-0.44729138392224765f,-0.9496980970123717f,3.313174803571561f,0f,0f,0f,1f], start_interpolation: 0, interpolation_duration: 1 }
$data merge entity $(bone_neck3) { transformation: [-1.1664000000000003f,7.31501113309821e-17f,1.2269118746633554e-16f,-3.520694973044355e-16f,0f,1.0018495745202447f,-0.5973159884295787f,-0.46433907051142065f,-1.428428026525473e-16f,-0.5973159884295787f,-1.0018495745202447f,2.8748656147189537f,0f,0f,0f,1f], start_interpolation: 0, interpolation_duration: 1 }
$data merge entity $(bone_neck2) { transformation: [-1.2960000000000003f,9.016299954398402e-17f,1.3061714582850645e-16f,-3.1941521084730884e-16f,0f,1.0665699360782817f,-0.7362367631774239f,-0.6483982613057766f,-1.58714225169497e-16f,-0.7362367631774239f,-1.0665699360782817f,2.6082231306993835f,0f,0f,0f,1f], start_interpolation: 0, interpolation_duration: 1 }
$data merge entity $(bone_neck1) { transformation: [-1.4400000000000002f,8.650393944073365e-17f,1.5367526578636577e-16f,-2.809963944007174e-16f,0f,1.2548537741115273f,-0.7063582700004692f,-0.8249878288058939f,-1.7634913907721887e-16f,-0.7063582700004692f,-1.2548537741115273f,2.2945096871715016f,0f,0f,0f,1f], start_interpolation: 0, interpolation_duration: 1 }
$data merge entity $(bone_neck0) { transformation: [-1.6f,5.394658449816511e-17f,1.883709543882121e-16f,-2.372753173347997e-16f,0f,1.5381655716518698f,-0.44050729186345666f,-1.03125f,-1.9594348786357652e-16f,-0.44050729186345666f,-1.5381655716518698f,1.9375f,0f,0f,0f,1f], start_interpolation: 0, interpolation_duration: 1 }
$data merge entity $(bone_frontlegl) { transformation: [-0.9659258262890683f,-0.19889309641742975f,0.16561652787468922f,0.4360512686023405f,-6.938893903907228e-18f,0.6398931261379425f,0.7684639140007885f,-0.8146233720349336f,-0.25881904510252085f,0.7422791411045432f,-0.618089296601487f,1.4429062988527068f,0f,0f,0f,1f], start_interpolation: 0, interpolation_duration: 1 }
$data merge entity $(bone_frontlegtipleft) { transformation: [-0.9659258262890683f,0.21489814800699747f,0.1442431422666024f,0.9571718759101023f,-6.938893903907228e-18f,0.5573127055215982f,-0.8303026847265979f,-1.3888380107637208f,-0.25881904510252085f,-0.8020108068145708f,-0.5383227355823459f,0.4639835417980588f,0f,0f,0f,1f], start_interpolation: 0, interpolation_duration: 1 }
$data merge entity $(bone_frontfootleftd) { transformation: [-0.9659258262890683f,-0.08730026280329123f,0.24365131278582697f,0.5743098485744129f,1.307232579615175e-16f,0.9413963825162648f,0.3373023139340883f,-2.610173722554344f,-0.2588190451025207f,0.3258090162959988f,-0.9093190786475627f,1.8519660991351226f,0f,0f,0f,1f], start_interpolation: 0, interpolation_duration: 1 }
$data merge entity $(bone_frontfootleft) { transformation: [0.9659258262890683f,0.16711245511552514f,0.19763786442137612f,0.6613578603260661f,-3.720750530193877e-17f,-0.7636140699888982f,0.6456729451626342f,-2.2725144696488977f,0.25881904510252074f,-0.6236721730687135f,-0.7375945515199849f,1.5679764775486533f,0f,0f,0f,1f], start_interpolation: 0, interpolation_duration: 1 }
$data merge entity $(bone_frontlegr) { transformation: [-0.9659258262890683f,0.11767434071099725f,-0.2305212520485101f,-0.8745919852354124f,-1.3877787807814457e-17f,0.8906657234485913f,0.4546587391371659f,-0.884974527620668f,0.25881904510252063f,0.43916661828061276f,-0.8603170248694314f,1.5640223327647045f,0f,0f,0f,1f], start_interpolation: 0, interpolation_duration: 1 }
$data merge entity $(bone_frontlegtipright) { transformation: [-0.9659258262890683f,-0.24998446537394303f,-0.06704524725500273f,-0.8221893463108253f,-1.3877787807814457e-17f,0.25904294341417383f,-0.9658658051030283f,-1.8247913846385873f,0.25881904510252063f,-0.9329547258784989f,-0.25021626916168815f,0.7936658173928816f,0f,0f,0f,1f], start_interpolation: 0, interpolation_duration: 1 }
$data merge entity $(bone_frontfootrightd) { transformation: [-0.9659258262890683f,0.10555493975517122f,-0.2363164251613984f,-0.37986046715439464f,1.8190590712734095e-16f,0.9130565529588106f,0.4078329696076258f,-2.4354060803764126f,0.2588190451025208f,0.3939363981561704f,-0.8819449053653875f,2.4853376490282297f,0f,0f,0f,1f], start_interpolation: 0, interpolation_duration: 1 }
$data merge entity $(bone_frontfootright) { transformation: [0.9659258262890683f,-0.07585700773106747f,-0.24745305107407625f,-0.4787259664224275f,-6.481924265213747e-17f,-0.9560851713059129f,0.29308897148979024f,-2.2437494515857f,-0.25881904510252074f,-0.28310220696248883f,-0.9235073590963893f,2.0754886016757137f,0f,0f,0f,1f], start_interpolation: 0, interpolation_duration: 1 }
$data merge entity $(bone_rearlegl) { transformation: [-1.0464196451464907f,-0.17736997663572235f,-0.21715646145313502f,-0.03422726056978176f,-1.5034270125132327e-17f,0.8390281378525192f,-0.6853049649629318f,-0.65613984181025f,0.280387298861064f,-0.6619537645418209f,-0.8104389473349729f,-1.5289985022597785f,0f,0f,0f,1f], start_interpolation: 0, interpolation_duration: 1 }
$data merge entity $(bone_rearfootleftd) { transformation: [-0.9659258262890683f,-0.039270884864176056f,-0.25582239094685444f,0.8677189364449754f,-1.3877787807814457e-17f,0.9884218174343422f,-0.1517310476461287f,-2.650101736812383f,0.25881904510252063f,-0.14656093757129274f,-0.9547421607274096f,-0.8191854916021134f,0f,0f,0f,1f], start_interpolation: 0, interpolation_duration: 1 }
$data merge entity $(bone_rearfootleft) { transformation: [-0.9659258262890683f,0.15223095600670933f,-0.20931563281576449f,0.742843308384976f,-1.3877787807814457e-17f,0.8087335023311466f,0.5881752478702222f,-2.144639566110212f,0.25881904510252063f,0.568133662301822f,-0.7811765764868648f,-1.2852276801491052f,0f,0f,0f,1f], start_interpolation: 0, interpolation_duration: 1 }
$data merge entity $(bone_rearlegtipleft) { transformation: [-0.9659258262890683f,0.22476660929990794f,-0.12832485905545796f,0.9152598572327834f,-1.3877787807814457e-17f,0.49580918206628616f,0.8684314912408234f,-1.7031073522464772f,0.25881904510252063f,0.8388404057522402f,-0.47891489386908453f,-0.4002789032111397f,0f,0f,0f,1f], start_interpolation: 0, interpolation_duration: 1 }
$data merge entity $(bone_rearlegr) { transformation: [-1.0464196451464907f,0.02464688185284514f,0.2793019308517856f,-1.3046054838420547f,0f,1.0791397933685727f,-0.09522823887663391f,-0.5283778783793835f,-0.2803872988610642f,-0.09198341532296538f,-1.042368996590953f,-1.8614556831332019f,0f,0f,0f,1f], start_interpolation: 0, interpolation_duration: 1 }
$data merge entity $(bone_rearfootrightd) { transformation: [-0.9659258262890683f,0.03723328842788079f,0.25612688328370947f,-0.5715205155072997f,0f,0.9895982854826432f,-0.14385837956063968f,-2.86636454668353f,-0.25881904510252085f,-0.1389565241457174f,-0.9558785415990674f,-1.9410700089285915f,0f,0f,0f,1f], start_interpolation: 0, interpolation_duration: 1 }
$data merge entity $(bone_rearfootright) { transformation: [-0.9659258262890683f,-0.22794600756200567f,0.12258839971352412f,-0.5157342416495025f,0f,0.4736452051469613f,0.880715742814498f,-2.2016668228551923f,-0.25881904510252085f,0.8507060816038845f,-0.4575061361494339f,-2.149267217330842f,0f,0f,0f,1f], start_interpolation: 0, interpolation_duration: 1 }
$data merge entity $(bone_rearlegtipright) { transformation: [-0.9659258262890683f,-0.2553426503157593f,0.04227799708482611f,-0.8340896309261302f,0f,0.16334963707202987f,0.9865682419723616f,-2.099977700906435f,-0.25881904510252085f,0.9529517443177068f,-0.1577836331628199f,-1.2026301862593662f,0f,0f,0f,1f], start_interpolation: 0, interpolation_duration: 1 }
$data merge entity $(bone_tail11) { transformation: [-0.2855220735291738f,-0.053718448406397466f,0.04357822920902518f,-0.12089032798546208f,-0.024282575280908963f,0.2511478947730631f,0.1550781159901792f,-2.6419065331181466f,-0.07733354805299858f,0.17995764088899388f,-0.26644693948255355f,-7.863440962102839f,0f,0f,0f,1f], start_interpolation: 0, interpolation_duration: 1 }
$data merge entity $(bone_tail10) { transformation: [-0.38074008860665337f,-0.057232891595878556f,0.07209086946940589f,-0.1614414420620029f,-0.032455221028046044f,0.37189012071133487f,0.12876579076085481f,-2.7143372904211276f,-0.10286827680977767f,0.15671260673651666f,-0.3990935167906513f,-7.638950858908098f,0f,0f,0f,1f], start_interpolation: 0, interpolation_duration: 1 }
$data merge entity $(bone_tail9) { transformation: [-0.4793421379132908f,-0.05049800821987285f,0.08616476444932804f,-0.20990912206474993f,-0.0426067511540456f,0.4885947805372843f,0.055768879162460136f,-2.7457072849500115f,-0.10942409914811017f,0.08407566726282241f,-0.5336039814850052f,-7.338798619322782f,0f,0f,0f,1f], start_interpolation: 0, interpolation_duration: 1 }
$data merge entity $(bone_tail8) { transformation: [-0.5700121112201922f,-0.0366169407556507f,0.07463263551829848f,-0.25188997954379283f,-0.0462697281730864f,0.575685999463503f,-0.060638916438464405f,-2.711597894453375f,-0.0870845616290303f,-0.03614771839359815f,-0.6415295972522728f,-6.977938220868379f,0f,0f,0f,1f], start_interpolation: 0, interpolation_duration: 1 }
$data merge entity $(bone_tail7) { transformation: [-0.6761639819545666f,-0.02387053242691471f,0.03879847884264556f,-0.27371412389278094f,-0.036742782599420584f,0.6476194403517879f,-0.214468148587834f,-2.5909595608727187f,-0.04149699841125307f,-0.19860570582359727f,-0.7353722343186824f,-6.56429133906412f,0f,0f,0f,1f], start_interpolation: 0, interpolation_duration: 1 }
$data merge entity $(bone_tail6) { transformation: [-0.7969724847573391f,-0.02162929976990983f,-0.006229224768408509f,-0.27021018496055116f,-0.018626350182903543f,0.7206194651373338f,-0.3555163402412279f,-2.390981619487028f,0.008518653053553912f,-0.3488899272517443f,-0.8268340413060576f,-6.099197190829463f,0f,0f,0f,1f], start_interpolation: 0, interpolation_duration: 1 }
$data merge entity $(bone_tail5) { transformation: [-0.8843783764544084f,-0.024419695497594637f,-0.04537102943470199f,-0.2446889809035313f,-0.000607119582312866f,0.774307631783207f,-0.4449907116198419f,-2.1406743442008667f,0.049750514993657874f,-0.4445710202201227f,-0.8912159061289084f,-5.597888243631951f,0f,0f,0f,1f], start_interpolation: 0, interpolation_duration: 1 }
$data merge entity $(bone_tail4) { transformation: [-0.9806142125552033f,-0.024834308866889653f,-0.08150568716768167f,-0.19884203187171037f,0.01319719759414911f,0.8817431836776813f,-0.4549817418543479f,-1.8847471144077959f,0.08607795275474085f,-0.4488546736303319f,-1.009333940130678f,-5.030137902308445f,0f,0f,0f,1f], start_interpolation: 0, interpolation_duration: 1 }
$data merge entity $(bone_tail3) { transformation: [-1.0885447133267174f,-0.023235402798497572f,-0.10324295659760811f,-0.1407678687855558f,0.019486247368764087f,1.0027487385926723f,-0.45797049432261566f,-1.6271387113513245f,0.1076814598591749f,-0.444576981008765f,-1.142958746395576f,-4.387223607460933f,0f,0f,0f,1f], start_interpolation: 0, interpolation_duration: 1 }
$data merge entity $(bone_tail2) { transformation: [-1.2103285934168337f,-0.0200561203465219f,-0.10679140748444467f,-0.08069770207555568f,0.01825841367222754f,1.1381870822551012f,-0.45272988855295127f,-1.3724781490402893f,0.10995059790488292f,-0.4299371788295324f,-1.2938989047413454f,-3.6594054735439263f,0f,0f,0f,1f], start_interpolation: 0, interpolation_duration: 1 }
$data merge entity $(bone_tail1) { transformation: [-1.346999249618189f,-0.01615076887034062f,-0.09176605934408491f,-0.029079293694507923f,0.011224940721007949f,1.2888561874035476f,-0.4376336145572645f,-1.126309240851828f,0.09189352584826013f,-0.4031148911698528f,-1.4625545040362182f,-2.8367185650235536f,0f,0f,0f,1f], start_interpolation: 0, interpolation_duration: 1 }
$data merge entity $(bone_tail0) { transformation: [-1.499094940857116f,-0.012595588838540216f,-0.057294561607365735f,2.4492935982947064e-16f,1.3010426069826053e-18f,1.4555040237449648f,-0.41099241762771005f,-0.53125f,0.05209950380377697f,-0.3624215611743148f,-1.6485759205637907f,-2f,0f,0f,0f,1f], start_interpolation: 0, interpolation_duration: 1 }