# This file was generated by Animated Java via MC-Build. It is not recommended to edit this file directly.
$data merge entity $(bone_leftwing20) { transformation: [-0.4170309044048272f,-2.2773085328850287f,-1.841653382678577f,1.178746294169402f,-0.4512181591250007f,1.8879775830480945f,-2.232415492217977f,0.36416691109508154f,2.8938250653345055f,-0.033802412162857766f,-0.6134900156358168f,2.457428119053737f,0f,0f,0f,1f], start_interpolation: 0, interpolation_duration: 1 }
$data merge entity $(bone_leftwing21) { transformation: [-0.25491962723344247f,-2.2771863280186864f,-1.870891572650665f,1.178746294169402f,-0.25491962723344314f,1.8878762704482153f,-2.263125280802864f,0.36416691109508154f,2.9361247985706727f,-0.03380059825876846f,-0.35892276642061066f,2.457428119053737f,0f,0f,0f,1f], start_interpolation: 0, interpolation_duration: 1 }
$data merge entity $(bone_leftwing22) { transformation: [-0.09106614163011438f,-2.2815834579732384f,-1.8896317247008556f,1.178746294169402f,-0.05681471117319413f,1.8915216626575118f,-2.281127366267853f,0.36416691109508154f,2.9619424740003577f,-0.0338658654796615f,-0.10185311341536406f,2.457428119053737f,0f,0f,0f,1f], start_interpolation: 0, interpolation_duration: 1 }
$data merge entity $(bone_leftwing23) { transformation: [0.07279413280643675f,-2.245233764816225f,-1.8602609494376223f,1.178746294169402f,0.13994909992244664f,1.8613863494840366f,-2.241115693539678f,0.36416691109508154f,2.9123975875735617f,-0.03332632185070483f,0.15418849701598172f,2.457428119053737f,0f,0f,0f,1f], start_interpolation: 0, interpolation_duration: 1 }
$data merge entity $(bone_leftwing1) { transformation: [-0.2269604504489812f,-1.5395888673025544f,1.2562464223272576f,0.8383056184959302f,-0.3089075283994339f,1.276379211074768f,1.5084535950549842f,-0.09919438150406934f,-1.9629225896173672f,-0.02285233498334046f,-0.38263909621948045f,-0.4869557653723138f,0f,0f,0f,1f], start_interpolation: 0, interpolation_duration: 1 }
$data merge entity $(bone_leftwing) { transformation: [-0.10053707899728687f,-0.8980935059264902f,-0.7378559896554817f,0.6874999999999999f,-0.10053707899728712f,0.7445545397936147f,-0.8925480066251469f,-0.25f,1.1579705102482094f,-0.013330528740281936f,-0.14155460257482966f,1.25f,0f,0f,0f,1f], start_interpolation: 0, interpolation_duration: 1 }
$data merge entity $(bone_rightwing20) { transformation: [-0.4170309044048265f,2.2773085328850287f,1.841653382678577f,-1.1787462941694025f,0.4512181591250007f,1.8879775830480945f,-2.232415492217977f,0.36416691109508154f,-2.8938250653345055f,-0.03380241216285721f,-0.6134900156358163f,2.457428119053737f,0f,0f,0f,1f], start_interpolation: 0, interpolation_duration: 1 }
$data merge entity $(bone_rightwing21) { transformation: [-0.25493330745740533f,2.2773085328850287f,1.8709919737692575f,-1.1787462941694025f,0.25493330745740667f,1.8879775830480945f,-2.2632467310851943f,0.36416691109508154f,-2.936282365272246f,-0.03380241216285721f,-0.35894202795760327f,2.457428119053737f,0f,0f,0f,1f], start_interpolation: 0, interpolation_duration: 1 }
$data merge entity $(bone_rightwing22) { transformation: [-0.09089551410729362f,2.2773085328850287f,1.8860911862037115f,-1.1787462941694025f,0.05670825938712209f,1.8879775830480945f,-2.276853295743112f,0.36416691109508154f,-2.9563927834344965f,-0.03380241216285721f,-0.10166227471151068f,2.457428119053737f,0f,0f,0f,1f], start_interpolation: 0, interpolation_duration: 1 }
$data merge entity $(bone_rightwing23) { transformation: [0.07279413280643747f,2.245233764816225f,1.860260949437622f,-1.1787462941694025f,-0.13994909992244664f,1.8613863494840366f,-2.241115693539678f,0.36416691109508154f,-2.9123975875735617f,-0.03332632185070429f,0.1541884970159823f,2.457428119053737f,0f,0f,0f,1f], start_interpolation: 0, interpolation_duration: 1 }
$data merge entity $(bone_rightwing1) { transformation: [-0.22696045044898167f,1.5395888673025544f,-1.2562464223272574f,-0.83830561849593f,0.3089075283994339f,1.276379211074768f,1.5084535950549842f,-0.09919438150406934f,1.962922589617367f,-0.022852334983340085f,-0.3826390962194808f,-0.4869557653723138f,0f,0f,0f,1f], start_interpolation: 0, interpolation_duration: 1 }
$data merge entity $(bone_rightwing) { transformation: [-0.10053707899728657f,0.8980935059264902f,0.7378559896554817f,-0.6875000000000001f,0.10053707899728712f,0.7445545397936147f,-0.8925480066251469f,-0.25f,-1.1579705102482094f,-0.013330528740281717f,-0.14155460257482946f,1.25f,0f,0f,0f,1f], start_interpolation: 0, interpolation_duration: 1 }
$data merge entity $(bone_head) { transformation: [-1.2269070000000002f,-7.805169047525654e-18f,1.5004990883833897e-16f,-4.1560940699261854e-16f,0f,1.2252504880820296f,0.06373404195364658f,-0.2168020720133424f,-1.5025277304014817e-16f,0.06373404195364658f,-1.2252504880820296f,3.3937083515180215f,0f,0f,0f,1f], start_interpolation: 0, interpolation_duration: 1 }
$data merge entity $(bone_neck4) { transformation: [-1.0497600000000002f,5.4376564685215537e-17f,1.1649241559620343e-16f,-4.0662936337144284e-16f,0f,0.9512327609667537f,-0.4440183465393828f,-0.21482719489184277f,-1.2855852238729257e-16f,-0.4440183465393828f,-0.9512327609667537f,3.320380730628244f,0f,0f,0f,1f], start_interpolation: 0, interpolation_duration: 1 }
$data merge entity $(bone_neck3) { transformation: [-1.1664000000000003f,7.177070849488206e-17f,1.2350316462251986e-16f,-3.525967288490904e-16f,0f,1.0084798711637313f,-0.5860523094891656f,-0.47122508029335275f,-1.428428026525473e-16f,-0.5860523094891656f,-1.0084798711637313f,2.8791707869941114f,0f,0f,0f,1f], start_interpolation: 0, interpolation_duration: 1 }
$data merge entity $(bone_neck2) { transformation: [-1.2960000000000003f,8.832908514522044e-17f,1.3186424074995536e-16f,-3.1963066866160154e-16f,0f,1.07675323890745f,-0.7212617156776844f,-0.6515405092127738f,-1.58714225169497e-16f,-0.7212617156776844f,-1.07675323890745f,2.609982477267249f,0f,0f,0f,1f], start_interpolation: 0, interpolation_duration: 1 }
$data merge entity $(bone_neck1) { transformation: [-1.4400000000000002f,8.517328484635912e-17f,1.5441674262124964e-16f,-2.8102648300628915e-16f,0f,1.2609083919441963f,-0.6954926506618895f,-0.8254136718782462f,-1.7634913907721887e-16f,-0.6954926506618895f,-1.2609083919441963f,2.2947553792811997f,0f,0f,0f,1f], start_interpolation: 0, interpolation_duration: 1 }
$data merge entity $(bone_neck0) { transformation: [-1.6f,5.372193362967585e-17f,1.8843514609337682e-16f,-2.372753173347997e-16f,0f,1.538689736702637f,-0.438672878311356f,-1.03125f,-1.9594348786357652e-16f,-0.438672878311356f,-1.538689736702637f,1.9375f,0f,0f,0f,1f], start_interpolation: 0, interpolation_duration: 1 }
$data merge entity $(bone_frontlegl) { transformation: [-0.9659258262890683f,-0.19341681452122683f,0.1719803301783145f,0.43656166061250634f,0f,0.6644809701318206f,0.7473051855384617f,-0.8138083578099138f,-0.25881904510252085f,0.7218413788313439f,-0.6418393301279405f,1.4410014899389907f,0f,0f,0f,1f], start_interpolation: 0, interpolation_duration: 1 }
$data merge entity $(bone_frontlegtipleft) { transformation: [-0.9659258262890683f,0.2208389365490297f,0.13497207937819722f,0.9531840193472269f,0f,0.521492069197355f,-0.8532561290516822f,-1.4236034388501506f,-0.25881904510252085f,-0.8241821314904579f,-0.5037226578426511f,0.47886642510400795f,0f,0f,0f,1f], start_interpolation: 0, interpolation_duration: 1 }
$data merge entity $(bone_frontfootleftd) { transformation: [-0.9659258262890688f,-0.09065320427351899f,0.24242379145357063f,0.5580675135079505f,1.4499636052327868e-16f,0.9366536042876759f,0.3502570849746028f,-2.5857199754310147f,-0.2588190451025208f,0.33832236421769335f,-0.9047379066682073f,1.9125833188367178f,0f,0f,0f,1f], start_interpolation: 0, interpolation_duration: 1 }
$data merge entity $(bone_frontfootleft) { transformation: [0.9659258262890688f,0.1606143075734071f,0.20295403989695715f,0.6479096138747603f,-4.896516806007305e-17f,-0.7841541947446913f,0.6205660310267594f,-2.257866224920867f,0.25881904510252085f,-0.59942075628645f,-0.7574347884968049f,1.6181660165776348f,0f,0f,0f,1f], start_interpolation: 0, interpolation_duration: 1 }
$data merge entity $(bone_frontlegr) { transformation: [-0.9659258262890683f,0.11829444654353828f,-0.23020365336965992f,-0.8745989056892974f,1.3877787807814457e-17f,0.8894386163834047f,0.45705464409190133f,-0.8848916457772252f,0.2588190451025206f,0.44148088475372593f,-0.8591317304635459f,1.5639965052791942f,0f,0f,0f,1f], start_interpolation: 0, interpolation_duration: 1 }
$data merge entity $(bone_frontlegtipright) { transformation: [-0.9659258262890683f,-0.2486201890704813f,-0.07193955583918131f,-0.8225709535833035f,1.3877787807814457e-17f,0.27795309966731946f,-0.9605946462401969f,-1.820917013427925f,0.2588190451025206f,-0.9278631773984174f,-0.2684820774657634f,0.7922416396634552f,0f,0f,0f,1f], start_interpolation: 0, interpolation_duration: 1 }
$data merge entity $(bone_frontfootrightd) { transformation: [-0.9659258262890683f,0.10346674751317728f,-0.23723812987550094f,-0.3825707596970197f,2.0770734806035284e-16f,0.9166177465090667f,0.3997648143404322f,-2.4586348111112843f,0.25881904510252074f,0.3861431586130779f,-0.8853847541879939f,2.475222699555778f,0f,0f,0f,1f], start_interpolation: 0, interpolation_duration: 1 }
$data merge entity $(bone_frontfootright) { transformation: [0.9659258262890683f,-0.07652284319445353f,-0.2472479576805796f,-0.481302335413833f,-9.071772704954062e-17f,-0.9552927512835943f,0.29566156217036527f,-2.265844330680635f,-0.2588190451025207f,-0.28558713874132685f,-0.9227419401315631f,2.0658734617007433f,0f,0f,0f,1f], start_interpolation: 0, interpolation_duration: 1 }
$data merge entity $(bone_rearlegl) { transformation: [-1.0464196451464907f,-0.16966600586667638f,-0.2232274262178654f,-0.0339067877769752f,0f,0.8624845444794951f,-0.6555391076397417f,-0.6480799673440425f,0.280387298861064f,-0.633202154211716f,-0.833096096287907f,-1.5278024815145805f,0f,0f,0f,1f], start_interpolation: 0, interpolation_duration: 1 }
$data merge entity $(bone_rearfootleftd) { transformation: [-0.9659258262890683f,-0.04448749989765202f,-0.25496697915737443f,0.8551669891608779f,0f,0.9851167600760586f,-0.17188650039269765f,-2.688766933570187f,0.25881904510252063f,-0.16602960991975269f,-0.9515497204676768f,-0.8660299966002918f,0f,0f,0f,1f], start_interpolation: 0, interpolation_duration: 1 }
$data merge entity $(bone_rearfootleft) { transformation: [-0.9659258262890683f,0.1556725829899025f,-0.20676882021482956f,0.7324724981369204f,0f,0.7988933740673007f,0.6014726734203009f,-2.175392798835318f,0.25881904510252063f,0.580977989063799f,-0.7716717424628191f,-1.323932070910505f,0f,0f,0f,1f], start_interpolation: 0, interpolation_duration: 1 }
$data merge entity $(bone_rearlegtipleft) { transformation: [-0.9659258262890683f,0.22503137876983884f,-0.12785998856845687f,0.905124762049221f,0f,0.4940130604291904f,0.8694544819169f,-1.7357206435259336f,0.25881904510252063f,0.8398285388663155f,-0.47717997359265724f,-0.4381035933757409f,0f,0f,0f,1f], start_interpolation: 0, interpolation_duration: 1 }
$data merge entity $(bone_rearlegr) { transformation: [-1.0464196451464907f,0.02539863575099167f,0.2792345728318615f,-1.3044948152938072f,1.879283765641541e-18f,1.078879541964363f,-0.09813279289756677f,-0.5289318941139554f,-0.28038729886106417f,-0.09478899906563619f,-1.0421176130382992f,-1.861868703778061f,0f,0f,0f,1f], start_interpolation: 0, interpolation_duration: 1 }
$data merge entity $(bone_rearfootrightd) { transformation: [-0.9659258262890683f,0.03510970242371757f,0.2564266111453698f,-0.5707984967866785f,1.734723475976807e-18f,0.9907563450123876f,-0.13565347329757071f,-2.853004769096305f,-0.2588190451025208f,-0.13103119328393814f,-0.9569971412072278f,-1.9437646194779652f,0f,0f,0f,1f], start_interpolation: 0, interpolation_duration: 1 }
$data merge entity $(bone_rearfootright) { transformation: [-0.9659258262890683f,-0.2289539688113601f,0.12069539458201146f,-0.5164396591129656f,1.734723475976807e-18f,0.46633119496365816f,0.8846102060250982f,-2.186543853083593f,-0.2588190451025208f,0.8544678441985359f,-0.45044134481964015f,-2.146634563516651f,0f,0f,0f,1f], start_interpolation: 0, interpolation_duration: 1 }
$data merge entity $(bone_rearlegtipright) { transformation: [-0.9659258262890683f,-0.25606969798202706f,0.03762456489016369f,-0.8352312565436947f,1.734723475976807e-18f,0.1453701557211921f,0.9893773384435265f,-2.103009781015121f,-0.2588190451025208f,0.9556651231477425f,-0.140416787782763f,-1.198369581451393f,0f,0f,0f,1f], start_interpolation: 0, interpolation_duration: 1 }
$data merge entity $(bone_tail11) { transformation: [-0.28567740617419385f,-0.05522365700575246f,0.040563719027494984f,-0.06165610767079696f,-0.028131897789361683f,0.2530673912905161f,0.15123744636230804f,-2.656094905178224f,-0.07504986767810917f,0.17567083783648918f,-0.26995235365476494f,-7.861732500178486f,0f,0f,0f,1f], start_interpolation: 0, interpolation_duration: 1 }
$data merge entity $(bone_tail10) { transformation: [-0.38026033807150056f,-0.06018005352942957f,0.07221133791250207f,-0.10227498524657938f,-0.036378020600382574f,0.3730699442037749f,0.1241752710133178f,-2.7259434951232153f,-0.1037301702655095f,0.1507711391206109f,-0.40117120546378887f,-7.636073697105105f,0f,0f,0f,1f], start_interpolation: 0, interpolation_duration: 1 }
$data merge entity $(bone_tail9) { transformation: [-0.4779629049633798f,-0.05425290518145967f,0.09137161828136246f,-0.15367152052984576f,-0.046864438449159704f,0.4887075314877994f,0.050990077938724156f,-2.7546254139637476f,-0.11532181641024865f,0.07722734533545116f,-0.5334173184749541f,-7.336026455462943f,0f,0f,0f,1f], start_interpolation: 0, interpolation_duration: 1 }
$data merge entity $(bone_tail8) { transformation: [-0.5682659495344724f,-0.03986639260704981f,0.0854722410859978f,-0.20174965614071952f,-0.05142762552428871f,0.5747462837257613f,-0.06502215742569571f,-2.718050450411794f,-0.09852040146866804f,-0.04275890615594957f,-0.639488848656004f,-6.976313978093941f,0f,0f,0f,1f], start_interpolation: 0, interpolation_duration: 1 }
$data merge entity $(bone_tail7) { transformation: [-0.6750307273306781f,-0.025167234633968007f,0.05447916012010316f,-0.23239418370827755f,-0.04325010104355726f,0.6458834773809977f,-0.21836902551761278f,-2.595217873558137f,-0.057736207286507996f,-0.20430175353251948f,-0.7327396310693459f,-6.564147935617434f,0f,0f,0f,1f], start_interpolation: 0, interpolation_duration: 1 }
$data merge entity $(bone_tail6) { transformation: [-0.7969263807326621f,-0.020764563221177923f,0.01191733495596518f,-0.23909768462100797f,-0.025905247539915445f,0.7186457767419457f,-0.3589678034600645f,-2.3932984841118508f,-0.010410938315090369f,-0.35356073141146677f,-0.8248606741115839f,-6.100163806429668f,0f,0f,0f,1f], start_interpolation: 0, interpolation_duration: 1 }
$data merge entity $(bone_tail5) { transformation: [-0.8851602701126047f,-0.02222033025653241f,-0.02773027732518596f,-0.22349940362559087f,-0.007384308647421961f,0.7726565526264173f,-0.44772132311911894f,-2.1414552398573465f,0.03103997014139423f,-0.44806423205724666f,-0.890353953152473f,-5.599339707781402f,0f,0f,0f,1f], start_interpolation: 0, interpolation_duration: 1 }
$data merge entity $(bone_tail4) { transformation: [-0.981789468106235f,-0.02322763623143008f,-0.066358994664072f,-0.18617246912705038f,0.007806461953821532f,0.8807421246645887f,-0.45695621854558754f,-1.8844173669254536f,0.0698951945818517f,-0.45123987633456986f,-1.0095641148849657f,-5.031459893158608f,0f,0f,0f,1f], start_interpolation: 0, interpolation_duration: 1 }
$data merge entity $(bone_tail3) { transformation: [-1.0895224243914443f,-0.022164082592336206f,-0.09254833569802173f,-0.13411403029691316f,0.01610165009381159f,1.002308768528079f,-0.4589602996429476f,-1.6262521983762956f,0.09617592880759077f,-0.44580224173225236f,-1.1435546775221066f,-4.388210387052424f,0f,0f,0f,1f], start_interpolation: 0, interpolation_duration: 1 }
$data merge entity $(bone_tail2) { transformation: [-1.210951699148343f,-0.019368098593857935f,-0.09953255010476396f,-0.07812697086298342f,0.016238864042694718f,1.13815740892572f,-0.4527518558524639f,-1.3715792794592847f,0.10213943132723462f,-0.4301113191741056f,-1.294532614137993f,-3.660035791599803f,0f,0f,0f,1f], start_interpolation: 0, interpolation_duration: 1 }
$data merge entity $(bone_tail1) { transformation: [-1.347243959606058f,-0.01574524332991038f,-0.08806120166904459f,-0.028592544924145848f,0.01041940808294393f,1.2890477754528125f,-0.43692319110477484f,-1.1258099844628489f,0.08796853248054531f,-0.4025254185091583f,-1.4630144372956475f,-2.8370901706210017f,0f,0f,0f,1f], start_interpolation: 0, interpolation_duration: 1 }
$data merge entity $(bone_tail0) { transformation: [-1.4991257360196644f,-0.012349886470993101f,-0.05632002940781221f,2.4492935982947064e-16f,0f,1.4557199703200527f,-0.4100088744583746f,-0.53125f,0.05120573799389735f,-0.36156167982176757f,-1.6488543832470106f,-2f,0f,0f,0f,1f], start_interpolation: 0, interpolation_duration: 1 }