# This file was generated by Animated Java via MC-Build. It is not recommended to edit this file directly.
$data merge entity $(bone_leftwing20) { transformation: [-0.417587964546773f,-2.272042303922369f,-1.8480206092367943f,1.1807492094918832f,-0.4507550221576827f,1.8943295525287267f,-2.22712181245819f,0.3625016974881455f,2.8938169107558323f,-0.032793699311915836f,-0.6135832228965601f,2.457457438923071f,0f,0f,0f,1f], start_interpolation: 0, interpolation_duration: 1 }
$data merge entity $(bone_leftwing21) { transformation: [-0.25491962723344314f,-2.2719203816522566f,-1.8772827779968497f,1.1807492094918832f,-0.25491962723344314f,1.8942278990696402f,-2.257811665200781f,0.3625016974881455f,2.936124798570672f,-0.032791939537347124f,-0.35901632469715666f,2.457457438923071f,0f,0f,0f,1f], start_interpolation: 0, interpolation_duration: 1 }
$data merge entity $(bone_leftwing22) { transformation: [-0.0905080357842864f,-2.2763073433345764f,-1.8960109037091524f,1.1807492094918832f,-0.05727871753339958f,1.8978855559478958f,-2.2758237493018916f,0.3625016974881455f,2.961950643886668f,-0.03285525909000445f,-0.10194649564320173f,2.457457438923071f,0f,0f,0f,1f], start_interpolation: 0, interpolation_duration: 1 }
$data merge entity $(bone_leftwing23) { transformation: [0.07388838140346946f,-2.240041708092476f,-1.8664667416121197f,1.1807492094918832f,0.13903934720714306f,1.8676488546057868f,-2.2359562295050295f,0.3625016974881455f,2.9124136058373016f,-0.032331816223015605f,0.15409765292805147f,2.457457438923071f,0f,0f,0f,1f], start_interpolation: 0, interpolation_duration: 1 }
$data merge entity $(bone_leftwing1) { transformation: [-0.22829572733063508f,-1.5360285998348409f,1.2603559820034957f,0.8383056184959305f,-0.3077973859948099f,1.280673500301111f,1.5050369280523528f,-0.09919438150406934f,-1.9629421361969235f,-0.022170388267210704f,-0.3825789380333722f,-0.4869557653723138f,0f,0f,0f,1f], start_interpolation: 0, interpolation_duration: 1 }
$data merge entity $(bone_leftwing) { transformation: [-0.10053707899728713f,-0.8960166832369906f,-0.7403766002642084f,0.6874999999999999f,-0.10053707899728712f,0.7470595418423147f,-0.890452383791607f,-0.25f,1.1579705102482094f,-0.012932726489206245f,-0.14159150077659635f,1.25f,0f,0f,0f,1f], start_interpolation: 0, interpolation_duration: 1 }
$data merge entity $(bone_rightwing20) { transformation: [-0.41758796454677233f,2.272042303922369f,1.8480206092367943f,-1.1807492094918837f,0.4507550221576827f,1.8943295525287267f,-2.22712181245819f,0.3625016974881455f,-2.8938169107558323f,-0.03279369931191528f,-0.6135832228965595f,2.457457438923071f,0f,0f,0f,1f], start_interpolation: 0, interpolation_duration: 1 }
$data merge entity $(bone_rightwing21) { transformation: [-0.25493330745740606f,2.272042303922369f,1.877383522098529f,-1.1807492094918837f,0.25493330745740667f,1.8943295525287267f,-2.257932830328718f,0.3625016974881455f,-2.9362823652722456f,-0.03279369931191528f,-0.35903559125494044f,2.457457438923071f,0f,0f,0f,1f], start_interpolation: 0, interpolation_duration: 1 }
$data merge entity $(bone_rightwing22) { transformation: [-0.09033845396534908f,2.272042303922369f,1.892458412761929f,-1.1807492094918837f,0.05717139635444016f,1.8943295525287267f,-2.2715596159833247f,0.3625016974881455f,-2.9564009380131697f,-0.03279369931191528f,-0.10175548197225381f,2.457457438923071f,0f,0f,0f,1f], start_interpolation: 0, interpolation_duration: 1 }
$data merge entity $(bone_rightwing23) { transformation: [0.07388838140347014f,2.240041708092476f,1.8664667416121197f,-1.1807492094918837f,-0.13903934720714306f,1.8676488546057868f,-2.2359562295050295f,0.3625016974881455f,-2.9124136058373016f,-0.032331816223015064f,0.15409765292805205f,2.457457438923071f,0f,0f,0f,1f], start_interpolation: 0, interpolation_duration: 1 }
$data merge entity $(bone_rightwing1) { transformation: [-0.22829572733063555f,1.5360285998348409f,-1.2603559820034957f,-0.8383056184959303f,0.3077973859948099f,1.280673500301111f,1.5050369280523528f,-0.09919438150406934f,1.9629421361969233f,-0.02217038826721033f,-0.3825789380333725f,-0.4869557653723138f,0f,0f,0f,1f], start_interpolation: 0, interpolation_duration: 1 }
$data merge entity $(bone_rightwing) { transformation: [-0.10053707899728684f,0.8960166832369906f,0.7403766002642084f,-0.6875000000000001f,0.10053707899728712f,0.7470595418423147f,-0.890452383791607f,-0.25f,-1.1579705102482094f,-0.012932726489206027f,-0.14159150077659616f,1.25f,0f,0f,0f,1f], start_interpolation: 0, interpolation_duration: 1 }
$data merge entity $(bone_head) { transformation: [-1.2269070000000002f,-8.257291260216658e-18f,1.5002570762138812e-16f,-4.165147914941217e-16f,0f,1.2250528701486982f,0.06742589998982333f,-0.2294880766837502f,-1.5025277304014817e-16f,0.06742589998982333f,-1.2250528701486982f,3.4011013770183816f,0f,0f,0f,1f], start_interpolation: 0, interpolation_duration: 1 }
$data merge entity $(bone_neck4) { transformation: [-1.0497600000000002f,5.402528168840971e-17f,1.1665574403728257e-16f,-4.075355174390287e-16f,0f,0.9525664388989776f,-0.4411499031886108f,-0.22729224441744533f,-1.2855852238729257e-16f,-0.4411499031886108f,-0.9525664388989776f,3.3277800401125512f,0f,0f,0f,1f], start_interpolation: 0, interpolation_duration: 1 }
$data merge entity $(bone_neck3) { transformation: [-1.1664000000000003f,7.043199020209406e-17f,1.2427148114433457e-16f,-3.5316674443838233e-16f,0f,1.0147536516721165f,-0.5751208450561546f,-0.47890761412951294f,-1.428428026525473e-16f,-0.5751208450561546f,-1.0147536516721165f,2.883825317506f,0f,0f,0f,1f], start_interpolation: 0, interpolation_duration: 1 }
$data merge entity $(bone_neck2) { transformation: [-1.2960000000000003f,8.642533851978601e-17f,1.331197435878472e-16f,-3.1988680854142053e-16f,0f,1.0870051975845636f,-0.7057164447737805f,-0.6553367253229581f,-1.58714225169497e-16f,-0.7057164447737805f,-1.0870051975845636f,2.612074018109859f,0f,0f,0f,1f], start_interpolation: 0, interpolation_duration: 1 }
$data merge entity $(bone_neck1) { transformation: [-1.4400000000000002f,8.36715150251681e-17f,1.5523561584465517e-16f,-2.8107790458025673e-16f,0f,1.2675949992498756f,-0.6832297694602515f,-0.8261441676880209f,-1.7634913907721887e-16f,-0.6832297694602515f,-1.2675949992498756f,2.2951752682973905f,0f,0f,0f,1f], start_interpolation: 0, interpolation_duration: 1 }
$data merge entity $(bone_neck0) { transformation: [-1.6f,5.333674650867817e-17f,1.885445356089976e-16f,-2.372753173347997e-16f,0f,1.5395829698838037f,-0.43552758677696535f,-1.03125f,-1.9594348786357652e-16f,-0.43552758677696535f,-1.5395829698838037f,1.9375f,0f,0f,0f,1f], start_interpolation: 0, interpolation_duration: 1 }
$data merge entity $(bone_frontlegl) { transformation: [-0.9659258262890683f,-0.18787893780723686f,0.17801349060171018f,0.43706585093278155f,-6.938893903907228e-18f,0.6877913120002325f,0.7259084729750706f,-0.8130753956140102f,-0.25881904510252085f,0.701173741568681f,-0.6643553913582669f,1.439119826047039f,0f,0f,0f,1f], start_interpolation: 0, interpolation_duration: 1 }
$data merge entity $(bone_frontlegtipleft) { transformation: [-0.9659258262890683f,0.22612986823492504f,0.12590703236847495f,0.9489627601541019f,-6.938893903907228e-18f,0.48646741710449426f,-0.8736987192938319f,-1.4570033427795708f,-0.25881904510252085f,-0.8439281573615953f,-0.4698914418293674f,0.4946203788846673f,0f,0f,0f,1f], start_interpolation: 0, interpolation_duration: 1 }
$data merge entity $(bone_frontfootleftd) { transformation: [-0.9659258262890681f,-0.09379850773008754f,0.24122424848134433f,0.5426977961650721f,1.4492474824561092e-16f,0.9320189261412083f,0.362409604335466f,-2.560713610532419f,-0.25881904510252063f,0.3500607965228293f,-0.9002611513499965f,1.9699438848583126f,0f,0f,0f,1f], start_interpolation: 0, interpolation_duration: 1 }
$data merge entity $(bone_frontfootleft) { transformation: [0.9659258262890681f,0.15411291633714916f,0.2079339008575551f,0.6351846438967703f,-4.653724897230191e-17f,-0.8033948999973723f,0.5954465842191154f,-2.242756928725517f,0.2588190451025207f,-0.5751572338728524f,-0.7760198826163851f,1.6656562510602821f,0f,0f,0f,1f], start_interpolation: 0, interpolation_duration: 1 }
$data merge entity $(bone_frontlegr) { transformation: [-0.9659258262890683f,0.11936143559125642f,-0.22965222794777096f,-0.8746107002374008f,-1.3877787807814457e-17f,0.8873080721583049f,0.46117717320213525f,-0.8847485973259698f,0.25881904510252063f,0.44546294209092935f,-0.857073782772471f,1.56395248742642f,0f,0f,0f,1f], start_interpolation: 0, interpolation_duration: 1 }
$data merge entity $(bone_frontlegtipright) { transformation: [-0.9659258262890683f,-0.2469423131513926f,-0.07750349723219055f,-0.8234002598498832f,-1.3877787807814457e-17f,0.29945051841718484f,-0.9541118315059715f,-1.8154769804658262f,0.25881904510252063f,-0.9216012592195819f,-0.2892469894348091f,0.7891466265415445f,0f,0f,0f,1f], start_interpolation: 0, interpolation_duration: 1 }
$data merge entity $(bone_frontfootrightd) { transformation: [-0.9659258262890679f,0.10114281327171709f,-0.23823817794648958f,-0.386304319341121f,1.7762211084687322e-16f,0.9204816355462604f,0.3907858219307363f,-2.4846386082258936f,0.2588190451025207f,0.37747011795049934f,-0.8891169843989346f,2.4612888652709026f,0f,0f,0f,1f], start_interpolation: 0, interpolation_duration: 1 }
$data merge entity $(bone_frontfootright) { transformation: [0.9659258262890679f,-0.07766937630065537f,-0.24689019035362225f,-0.48480317040772947f,-6.080177359631301e-17f,-0.953910444479952f,0.3000914259222681f,-2.289896758799978f,-0.25881904510252063f,-0.2898660585462318f,-0.92140673429007f,2.0528081676346064f,0f,0f,0f,1f], start_interpolation: 0, interpolation_duration: 1 }
$data merge entity $(bone_rearlegl) { transformation: [-1.0464196451464907f,-0.1618013097455731f,-0.22899208180026817f,-0.033516060797237124f,0f,0.8847574633063123f,-0.625152255242585f,-0.6401150776950543f,0.28038729886106395f,-0.6038507087016683f,-0.8546100838095698f,-1.5263442685743103f,0f,0f,0f,1f], start_interpolation: 0, interpolation_duration: 1 }
$data merge entity $(bone_rearfootleftd) { transformation: [-0.9659258262890683f,-0.04900937809552562f,-0.2541365360715976f,0.8422090538854523f,0f,0.9819081743807985f,-0.18935769613133563f,-2.725173150095645f,0.2588190451025206f,-0.18290548909985466f,-0.9484504646787633f,-0.9143896694093695f,0f,0f,0f,1f], start_interpolation: 0, interpolation_duration: 1 }
$data merge entity $(bone_rearfootleft) { transformation: [-0.9659258262890683f,0.1591607658016211f,-0.20409593023189393f,0.7217881975762279f,0f,0.7885661202059129f,0.6149499768789274f,-2.2038242759656437f,0.2588190451025206f,0.5939960645432214f,-0.7616963812434612f,-1.3638064234463463f,0f,0f,0f,1f], start_interpolation: 0, interpolation_duration: 1 }
$data merge entity $(bone_rearlegtipleft) { transformation: [-0.9659258262890683f,0.22542407209771137f,-0.12716637065933123f,0.8947898036970807f,0f,0.49133312662118594f,0.8709717324257139f,-1.7669268826210647f,0.2588190451025206f,0.8412940903177291f,-0.47459135631476046f,-0.4766741830400371f,0f,0f,0f,1f], start_interpolation: 0, interpolation_duration: 1 }
$data merge entity $(bone_rearlegr) { transformation: [-1.0464196451464907f,0.02669415358592396f,0.2791137035814166f,-1.3043049407661538f,0f,1.078412539041927f,-0.10313828943828356f,-0.5298896605981119f,-0.2803872988610642f,-0.09962393744771514f,-1.0416665228545654f,-1.862577325162327f,0f,0f,0f,1f], start_interpolation: 0, interpolation_duration: 1 }
$data merge entity $(bone_rearfootrightd) { transformation: [-0.9659258262890683f,0.033224060495237184f,0.2566777355206127f,-0.5710330532832647f,0f,0.9917266150910182f,-0.1283679123461599f,-2.839235817053253f,-0.25881904510252085f,-0.12399388180196713f,-0.9579343501346526f,-1.9428892427154594f,0f,0f,0f,1f], start_interpolation: 0, interpolation_duration: 1 }
$data merge entity $(bone_rearfootright) { transformation: [-0.9659258262890683f,-0.22983487605631503f,0.11900936037118708f,-0.5179434775351129f,0f,0.45981685901068925f,0.8880137702589661f,-2.171249242623878f,-0.25881904510252085f,0.8577554347934627f,-0.444148979481544f,-2.141022236759838f,0f,0f,0f,1f], start_interpolation: 0, interpolation_duration: 1 }
$data merge entity $(bone_rearlegtipright) { transformation: [-0.9659258262890683f,-0.25670720670533975f,0.03299557748127367f,-0.8370832719760991f,0f,0.12748512176993695f,0.9918404830048552f,-2.1057541510417446f,-0.25881904510252085f,0.9580443380934133f,-0.12314117158518882f,-1.1914577657612582f,0f,0f,0f,1f], start_interpolation: 0, interpolation_duration: 1 }
$data merge entity $(bone_tail11) { transformation: [-0.28598976876163107f,-0.05596436875268497f,0.03718756494356705f,-0.0015872380089009264f,-0.031351791589312096f,0.2548536083275046f,0.14752037420878245f,-2.6645463508168286f,-0.07183672360680489f,0.17180975615301236f,-0.27331517091190444f,-7.861352067090413f,0f,0f,0f,1f], start_interpolation: 0, interpolation_duration: 1 }
$data merge entity $(bone_tail10) { transformation: [-0.3800450623994919f,-0.06223075886439102f,0.07158438924696635f,-0.041853456960319495f,-0.039562685670536814f,0.3741157792251168f,0.11989741719838377f,-2.7319886479909194f,-0.10335649971891792f,0.14547940327293452f,-0.40324561467604936f,-7.634526408835136f,0f,0f,0f,1f], start_interpolation: 0, interpolation_duration: 1 }
$data merge entity $(bone_tail9) { transformation: [-0.4768062582917234f,-0.057120265748896365f,0.09554780099094021f,-0.09559909501772336f,-0.05028188385687673f,0.488755904347627f,0.04677786287091538f,-2.7583011958558092f,-0.11985674170938773f,0.07121261271828888f,-0.5332890994961611f,-7.3345512903685455f,0f,0f,0f,1f], start_interpolation: 0, interpolation_duration: 1 }
$data merge entity $(bone_tail8) { transformation: [-0.566517268851481f,-0.04237574178438246f,0.09527564972832327f,-0.1491916479899052f,-0.055745243518701304f,0.5738916267454373f,-0.06856964615580802f,-2.719730769893167f,-0.10877937075627139f,-0.04841791596129216f,-0.6374593581846133f,-6.975980401389701f,0f,0f,0f,1f], start_interpolation: 0, interpolation_duration: 1 }
$data merge entity $(bone_tail7) { transformation: [-0.6736206602473322f,-0.02590935363278743f,0.06945058611104724f,-0.18825760267736927f,-0.04908898547307808f,0.6444576499072088f,-0.22118619436199272f,-2.5953135355645465f,-0.07328254593665964f,-0.20893494610932264f,-0.730086723702054f,-6.565306619307296f,0f,0f,0f,1f], start_interpolation: 0, interpolation_duration: 1 }
$data merge entity $(bone_tail6) { transformation: [-0.7964818948325253f,-0.019427056854903774f,0.029873561931423945f,-0.20506148126379523f,-0.03279232754019646f,0.7171914971683657f,-0.36118616635338735f,-2.392146316990766f,-0.02923555255426527f,-0.3570576435550399f,-0.8229591241870238f,-6.102392111952095f,0f,0f,0f,1f], start_interpolation: 0, interpolation_duration: 1 }
$data merge entity $(bone_tail5) { transformation: [-0.8855949073727503f,-0.019575123903696593f,-0.009776100222511241f,-0.19956242488863266f,-0.014042606613680304f,0.771624634781847f,-0.44922016373639284f,-2.139459974889045f,0.011917571328307952f,-0.4503642304177677f,-0.889722472969417f,-5.601923220906798f,0f,0f,0f,1f], start_interpolation: 0, interpolation_duration: 1 }
$data merge entity $(bone_tail4) { transformation: [-0.9827746360114252f,-0.021204392534479477f,-0.050401502786453334f,-0.17121157957125266f,0.0023160777608022143f,0.8803032693612778f,-0.4577181285247406f,-1.8819935275938784f,0.052823756044855986f,-0.45243705442844684f,-1.01013960723239f,-5.033719691838579f,0f,0f,0f,1f], start_interpolation: 0, interpolation_duration: 1 }
$data merge entity $(bone_tail3) { transformation: [-1.090481163827251f,-0.020727384106469432f,-0.0807151714515949f,-0.12580929562973053f,0.01249966184966825f,1.002348246717085f,-0.45880940064525544f,-1.6239132397309222f,0.08346843741607826f,-0.4458899615354414f,-1.1445986653745583f,-4.389882942565389f,0f,0f,0f,1f], start_interpolation: 0, interpolation_duration: 1 }
$data merge entity $(bone_tail2) { transformation: [-1.2116235863322855f,-0.018379338967580365f,-0.09104621550457648f,-0.07459579940840626f,0.01399859626702735f,1.1385055384810028f,-0.45172884588489226f,-1.3698157639206703f,0.09305843572722261f,-0.42925331633933617f,-1.2955894478894627f,-3.661113878127567f,0f,0f,0f,1f], start_interpolation: 0, interpolation_duration: 1 }
$data merge entity $(bone_tail1) { transformation: [-1.3475436346911f,-0.015107570649627231f,-0.08326840940914271f,-0.027757319115763485f,0.009471740212422685f,1.2895047780093987f,-0.4353100499881683f,-1.1249538608023255f,0.08295067235890574f,-0.4010764095172912f,-1.4638012363700676f,-2.837725682669404f,0f,0f,0f,1f], start_interpolation: 0, interpolation_duration: 1 }
$data merge entity $(bone_tail0) { transformation: [-1.4991772740037548f,-0.011931183417321243f,-0.054649093280167184f,2.4492935982947064e-16f,0f,1.4560888591215486f,-0.4083229262612236f,-0.53125f,0.04967394800768573f,-0.36008732441502195f,-1.6493289133745055f,-2f,0f,0f,0f,1f], start_interpolation: 0, interpolation_duration: 1 }