# This file was generated by Animated Java via MC-Build. It is not recommended to edit this file directly.
$data merge entity $(bone_leftwing20) { transformation: [-0.4183679189584607f,-2.2646180333110943f,-1.8569355289561547f,1.1835535433947744f,-0.4501021371197985f,1.9032227297041122f,-2.2196593023274835f,0.36015424279208547f,2.893805878364627f,-0.03137698919482505f,-0.6137093237050507f,2.4574971059961985f,0f,0f,0f,1f], start_interpolation: 0, interpolation_duration: 1 }
$data merge entity $(bone_leftwing21) { transformation: [-0.25491962723344314f,-2.2644965094419827f,-1.8862312710416989f,1.1835535433947744f,-0.25491962723344325f,1.9031205990196025f,-2.250321051476383f,0.36015424279208547f,2.9361247985706727f,-0.03137530544371474f,-0.3591429003975836f,2.4574971059961985f,0f,0f,0f,1f], start_interpolation: 0, interpolation_duration: 1 }
$data merge entity $(bone_leftwing22) { transformation: [-0.08972661725535928f,-2.268869136007991f,-1.9049425583651352f,1.1835535433947744f,-0.05793282815604234f,1.9067954272451677f,-2.2683472306732946f,0.36015424279208547f,2.9619616969876907f,-0.031435889548626264f,-0.10207283316599883f,2.4574971059961985f,0f,0f,0f,1f], start_interpolation: 0, interpolation_duration: 1 }
$data merge entity $(bone_leftwing23) { transformation: [0.07542046736057825f,-2.2327220046729095f,-1.875155632846762f,1.1835535433947744f,0.13775686712476956f,1.8764167757646175f,-2.2286829235298438f,0.36015424279208547f,2.9124352770675483f,-0.030935059769545824f,0.15397474927394494f,2.4574971059961985f,0f,0f,0f,1f], start_interpolation: 0, interpolation_duration: 1 }
$data merge entity $(bone_leftwing1) { transformation: [-0.23016528326589597f,-1.5310093746328524f,1.2661098835272764f,0.8383056184959305f,-0.30623241619743646f,1.2866857890957377f,1.5002204462708004f,-0.09919438150406923f,-1.9629685809123416f,-0.021212612413402852f,-0.3824975495680841f,-0.4869557653723138f,0f,0f,0f,1f], start_interpolation: 0, interpolation_duration: 1 }
$data merge entity $(bone_leftwing) { transformation: [-0.10053707899728713f,-0.893088801869164f,-0.7439057728191831f,0.6874999999999999f,-0.10053707899728717f,0.7505667103058471f,-0.8874981804141704f,-0.25f,1.1579705102482094f,-0.01237402390781833f,-0.14164142063302754f,1.25f,0f,0f,0f,1f], start_interpolation: 0, interpolation_duration: 1 }
$data merge entity $(bone_rightwing20) { transformation: [-0.41836791895846004f,2.2646180333110943f,1.8569355289561549f,-1.183553543394775f,0.4501021371197985f,1.9032227297041122f,-2.2196593023274835f,0.36015424279208547f,-2.8938058783646277f,-0.0313769891948245f,-0.6137093237050502f,2.4574971059961985f,0f,0f,0f,1f], start_interpolation: 0, interpolation_duration: 1 }
$data merge entity $(bone_rightwing21) { transformation: [-0.25493330745740606f,2.2646180333110943f,1.8863324953629295f,-1.183553543394775f,0.25493330745740683f,1.9032227297041122f,-2.2504418146216465f,0.36015424279208547f,-2.936282365272246f,-0.0313769891948245f,-0.35916217374803366f,2.4574971059961985f,0f,0f,0f,1f], start_interpolation: 0, interpolation_duration: 1 }
$data merge entity $(bone_rightwing22) { transformation: [-0.0895584995536613f,2.2646180333110943f,1.9013733324812891f,-1.183553543394775f,0.05782428139232447f,1.9032227297041122f,-2.2640971058526183f,0.36015424279208547f,-2.9564119704043743f,-0.0313769891948245f,-0.10188158278074466f,2.4574971059961985f,0f,0f,0f,1f], start_interpolation: 0, interpolation_duration: 1 }
$data merge entity $(bone_rightwing23) { transformation: [0.07542046736057893f,2.2327220046729095f,1.8751556328467625f,-1.183553543394775f,-0.13775686712476956f,1.8764167757646175f,-2.2286829235298438f,0.36015424279208547f,-2.9124352770675483f,-0.03093505976954528f,0.15397474927394542f,2.4574971059961985f,0f,0f,0f,1f], start_interpolation: 0, interpolation_duration: 1 }
$data merge entity $(bone_rightwing1) { transformation: [-0.23016528326589644f,1.5310093746328524f,-1.2661098835272764f,-0.8383056184959303f,0.30623241619743646f,1.2866857890957377f,1.5002204462708004f,-0.09919438150406923f,1.9629685809123416f,-0.021212612413402478f,-0.38249754956808446f,-0.4869557653723138f,0f,0f,0f,1f], start_interpolation: 0, interpolation_duration: 1 }
$data merge entity $(bone_rightwing) { transformation: [-0.10053707899728684f,0.893088801869164f,0.7439057728191831f,-0.6875000000000001f,0.10053707899728717f,0.7505667103058471f,-0.8874981804141704f,-0.25f,-1.1579705102482094f,-0.012374023907818112f,-0.14164142063302734f,1.25f,0f,0f,0f,1f], start_interpolation: 0, interpolation_duration: 1 }
$data merge entity $(bone_head) { transformation: [-1.2269070000000002f,-8.639169715962606e-18f,1.500042017840603e-16f,-4.174315336321591e-16f,0f,1.2248772616602526f,0.07054417422213127f,-0.2426385021762167f,-1.5025277304014817e-16f,0.07054417422213127f,-1.2248772616602526f,3.408587144659106f,0f,0f,0f,1f], start_interpolation: 0, interpolation_duration: 1 }
$data merge entity $(bone_neck4) { transformation: [-1.0497600000000002f,5.372814796235633e-17f,1.1679289274154977e-16f,-4.084529732119886e-16f,0f,0.953686343057162f,-0.4387236221885687f,-0.24025603034246595f,-1.2855852238729257e-16f,-0.4387236221885687f,-0.953686343057162f,3.3352716350246405f,0f,0f,0f,1f], start_interpolation: 0, interpolation_duration: 1 }
$data merge entity $(bone_neck3) { transformation: [-1.1664000000000003f,6.915186946154828e-17f,1.2498834033463905e-16f,-3.53770574315584e-16f,0f,1.020607251181817f,-0.5646678659487333f,-0.4872982216950368f,-1.428428026525473e-16f,-0.5646678659487333f,-1.020607251181817f,2.8887559626325956f,0f,0f,0f,1f], start_interpolation: 0, interpolation_duration: 1 }
$data merge entity $(bone_neck2) { transformation: [-1.2960000000000003f,8.447473036333599e-17f,1.343660120759542e-16f,-3.2017907129659543e-16f,0f,1.097181752073374f,-0.6897885204301404f,-0.6597453518025719f,-1.58714225169497e-16f,-0.6897885204301404f,-1.097181752073374f,2.6144605246142523f,0f,0f,0f,1f], start_interpolation: 0, interpolation_duration: 1 }
$data merge entity $(bone_neck1) { transformation: [-1.4400000000000002f,8.201504062133461e-17f,1.5611710977710653e-16f,-2.811497938523188e-16f,0f,1.2747929434495018f,-0.6697036294745283f,-0.8271712591712039f,-1.7634913907721887e-16f,-0.6697036294745283f,-1.2747929434495018f,2.295762288751877f,0f,0f,0f,1f], start_interpolation: 0, interpolation_duration: 1 }
$data merge entity $(bone_neck0) { transformation: [-1.6f,5.279555216422009e-17f,1.8869679411113133e-16f,-2.372753173347997e-16f,0f,1.540826254904756f,-0.43110839958899505f,-1.03125f,-1.9594348786357652e-16f,-0.43110839958899505f,-1.540826254904756f,1.9375f,0f,0f,0f,1f], start_interpolation: 0, interpolation_duration: 1 }
$data merge entity $(bone_frontlegl) { transformation: [-0.9659258262890683f,-0.18231756419122613f,0.1837052092216191f,0.43756128265372785f,-6.938893903907228e-18f,0.7097824240439943f,0.7044209753536812f,-0.8124225642417375f,-0.2588190451025208f,0.680418412673856f,-0.6855971744301529f,1.4372708496927862f,0f,0f,0f,1f], start_interpolation: 0, interpolation_duration: 1 }
$data merge entity $(bone_frontlegtipleft) { transformation: [-0.9659258262890683f,0.23080149508170666f,0.11712372934563527f,0.9445495161799708f,-6.938893903907228e-18f,0.4525313401849598f,-0.8917484993821992f,-1.4889132796939915f,-0.2588190451025208f,-0.8613629061077874f,-0.4371117086898566f,0.5110908296223213f,0f,0f,0f,1f], start_interpolation: 0, interpolation_duration: 1 }
$data merge entity $(bone_frontfootleftd) { transformation: [-0.9659258262890683f,-0.0967287416892226f,0.2400642593952716f,0.5282097957767101f,1.5131449001923397e-16f,0.9275370724754043f,0.37373115896825737f,-2.5355300235952183f,-0.25881904510252063f,0.36099657853638517f,-0.8959320131445481f,2.024013838407757f,0f,0f,0f,1f], start_interpolation: 0, interpolation_duration: 1 }
$data merge entity $(bone_frontfootleft) { transformation: [0.9659258262890683f,0.147647675916564f,0.21257342708866017f,0.6231876548165308f,-5.073171916294217e-17f,-0.8213206528308524f,0.570466813437471f,-2.2274953189578293f,0.2588190451025207f,-0.5510286281400808f,-0.793334830233918f,1.7104296238455847f,0f,0f,0f,1f], start_interpolation: 0, interpolation_duration: 1 }
$data merge entity $(bone_frontlegr) { transformation: [-0.9659258262890683f,0.12086874326516472f,-0.22886250240981004f,-0.874627116368948f,0f,0.8842568069871191f,0.4670009628437022f,-0.8845455670996023f,0.25881904510252063f,0.4510882909125935f,-0.8541264869407662f,1.5638912215894223f,0f,0f,0f,1f], start_interpolation: 0, interpolation_duration: 1 }
$data merge entity $(bone_frontlegtipright) { transformation: [-0.9659258262890683f,-0.24491045691485486f,-0.08370284464423908f,-0.824665085589764f,0f,0.32340295750292847f,-0.9462613418492584f,-1.8084746642966243f,0.25881904510252063f,-0.9140182685111473f,-0.3123832689503448f,0.7844262326175884f,0f,0f,0f,1f], start_interpolation: 0, interpolation_duration: 1 }
$data merge entity $(bone_frontfootrightd) { transformation: [-0.9659258262890681f,0.09858778934184464f,-0.23930680287126965f,-0.391105228816683f,1.8878572394166405e-16f,0.9246104852001055f,0.38091396752813483f,-2.5132161269640663f,0.25881904510252074f,0.36793463882966104f,-0.8931051469124484f,2.443371627185567f,0f,0f,0f,1f], start_interpolation: 0, interpolation_duration: 1 }
$data merge entity $(bone_frontfootright) { transformation: [0.9659258262890683f,-0.07929091898461936f,-0.24637420375184405f,-0.48927034771180455f,-7.220953462079748e-17f,-0.9519168253412452f,0.3063565857497518f,-2.3157167609558305f,-0.25881904510252074f,-0.2959177382294269f,-0.919481046076209f,2.03613643496938f,0f,0f,0f,1f], start_interpolation: 0, interpolation_duration: 1 }
$data merge entity $(bone_rearlegl) { transformation: [-1.0464196451464907f,-0.15381436828045297f,-0.23443160510709465f,-0.03305836882222213f,0f,0.9057741674853725f,-0.5942930831057108f,-0.6322784412129441f,0.28038729886106395f,-0.5740430373567615f,-0.8749106611596014f,-1.5246361388693381f,0f,0f,0f,1f], start_interpolation: 0, interpolation_duration: 1 }
$data merge entity $(bone_rearfootleftd) { transformation: [-0.9659258262890683f,-0.05282763880002794f,-0.25337035873715447f,0.8289041491547737f,0f,0.9789478924813751f,-0.20411032263526968f,-2.7591847631756066f,0.2588190451025206f,-0.19715543204560115f,-0.9455910519390143f,-0.9640442498541244f,0f,0f,0f,1f], start_interpolation: 0, interpolation_duration: 1 }
$data merge entity $(bone_rearfootleft) { transformation: [-0.9659258262890683f,0.1626803373628393f,-0.20130177829143328f,0.7108442187497683f,0f,0.7777703461184465f,0.6285485571527403f,-2.229836336868292f,0.2588190451025206f,0.6071312844305624f,-0.7512684642375951f,-1.4046499084636506f,0f,0f,0f,1f], start_interpolation: 0, interpolation_duration: 1 }
$data merge entity $(bone_rearlegtipleft) { transformation: [-0.9659258262890683f,0.2259413654594445f,-0.12624498992871883f,0.884305531936691f,0f,0.48777318484701154f,0.8729704004971778f,-1.796623802052354f,0.2588190451025206f,0.8432246554261353f,-0.471152716615f,-0.5158020179301703f,0f,0f,0f,1f], start_interpolation: 0, interpolation_duration: 1 }
$data merge entity $(bone_rearlegr) { transformation: [-1.0464196451464907f,0.028528656962930575f,0.2789321657580838f,-1.3040378997812194f,-1.879283765641541e-18f,1.0777111307539058f,-0.11022626619934432f,-0.5312524334206621f,-0.2803872988610642f,-0.10647039725736047f,-1.0409890144743925f,-1.8635739356858056f,0f,0f,0f,1f], start_interpolation: 0, interpolation_duration: 1 }
$data merge entity $(bone_rearfootrightd) { transformation: [-0.9659258262890683f,0.03158306032141388f,0.2568848154494824f,-0.5722217973466129f,-1.734723475976807e-18f,0.9925267104966242f,-0.12202757455079677f,-2.8250807711107315f,-0.25881904510252085f,-0.11786958577802925f,-0.9587071829504226f,-1.9384527894738486f,0f,0f,0f,1f], start_interpolation: 0, interpolation_duration: 1 }
$data merge entity $(bone_rearfootright) { transformation: [-0.9659258262890683f,-0.23059072265203528f,0.11753815012408882f,-0.5202381594678063f,-1.734723475976807e-18f,0.4541325391163961f,0.890934137249042f,-2.155796984362466f,-0.25881904510252085f,0.8605762926914191f,-0.43865834809075754f,-2.132458367199817f,0f,0f,0f,1f], start_interpolation: 0, interpolation_duration: 1 }
$data merge entity $(bone_rearlegtipright) { transformation: [-0.9659258262890683f,-0.25725536587462217f,0.028407302520566537f,-0.8396393458930306f,-1.734723475976807e-18f,0.10975738863928701f,0.9939584073989638f,-2.108161996185614f,-0.25881904510252085f,0.9600900959638105f,-0.1060174963127337f,-1.1819183680353684f,0f,0f,0f,1f], start_interpolation: 0, interpolation_duration: 1 }
$data merge entity $(bone_tail11) { transformation: [-0.28644940397023194f,-0.05594861154131559f,0.033457928840339594f,0.05853446030241819f,-0.03390804853468382f,0.2564991212196399f,0.14400565628904985f,-2.667216664670307f,-0.06775001616622303f,0.16843893512054767f,-0.2764725227224331f,-7.862376567542446f,0f,0f,0f,1f], start_interpolation: 0, interpolation_duration: 1 }
$data merge entity $(bone_tail10) { transformation: [-0.3801091612719637f,-0.06338683898676865f,0.07018963691545138f,0.019052789537476793f,-0.04196554589315419f,0.37504328605607795f,0.11599798017457187f,-2.7324655285185036f,-0.10177033676212839f,0.14093118697220505f,-0.4052998228821249f,-7.634395417171251f,0f,0f,0f,1f], start_interpolation: 0, interpolation_duration: 1 }
$data merge entity $(bone_tail9) { transformation: [-0.4759313795875191f,-0.05909866248788302f,0.09862586961129727f,-0.03642426211887792f,-0.05280001753179294f,0.4887758406468977f,0.04316971850858776f,-2.756748495179584f,-0.12299904044116272f,0.06613925767366169f,-0.5332751422622823f,-7.334428149648717f,0f,0f,0f,1f], start_interpolation: 0, interpolation_duration: 1 }
$data merge entity $(bone_tail8) { transformation: [-0.5648537344822552f,-0.044148725149575074f,0.10391303978743638f,-0.09487534699931088f,-0.05913773700917141f,0.5731671867344856f,-0.07127469225452394f,-2.716656480786414f,-0.11776189026316644f,-0.0530278981047954f,-0.6355493737739103f,-6.9769316269008925f,0f,0f,0f,1f], start_interpolation: 0, interpolation_duration: 1 }
$data merge entity $(bone_tail7) { transformation: [-0.6720049732657378f,-0.026120252357977408f,0.0835175098564705f,-0.14185394629357553f,-0.05414114634890668f,0.6433847426369749f,-0.2229269040931071f,-2.5912600972340414f,-0.08796261913732872f,-0.21243503780780304f,-0.7275185044082226f,-6.567702468171268f,0f,0f,0f,1f], start_interpolation: 0, interpolation_duration: 1 }
$data merge entity $(bone_tail6) { transformation: [-0.7956620742493927f,-0.0176631622106893f,0.04740697330712666f,-0.16852036877883428f,-0.03914907839413561f,0.7162903417218848f,-0.36217306694121687f,-2.387537747079607f,-0.04773432196662804f,-0.35933183644421635f,-0.8211850955792862f,-6.105785851907919f,0f,0f,0f,1f], start_interpolation: 0, interpolation_duration: 1 }
$data merge entity $(bone_tail5) { transformation: [-0.885661216785994f,-0.01654176572220229f,0.008263698788096789f,-0.17316869934713872f,-0.02044956033807452f,0.7712332031317587f,-0.449480599445034f,-2.1347049098917754f,-0.007389974027596835f,-0.4514371530488143f,-0.8893223265003396f,-5.605542043251479f,0f,0f,0f,1f], start_interpolation: 0, interpolation_duration: 1 }
$data merge entity $(bone_tail4) { transformation: [-0.9835210546048512f,-0.018808804651519306f,-0.0338312169218605f,-0.1541386398285922f,-0.0031666037017929853f,0.8804361234678967f,-0.45725649061610874f,-1.8774981339202141f,0.03506491424817132f,-0.45242510269432723f,-1.0110199700412368f,-5.036843310103283f,0f,0f,0f,1f], start_interpolation: 0, interpolation_duration: 1 }
$data merge entity $(bone_tail3) { transformation: [-1.0913735251269798f,-0.01895721500085329f,-0.06788692367988261f,-0.11595224525865822f,0.008749404053904182f,1.0028668212985956f,-0.45751391842436656f,-1.620146554806508f,0.06970833437569475f,-0.4448337171872332f,-1.1460415007894316f,-4.392194965909227f,0f,0f,0f,1f], start_interpolation: 0, interpolation_duration: 1 }
$data merge entity $(bone_tail2) { transformation: [-1.2123110304929487f,-0.01711241225444116f,-0.08143449701176872f,-0.07014534068953832f,0.011580170934759075f,1.1392248644460805f,-0.4496690295337807f,-1.3672077256937563f,0.08281511792514765f,-0.4273700489712409f,-1.2970286899759933f,-3.662616327797731f,0f,0f,0f,1f], start_interpolation: 0, interpolation_duration: 1 }
$data merge entity $(bone_tail1) { transformation: [-1.3478834488805156f,-0.014252386547010965f,-0.07744515827873272f,-0.026582439157751155f,0.008399825916187514f,1.2902186583172743f,-0.4328123451365503f,-1.1237507815544467f,0.07690032525562279f,-0.39878373115597393f,-1.4648910988410409f,-2.838615084699646f,0f,0f,0f,1f], start_interpolation: 0, interpolation_duration: 1 }
$data merge entity $(bone_tail0) { transformation: [-1.4992469939628041f,-0.011348393563749929f,-0.052301400086558016f,2.4492935982947064e-16f,6.505213034913027e-19f,1.4566042287223138f,-0.40595506555354377f,-0.53125f,0.04752316375722207f,-0.35801583042066093f,-1.6499894085418862f,-2f,0f,0f,0f,1f], start_interpolation: 0, interpolation_duration: 1 }