# This file was generated by Animated Java via MC-Build. It is not recommended to edit this file directly.
$data merge entity $(bone_leftwing20) { transformation: [-0.4205458720661979f,-2.2435673514924863f,-1.8818296468905429f,1.1913843956181962f,-0.44825120602548363f,1.9280537463724563f,-2.198503063110658f,0.35349920149490166f,2.893777485726208f,-0.027393457745199804f,-0.6140338530471926f,2.457599192012147f,0f,0f,0f,1f], start_interpolation: 0, interpolation_duration: 1 }
$data merge entity $(bone_leftwing21) { transformation: [-0.25491962723344375f,-2.2434469572444695f,-1.9112191394921298f,1.1913843956181962f,-0.25491962723344314f,1.9279502832066298f,-2.2290851384848405f,0.35349920149490166f,2.936124798570672f,-0.027391987758241927f,-0.3594686519076842f,2.457599192012147f,0f,0f,0f,1f], start_interpolation: 0, interpolation_duration: 1 }
$data merge entity $(bone_leftwing22) { transformation: [-0.08754457573086029f,-2.2477789382052595f,-1.9298834071169646f,1.1913843956181962f,-0.05978723378692385f,1.9316730562783226f,-2.2471512773217817f,0.35349920149490166f,2.96199014292429f,-0.027444880281091072f,-0.10239797170913695f,2.457599192012147f,0f,0f,0f,1f], start_interpolation: 0, interpolation_duration: 1 }
$data merge entity $(bone_leftwing23) { transformation: [0.07969868070433417f,-2.21196781133062f,-1.899418586403655f,1.1913843956181962f,0.13412103213918472f,1.90089805980383f,-2.208063078676965f,0.35349920149490166f,2.912491049510084f,-0.02700763439667586f,0.15365844803455195f,2.457599192012147f,0f,0f,0f,1f], start_interpolation: 0, interpolation_duration: 1 }
$data merge entity $(bone_leftwing1) { transformation: [-0.23538585141484347f,-1.516777927769568f,1.2821771401739952f,0.838305618495931f,-0.3017957219993139f,1.303472955294055f,1.4865657055777575f,-0.09919438150406923f,-1.9630366382563071f,-0.018519520729149162f,-0.3822880906009767f,-0.48695576537231355f,0f,0f,0f,1f], start_interpolation: 0, interpolation_duration: 1 }
$data merge entity $(bone_leftwing) { transformation: [-0.1005370789972874f,-0.8847871245322482f,-0.7537606723090299f,0.6874999999999999f,-0.10053707899728717f,0.7603592239215321f,-0.8791230047355433f,-0.25f,1.1579705102482092f,-0.010803053758670345f,-0.14176989291136832f,1.25f,0f,0f,0f,1f], start_interpolation: 0, interpolation_duration: 1 }
$data merge entity $(bone_rightwing20) { transformation: [-0.4205458720661971f,2.2435673514924863f,1.8818296468905429f,-1.1913843956181966f,0.44825120602548363f,1.9280537463724563f,-2.198503063110658f,0.35349920149490166f,-2.893777485726208f,-0.02739345774519925f,-0.6140338530471923f,2.457599192012147f,0f,0f,0f,1f], start_interpolation: 0, interpolation_duration: 1 }
$data merge entity $(bone_rightwing21) { transformation: [-0.2549333074574066f,2.2435673514924863f,1.9113217047836117f,-1.1913843956181966f,0.25493330745740667f,1.9280537463724563f,-2.229204762007985f,0.35349920149490166f,-2.936282365272245f,-0.02739345774519925f,-0.35948794273954066f,2.457599192012147f,0f,0f,0f,1f], start_interpolation: 0, interpolation_duration: 1 }
$data merge entity $(bone_rightwing22) { transformation: [-0.08738054644592554f,2.2435673514924863f,1.9262674504156776f,-1.1913843956181966f,0.05967521248663908f,1.9280537463724563f,-2.2429408666357933f,0.35349920149490166f,-2.956440363042793f,-0.02739345774519925f,-0.10220611212288673f,2.457599192012147f,0f,0f,0f,1f], start_interpolation: 0, interpolation_duration: 1 }
$data merge entity $(bone_rightwing23) { transformation: [0.07969868070433489f,2.21196781133062f,1.899418586403655f,-1.1913843956181966f,-0.13412103213918472f,1.90089805980383f,-2.208063078676965f,0.35349920149490166f,-2.912491049510084f,-0.027007634396675313f,0.15365844803455236f,2.457599192012147f,0f,0f,0f,1f], start_interpolation: 0, interpolation_duration: 1 }
$data merge entity $(bone_rightwing1) { transformation: [-0.23538585141484394f,1.516777927769568f,-1.282177140173995f,-0.8383056184959308f,0.3017957219993139f,1.303472955294055f,1.4865657055777575f,-0.09919438150406923f,1.9630366382563071f,-0.018519520729148788f,-0.38228809060097696f,-0.48695576537231355f,0f,0f,0f,1f], start_interpolation: 0, interpolation_duration: 1 }
$data merge entity $(bone_rightwing) { transformation: [-0.1005370789972871f,0.8847871245322482f,0.7537606723090299f,-0.6875000000000001f,0.10053707899728717f,0.7603592239215321f,-0.8791230047355433f,-0.25f,-1.1579705102482092f,-0.010803053758670127f,-0.14176989291136813f,1.25f,0f,0f,0f,1f], start_interpolation: 0, interpolation_duration: 1 }
$data merge entity $(bone_head) { transformation: [-1.2269070000000002f,-9.174202321588433e-18f,1.4997243019307536e-16f,-4.192511955916314e-16f,0f,1.2246178269317485f,0.0749130469942505f,-0.26967424178193444f,-1.5025277304014817e-16f,0.0749130469942505f,-1.2246178269317485f,3.42344581216013f,0f,0f,0f,1f], start_interpolation: 0, interpolation_duration: 1 }
$data merge entity $(bone_neck4) { transformation: [-1.0497600000000002f,5.331118829629408e-17f,1.1698380606238239e-16f,-4.1027373307847336e-16f,0f,0.9552452686262768f,-0.4353188881350232f,-0.26703025764580224f,-1.2855852238729257e-16f,-0.4353188881350232f,-0.9552452686262768f,3.3501392676167683f,0f,0f,0f,1f], start_interpolation: 0, interpolation_duration: 1 }
$data merge entity $(bone_neck3) { transformation: [-1.1664000000000003f,6.683607580475112e-17f,1.2624185217532316e-16f,-3.5504292275176946e-16f,0f,1.0308429521329547f,-0.5457579756978502f,-0.5057993720136117f,-1.428428026525473e-16f,-0.5457579756978502f,-1.0308429521329547f,2.8991454760586004f,0f,0f,0f,1f], start_interpolation: 0, interpolation_duration: 1 }
$data merge entity $(bone_neck2) { transformation: [-1.2960000000000003f,8.053091644174332e-17f,1.3676613896797248e-16f,-3.2085138800977634e-16f,0f,1.1167802754491691f,-0.6575848358711432f,-0.6701955809813975f,-1.58714225169497e-16f,-0.6575848358711432f,-1.1167802754491691f,2.619950407196308f,0f,0f,0f,1f], start_interpolation: 0, interpolation_duration: 1 }
$data merge entity $(bone_neck1) { transformation: [-1.4400000000000002f,7.831410314058623e-17f,1.5800607615709567e-16f,-2.813498689705024e-16f,0f,1.2902175244903726f,-0.6394831815598714f,-0.8300663763713654f,-1.7634913907721887e-16f,-0.6394831815598714f,-1.2902175244903726f,2.2973960260737147f,0f,0f,0f,1f], start_interpolation: 0, interpolation_duration: 1 }
$data merge entity $(bone_neck0) { transformation: [-1.6f,5.127247120128619e-17f,1.8911632434313239e-16f,-2.372753173347997e-16f,0f,1.5442519792221114f,-0.41867149970901063f,-1.03125f,-1.9594348786357652e-16f,-0.41867149970901063f,-1.5442519792221114f,1.9375f,0f,0f,0f,1f], start_interpolation: 0, interpolation_duration: 1 }
$data merge entity $(bone_frontlegl) { transformation: [-0.9659258262890683f,-0.1712791783111266f,0.19403798902494845f,0.4385159990619024f,6.938893903907228e-18f,0.7497052195215698f,0.6617719273451503f,-0.8113455014904065f,-0.25881904510252085f,0.6392225957357736f,-0.7241596336395997f,1.4337077995506593f,0f,0f,0f,1f], start_interpolation: 0, interpolation_duration: 1 }
$data merge entity $(bone_frontlegtipleft) { transformation: [-0.9659258262890683f,0.23843398845080005f,0.10068034197014072f,0.9353240524159311f,6.938893903907228e-18f,0.38899897003429645f,-0.9212381892389484f,-1.5478480220181285f,-0.25881904510252085f,-0.8898477591496763f,-0.3757441515559743f,0.5455207291131031f,0f,0f,0f,1f], start_interpolation: 0, interpolation_duration: 1 }
$data merge entity $(bone_frontfootleftd) { transformation: [-0.9659258262890683f,-0.10191828060144963f,0.23790746559749826f,0.5018806690071512f,1.7652118645880925e-16f,0.9192038611504063f,0.3937819976156661f,-2.4860892980303024f,-0.2588190451025207f,0.3803642014246722f,-0.8878827491098084f,2.1222754772306724f,0f,0f,0f,1f], start_interpolation: 0, interpolation_duration: 1 }
$data merge entity $(bone_frontfootleft) { transformation: [0.9659258262890683f,0.1349827195380197f,0.22083243315668324f,0.6013693736835788f,-7.20305249210815e-17f,-0.8532310018731787f,0.5215331796180294f,-2.1977031545318853f,0.25881904510252074f,-0.50376236745971f,-0.8241578604997999f,1.791856557567583f,0f,0f,0f,1f], start_interpolation: 0, interpolation_duration: 1 }
$data merge entity $(bone_frontlegr) { transformation: [-0.9659258262890683f,0.12516424873693988f,-0.2265418481117739f,-0.8746722950952427f,0f,0.8752904873056718f,0.4835975215323167f,-0.8839607777610234f,0.25881904510252063f,0.46711933557744856f,-0.8454656871936922f,1.5637226122874694f,0f,0f,0f,1f], start_interpolation: 0, interpolation_duration: 1 }
$data merge entity $(bone_frontlegtipright) { transformation: [-0.9659258262890683f,-0.23961246265455893f,-0.09784255642816271f,-0.8284346164822015f,0f,0.37803460865643157f,-0.925791463915054f,-1.7897787825190568f,0.25881904510252063f,-0.8942458847535146f,-0.36515339173232814f,0.7703581518063108f,0f,0f,0f,1f], start_interpolation: 0, interpolation_duration: 1 }
$data merge entity $(bone_frontfootrightd) { transformation: [-0.9659258262890683f,0.09280662520204126f,-0.24160759182274988f,-0.4040849627306343f,1.8216632318043166e-16f,0.933500051076407f,0.35857726453352545f,-2.5770905123431147f,0.2588190451025208f,0.3463590405330194f,-0.9016918081768656f,2.394930600749975f,0f,0f,0f,1f], start_interpolation: 0, interpolation_duration: 1 }
$data merge entity $(bone_frontfootright) { transformation: [0.9659258262890683f,-0.08392414346617935f,-0.2448347121044089f,-0.5012665905407039f,-6.631857079418043e-17f,-0.9459686863747896f,0.3242579904926861f,-2.3717271444927146f,-0.25881904510252074f,-0.31320916739748067f,-0.9137355850301531f,1.991365847231993f,0f,0f,0f,1f], start_interpolation: 0, interpolation_duration: 1 }
$data merge entity $(bone_rearlegl) { transformation: [-1.0464196451464907f,-0.137636505016694f,-0.24428104684848798f,-0.03195973209433267f,-1.5034270125132327e-17f,0.943829488095538f,-0.5317866193431589f,-0.6171151993482273f,0.280387298861064f,-0.513666429698511f,-0.9116692781646708f,-1.5205359707817931f,0f,0f,0f,1f], start_interpolation: 0, interpolation_duration: 1 }
$data merge entity $(bone_rearfootleftd) { transformation: [-0.9659258262890683f,-0.05832912185545562f,-0.2521606861732257f,0.8015093022015175f,-1.3877787807814457e-17f,0.9742740765979664f,-0.2253664208997871f,-2.8196017746033832f,0.25881904510252063f,-0.21768724632543673f,-0.9410764924699098f,-1.0662832105492512f,0f,0f,0f,1f], start_interpolation: 0, interpolation_duration: 1 }
$data merge entity $(bone_rearfootleft) { transformation: [-0.9659258262890683f,0.16975382049027465f,-0.1953738430208512f,0.6884090126859667f,-1.3877787807814457e-17f,0.7548665630207461f,0.6558783972911792f,-2.2743270560881044f,0.25881904510252063f,0.6335298828486322f,-0.7291451086238032f,-1.4883792373720368f,0f,0f,0f,1f], start_interpolation: 0, interpolation_duration: 1 }
$data merge entity $(bone_rearlegtipleft) { transformation: [-0.9659258262890683f,0.22733124430462875f,-0.12372470840818253f,0.8631026871230401f,-1.3877787807814457e-17f,0.4780355648061912f,0.8783404799850828f,-1.8511877712809808f,0.25881904510252063f,0.848411753892728f,-0.4617468979309816f,-0.5949321120397149f,0f,0f,0f,1f], start_interpolation: 0, interpolation_duration: 1 }
$data merge entity $(bone_rearlegr) { transformation: [-1.0464196451464907f,0.03378505066145679f,0.2783444048555791f,-1.3032846555656348f,1.879283765641541e-18f,1.0754401970122565f,-0.1305354119055427f,-0.5351997530141352f,-0.28038729886106417f,-0.12608752560484518f,-1.0387954609235424f,-1.8663850813688747f,0f,0f,0f,1f], start_interpolation: 0, interpolation_duration: 1 }
$data merge entity $(bone_rearfootrightd) { transformation: [-0.9659258262890683f,0.0290572230556759f,0.25718276749438995f,-0.5774307243111151f,1.734723475976807e-18f,0.9936779087973113f,-0.11226848875887802f,-2.7956243816971296f,-0.2588190451025208f,-0.10844303277064415f,-0.9598191551202363f,-1.9190128093894108f,0f,0f,0f,1f], start_interpolation: 0, interpolation_duration: 1 }
$data merge entity $(bone_rearfootright) { transformation: [-0.9659258262890683f,-0.23173459321362797f,0.11526654508527223f,-0.5271517987166939f,1.734723475976807e-18f,0.4453557312199107f,0.8953537137185386f,-2.1243992371131455f,-0.2588190451025208f,0.8648452757445653f,-0.4301806026711644f,-2.1066563142577657f,0f,0f,0f,1f], start_interpolation: 0, interpolation_duration: 1 }
$data merge entity $(bone_rearlegtipright) { transformation: [-0.9659258262890683f,-0.2580896533758215f,0.01941723276188002f,-0.8468253932831997f,1.734723475976807e-18f,0.07502242639906448f,0.997181846774798f,-2.111700676137506f,-0.2588190451025208f,0.9632036993064059f,-0.07246609920972717f,-1.1550996740696595f,0f,0f,0f,1f], start_interpolation: 0, interpolation_duration: 1 }
$data merge entity $(bone_tail11) { transformation: [-0.2877251017052044f,-0.05374221404318259f,0.024969645070394574f,0.17583766060222805f,-0.03700517518824951f,0.25931354847420207f,0.1379157519870712f,-2.6553203837013695f,-0.0572107744624254f,0.16337891392765705f,-0.28192921335838605f,-7.868855882242495f,0f,0f,0f,1f], start_interpolation: 0, interpolation_duration: 1 }
$data merge entity $(bone_tail10) { transformation: [-0.38105902514953544f,-0.06310483856565727f,0.06503441367528384f,0.13925580290988088f,-0.044375727002750325f,0.37657254902318177f,0.10962241078808364f,-2.7169829897696665f,-0.09508715456347246f,0.13436998028585598f,-0.40924394383972157f,-7.638656163832652f,0f,0f,0f,1f], start_interpolation: 0, interpolation_duration: 1 }
$data merge entity $(bone_tail9) { transformation: [-0.4751866606684083f,-0.06047678448524588f,0.10126853024512042f,0.08229225464700066f,-0.055035534079777855f,0.48883435957900695f,0.03793251526752516f,-2.7383200296076495f,-0.1250274922908789f,0.05916931893513322f,-0.5337550052021476f,-7.338418973406443f,0f,0f,0f,1f], start_interpolation: 0, interpolation_duration: 1 }
$data merge entity $(bone_tail8) { transformation: [-0.5621023995110357f,-0.045592016530067725f,0.11725140742735606f,0.01633833796911289f,-0.06294018043874457f,0.5722449971821375f,-0.07414261093480272f,-2.696614810956823f,-0.13154889557310034f,-0.05878583062845612f,-0.6324856744010087f,-6.982645781555876f,0f,0f,0f,1f], start_interpolation: 0, interpolation_duration: 1 }
$data merge entity $(bone_tail7) { transformation: [-0.668484631035043f,-0.025120559609649658f,0.10824104325786235f,-0.04454724886343468f,-0.061524885081060576f,0.6424158575854008f,-0.22326188464976812f,-2.5710300008413283f,-0.11407143074271352f,-0.21582173716448172f,-0.7230694760952833f,-6.575919201252279f,0f,0f,0f,1f], start_interpolation: 0, interpolation_duration: 1 }
$data merge entity $(bone_tail6) { transformation: [-0.7930779316998922f,-0.01310977386224724f,0.08032793451585518f,-0.08973171202860322f,-0.04979619135042759f,0.7162177822785417f,-0.360542543298285f,-2.3682248202360427f,-0.08288100968164155f,-0.36008692611775556f,-0.8182828799572494f,-6.115635081276326f,0f,0f,0f,1f], start_interpolation: 0, interpolation_duration: 1 }
$data merge entity $(bone_tail5) { transformation: [-0.8846953660452538f,-0.009600866962701191f,0.04369951311270532f,-0.11431268815449996f,-0.03202196159991094f,0.7723891597692432f,-0.44634877788185157f,-2.117153632677501f,-0.045630681327370595f,-0.4498376822521348f,-0.8892537356804262f,-5.615429854956086f,0f,0f,0f,1f], start_interpolation: 0, interpolation_duration: 1 }
$data merge entity $(bone_tail4) { transformation: [-0.9841634699971048f,-0.013131051829552471f,0.00032400572607939326f,-0.11449494137541963f,-0.013689582047311157f,0.882395847902457f,-0.4527033799246914f,-1.8625079814698622f,-0.0016572058459174213f,-0.4487570847702077f,-1.013541593626705f,-5.045312708541065f,0f,0f,0f,1f], start_interpolation: 0, interpolation_duration: 1 }
$data merge entity $(bone_tail3) { transformation: [-1.0927877366663754f,-0.01458901895928303f,-0.03987611840896001f,-0.09206462477037963f,0.0010910999675176492f,1.0052919967818716f,-0.4515453628554625f,-1.6085137148636646f,0.03969656525839559f,-0.4393270496898517f,-1.1499002262833173f,-4.398493831256699f,0f,0f,0f,1f], start_interpolation: 0, interpolation_duration: 1 }
$data merge entity $(bone_tail2) { transformation: [-1.2135973373558595f,-0.013869273999109623f,-0.059308671145833075f,-0.05870349725084854f,0.006394490351155734f,1.1417151410356101f,-0.44253391898998473f,-1.3595883854317983f,0.059343332497354434f,-0.42061312205690893f,-1.3008547096953682f,-3.6667630570530547f,0f,0f,0f,1f], start_interpolation: 0, interpolation_duration: 1 }
$data merge entity $(bone_tail1) { transformation: [-1.3486150289607133f,-0.011972920921952079f,-0.06299751377174356f,-0.023267395754242783f,0.005966089627371671f,1.2923597008050365f,-0.4252885410297527f,-1.1203635811025623f,0.06200635621801221f,-0.39177963584451175f,-1.4678521251096908f,-2.8410962366788537f,0f,0f,0f,1f], start_interpolation: 0, interpolation_duration: 1 }
$data merge entity $(bone_tail0) { transformation: [-1.4994263905911709f,-0.009742585289989543f,-0.04569429702531629f,2.4492935982947064e-16f,0f,1.4580363780673018f,-0.39929686504130973f,-0.53125f,0.04147890064518474f,-0.35218603360191825f,-1.6518093245854815f,-2f,0f,0f,0f,1f], start_interpolation: 0, interpolation_duration: 1 }