# This file was generated by Animated Java via MC-Build. It is not recommended to edit this file directly.
$data merge entity $(bone_leftwing20) { transformation: [-0.4219110794217431f,-2.230128073051571f,-1.89743403836855f,1.196293012345359f,-0.4470697145404263f,1.943616758015274f,-2.184998553641181f,0.3492511370210366f,2.8937615351844457f,-0.02487542684247334f,-0.6142161685738035f,2.457656542344892f,0f,0f,0f,1f], start_interpolation: 0, interpolation_duration: 1 }
$data merge entity $(bone_leftwing21) { transformation: [-0.2549196272334428f,-2.2300083999817355f,-1.9268822966495411f,1.196293012345359f,-0.2549196272334434f,1.9435124597075548f,-2.215529771429849f,0.3492511370210366f,2.936124798570673f,-0.024874091978018834f,-0.3596516540292065f,2.457656542344892f,0f,0f,0f,1f], start_interpolation: 0, interpolation_duration: 1 }
$data merge entity $(bone_leftwing22) { transformation: [-0.08617680563113927f,-2.2343144317779977f,-1.945517090894918f,1.196293012345359f,-0.06097094314782886f,1.9472652825435592f,-2.2336214174153737f,0.3492511370210366f,2.962006123408141f,-0.024922122573312278f,-0.10258062947537272f,2.457656542344892f,0f,0f,0f,1f], start_interpolation: 0, interpolation_duration: 1 }
$data merge entity $(bone_leftwing23) { transformation: [0.08238039515665523f,-2.198717818501549f,-1.9146273448225046f,1.196293012345359f,0.13180019583699126f,1.9162418740995657f,-2.194900961950029f,0.3492511370210366f,2.9125223815990857f,-0.02452506871793146f,0.15348075492783048f,2.457656542344892f,0f,0f,0f,1f], start_interpolation: 0, interpolation_duration: 1 }
$data merge entity $(bone_leftwing1) { transformation: [-0.23865826256628583f,-1.5076922184010622f,1.292248586101656f,0.8383056184959303f,-0.29896367901673715f,1.313994427953988f,1.477849573513709f,-0.09919438150406915f,-1.9630748718114708f,-0.016817189978010145f,-0.3821704198176835f,-0.486955765372314f,0f,0f,0f,1f], start_interpolation: 0, interpolation_duration: 1 }
$data merge entity $(bone_leftwing) { transformation: [-0.100537078997287f,-0.8794871274006196f,-0.7599380235219263f,0.6874999999999999f,-0.10053707899728724f,0.7664967496398263f,-0.873776939298232f,-0.25f,1.1579705102482094f,-0.009810027487172586f,-0.1418420666350938f,1.25f,0f,0f,0f,1f], start_interpolation: 0, interpolation_duration: 1 }
$data merge entity $(bone_rightwing20) { transformation: [-0.4219110794217423f,2.230128073051571f,1.89743403836855f,-1.1962930123453597f,0.4470697145404263f,1.943616758015274f,-2.184998553641181f,0.3492511370210366f,-2.893761535184446f,-0.024875426842472795f,-0.614216168573803f,2.457656542344892f,0f,0f,0f,1f], start_interpolation: 0, interpolation_duration: 1 }
$data merge entity $(bone_rightwing21) { transformation: [-0.25493330745740567f,2.230128073051571f,1.9269857025020276f,-1.1962930123453597f,0.254933307457407f,1.943616758015274f,-2.215648667506232f,0.3492511370210366f,-2.9362823652722465f,-0.024875426842472795f,-0.3596709546818447f,2.457656542344892f,0f,0f,0f,1f], start_interpolation: 0, interpolation_duration: 1 }
$data merge entity $(bone_rightwing22) { transformation: [-0.08601533909037844f,2.230128073051571f,1.9418718418936847f,-1.1962930123453597f,0.06085670397169721f,1.943616758015274f,-2.229436357166316f,0.3492511370210366f,-2.9564563135845567f,-0.024875426842472795f,-0.10238842764949732f,2.457656542344892f,0f,0f,0f,1f], start_interpolation: 0, interpolation_duration: 1 }
$data merge entity $(bone_rightwing23) { transformation: [0.08238039515665599f,2.198717818501549f,1.9146273448225042f,-1.1962930123453597f,-0.13180019583699126f,1.9162418740995657f,-2.194900961950029f,0.3492511370210366f,-2.912522381599086f,-0.024525068717930924f,0.1534807549278309f,2.457656542344892f,0f,0f,0f,1f], start_interpolation: 0, interpolation_duration: 1 }
$data merge entity $(bone_rightwing1) { transformation: [-0.2386582625662863f,1.5076922184010622f,-1.2922485861016557f,-0.8383056184959301f,0.29896367901673715f,1.313994427953988f,1.477849573513709f,-0.09919438150406915f,1.9630748718114708f,-0.016817189978009777f,-0.3821704198176838f,-0.486955765372314f,0f,0f,0f,1f], start_interpolation: 0, interpolation_duration: 1 }
$data merge entity $(bone_rightwing) { transformation: [-0.10053707899728671f,0.8794871274006196f,0.7599380235219263f,-0.6875000000000001f,0.10053707899728724f,0.7664967496398263f,-0.873776939298232f,-0.25f,-1.1579705102482094f,-0.00981002748717237f,-0.1418420666350936f,1.25f,0f,0f,0f,1f], start_interpolation: 0, interpolation_duration: 1 }
$data merge entity $(bone_head) { transformation: [-1.2269070000000002f,-9.320735271431876e-18f,1.499633945343135e-16f,-4.201314215450552e-16f,0f,1.2245440451787717f,0.07610957933276197f,-0.28321782065988677f,-1.5025277304014817e-16f,0.07610957933276197f,-1.2245440451787717f,3.4306334025252587f,0f,0f,0f,1f], start_interpolation: 0, interpolation_duration: 1 }
$data merge entity $(bone_neck4) { transformation: [-1.0497600000000002f,5.319685854213063e-17f,1.1703584032104244e-16f,-4.1115427969554846e-16f,0f,0.9556701605926486f,-0.4343853148448057f,-0.28050221031916683f,-1.2855852238729257e-16f,-0.4343853148448057f,-0.9556701605926486f,3.357329476399318f,0f,0f,0f,1f], start_interpolation: 0, interpolation_duration: 1 }
$data merge entity $(bone_neck3) { transformation: [-1.1664000000000003f,6.583237412692338e-17f,1.267681536761002e-16f,-3.556932124622546e-16f,0f,1.0351405300235228f,-0.537562129527946f,-0.5156856419876432f,-1.428428026525473e-16f,-0.537562129527946f,-1.0351405300235228f,2.9044554945140266f,0f,0f,0f,1f], start_interpolation: 0, interpolation_duration: 1 }
$data merge entity $(bone_neck2) { transformation: [-1.2960000000000003f,7.858873713304613e-17f,1.3789131831622601e-16f,-3.212203828831981e-16f,0f,1.12596806207497f,-0.6417257382925646f,-0.6761170765607843f,-1.58714225169497e-16f,-0.6417257382925646f,-1.12596806207497f,2.6229634789952843f,0f,0f,0f,1f], start_interpolation: 0, interpolation_duration: 1 }
$data merge entity $(bone_neck1) { transformation: [-1.4400000000000002f,7.631254313872232e-17f,1.58982434919638e-16f,-2.814747741532886e-16f,0f,1.298190098813207f,-0.6231392038247606f,-0.8319018775169745f,-1.7634913907721887e-16f,-0.6231392038247606f,-1.298190098813207f,2.2984159542919826f,0f,0f,0f,1f], start_interpolation: 0, interpolation_duration: 1 }
$data merge entity $(bone_neck0) { transformation: [-1.6f,5.030866750819741e-17f,1.8937499415100506e-16f,-2.372753173347997e-16f,0f,1.5463641784950184f,-0.4108014453083474f,-1.03125f,-1.9594348786357652e-16f,-0.4108014453083474f,-1.5463641784950184f,1.9375f,0f,0f,0f,1f], start_interpolation: 0, interpolation_duration: 1 }
$data merge entity $(bone_frontlegl) { transformation: [-0.9659258262890683f,-0.1658794944563831f,0.1986738317611947f,0.43897058983378195f,1.3877787807814457e-17f,0.767616740423789f,0.6409091509887788f,-0.8109135826492224f,-0.25881904510252085f,0.6190707012450614f,-0.7414608342671697f,1.4320112436933528f,0f,0f,0f,1f], start_interpolation: 0, interpolation_duration: 1 }
$data merge entity $(bone_frontlegtipleft) { transformation: [-0.9659258262890683f,0.2414771792634202f,0.09314542394966463f,0.9306038757648629f,1.3877787807814457e-17f,0.35988628237450143f,-0.9329961756398901f,-1.574707136816281f,-0.25881904510252085f,-0.9012051018795013f,-0.34762345467269123f,0.5631366681955899f,0f,0f,0f,1f], start_interpolation: 0, interpolation_duration: 1 }
$data merge entity $(bone_frontfootleftd) { transformation: [-0.9659258262890681f,-0.10416661270875624f,0.23693166716284386f,0.49002644090062963f,1.8840110791394817e-16f,0.9154336655132655f,0.40246888580975587f,-2.462528863154426f,-0.25881904510252063f,0.3887550910814289f,-0.8842410197737317f,2.166516058808722f,0f,0f,0f,1f], start_interpolation: 0, interpolation_duration: 1 }
$data merge entity $(bone_frontfootleft) { transformation: [0.9659258262890683f,0.12886006337095388f,0.2244602017637301f,0.5915335661714364f,-8.21939053037088e-17f,-0.8672476234305677f,0.49787705274900174f,-2.183734783764973f,0.25881904510252074f,-0.48091230356694536f,-0.8376968772594018f,1.8285642909363662f,0f,0f,0f,1f], start_interpolation: 0, interpolation_duration: 1 }
$data merge entity $(bone_frontlegr) { transformation: [-0.9659258262890683f,0.12792553287420352f,-0.2249941246935832f,-0.874700057793061f,0f,0.8693105432193406f,0.494266304179938f,-0.8835799130250143f,0.25881904510252063f,0.4774245882718505f,-0.8396895047609404f,1.5636190004886559f,0f,0f,0f,1f], start_interpolation: 0, interpolation_duration: 1 }
$data merge entity $(bone_frontlegtipright) { transformation: [-0.9659258262890683f,-0.23625799630381483f,-0.1056856531904271f,-0.8308975066763611f,0f,0.40833800753945304f,-0.9128308011886486f,-1.7780764856002107f,0.25881904510252063f,-0.8817268459002576f,-0.39442422733777793f,0.7611665204682445f,0f,0f,0f,1f], start_interpolation: 0, interpolation_duration: 1 }
$data merge entity $(bone_frontfootrightd) { transformation: [-0.9659258262890683f,0.08959346125590893f,-0.24281744131747748f,-0.4123471804204446f,1.7824322232450443e-16f,0.9381745505679278f,0.34616255237484517f,-2.611788643904922f,0.2588190451025208f,0.3343673494330052f,-0.9062070279607006f,2.364095584548409f,0f,0f,0f,1f], start_interpolation: 0, interpolation_duration: 1 }
$data merge entity $(bone_frontfootright) { transformation: [0.9659258262890683f,-0.08691223684392717f,-0.24378999404111268f,-0.5088707181588719f,-6.288979624709197e-17f,-0.9419322057406756f,0.3358030967524061f,-2.4013655297805374f,-0.25881904510252074f,-0.3243608837009958f,-0.9098366441383468f,1.9629868566137532f,0f,0f,0f,1f], start_interpolation: 0, interpolation_duration: 1 }
$data merge entity $(bone_rearlegl) { transformation: [-1.0464196451464907f,-0.12952991890798388f,-0.24867456136544144f,-0.03132964470199684f,0f,0.9608047246559434f,-0.5004651758014016f,-0.6098464046645026f,0.28038729886106395f,-0.4834122384648727f,-0.9280660975657329f,-1.5181844526203874f,0f,0f,0f,1f], start_interpolation: 0, interpolation_duration: 1 }
$data merge entity $(bone_rearfootleftd) { transformation: [-0.9659258262890683f,-0.06000458485727085f,-0.2517672494664212f,0.7875551032813705f,0f,0.9727539538935162f,-0.23183991283756739f,-2.8458581215796634f,0.2588190451025206f,-0.22394015937441275f,-0.9396081666905528f,-1.1183609898981626f,0f,0f,0f,1f], start_interpolation: 0, interpolation_duration: 1 }
$data merge entity $(bone_rearfootleft) { transformation: [-0.9659258262890683f,0.17327856859437946f,-0.19225461183977752f,0.6770398787158208f,0f,0.7428147791968852f,0.6694969781908525f,-2.292727101673842f,0.2588190451025206f,0.6466844218570336f,-0.7175039793754829f,-1.5308094229866778f,0f,0f,0f,1f], start_interpolation: 0, interpolation_duration: 1 }
$data merge entity $(bone_rearlegtipleft) { transformation: [-0.9659258262890683f,0.2281921013666439f,-0.1221296973780575f,0.8524947220255266f,0f,0.47187291541733645f,0.881666576260858f,-1.8759583472728092f,0.2588190451025206f,0.851624516186223f,-0.4557942357279222f,-0.6345215767485521f,0f,0f,0f,1f], start_interpolation: 0, interpolation_duration: 1 }
$data merge entity $(bone_rearlegr) { transformation: [-1.0464196451464907f,0.03718672325090256f,0.2779103901916309f,-1.3028066428319387f,0f,1.0737632931206735f,-0.14367846553244384f,-0.5377880431144855f,-0.28038729886106417f,-0.1387827405393712f,-1.0371756961464575f,-1.868169049177693f,0f,0f,0f,1f], start_interpolation: 0, interpolation_duration: 1 }
$data merge entity $(bone_rearfootrightd) { transformation: [-0.9659258262890683f,0.028181216987325147f,0.2572802307152534f,-0.5814243797781737f,0f,0.9940544777658927f,-0.10888386121725435f,-2.7802904188277884f,-0.2588190451025208f,-0.10517373361582061f,-0.9601828928123682f,-1.9041082842784232f,0f,0f,0f,1f], start_interpolation: 0, interpolation_duration: 1 }
$data merge entity $(bone_rearfootright) { transformation: [-0.9659258262890683f,-0.2321257904041229f,0.11447670303184806f,-0.5317373702442936f,0f,0.4423040158675444f,0.8968651835964216f,-2.1084076031218055f,-0.2588190451025208f,0.8663052435352705f,-0.427232871997831f,-2.089542728335023f,0f,0f,0f,1f], start_interpolation: 0, interpolation_duration: 1 }
$data merge entity $(bone_rearlegtipright) { transformation: [-0.9659258262890683f,-0.25838128182701553f,0.015046970100624632f,-0.8514294518456649f,0f,0.058137028110371025f,0.9983086125855541f,-2.112664863298032f,-0.2588190451025208f,0.9642920715031947f,-0.056156056915500886f,-1.1379170935935172f,0f,0f,0f,1f], start_interpolation: 0, interpolation_duration: 1 }
$data merge entity $(bone_tail11) { transformation: [-0.28847816298896156f,-0.05162642863436258f,0.020233832237080952f,0.23151708486192563f,-0.03758797441124274f,0.26044400752230856f,0.1355039592080638f,-2.6409385268733065f,-0.05089795763285086f,0.1617676201845877f,-0.28411608374429353f,-7.874359829031188f,0f,0f,0f,1f], start_interpolation: 0, interpolation_duration: 1 }
$data merge entity $(bone_tail10) { transformation: [-0.3818989159318002f,-0.061746669081056804f,0.06125960039043545f,0.19705855964230568f,-0.044419590554578774f,0.3771703140113922f,0.10729463339717181f,-2.7012917581592157f,-0.09006833026435321f,0.13246839838361602f,-0.41106357969903146f,-7.643136565450483f,0f,0f,0f,1f], start_interpolation: 0, interpolation_duration: 1 }
$data merge entity $(bone_tail9) { transformation: [-0.4753526613485393f,-0.05995944402725324f,0.10075331664670993f,0.14038481902853134f,-0.054768417790996636f,0.4889006659938088f,0.03639372461681179f,-2.7217632282561723f,-0.12389202796345829f,0.057402916822703244f,-0.5342943307418051f,-7.342596004408218f,0f,0f,0f,1f], start_interpolation: 0, interpolation_duration: 1 }
$data merge entity $(bone_tail8) { transformation: [-0.561148149315325f,-0.04535256725752362f,0.1217769561321452f,0.07188528120419965f,-0.06331484872454195f,0.5720880220744633f,-0.07429864221580104f,-2.679970242009784f,-0.13620181031315187f,-0.05981890020503004f,-0.6314988922487554f,-6.987377877518293f,0f,0f,0f,1f], start_interpolation: 0, interpolation_duration: 1 }
$data merge entity $(bone_tail7) { transformation: [-0.6667531301298895f,-0.024026805885312003f,0.11859750247231783f,0.005174186063520866f,-0.06373901944542792f,0.6425488499627235f,-0.22191559638577224f,-2.555142719042787f,-0.12519712589923349f,-0.2156389988604633f,-0.7213971545496674f,-6.581591978084106f,0f,0f,0f,1f], start_interpolation: 0, interpolation_duration: 1 }
$data merge entity $(bone_tail6) { transformation: [-0.7914417987193193f,-0.010472496110995747f,0.09531238324427885f,-0.048439029511385984f,-0.053898277236777765f,0.7170475873261639f,-0.3580043326939012f,-2.3537652819024677f,-0.0991045851690823f,-0.3585432276026639f,-0.8172978015336746f,-6.121861964721414f,0f,0f,0f,1f], start_interpolation: 0, interpolation_duration: 1 }
$data merge entity $(bone_tail5) { transformation: [-0.883711252206661f,-0.0058603295953749196f,0.060660037646262314f,-0.08256030068740854f,-0.03697580472347377f,0.7739109952014497f,-0.4430282488523656f,-2.1045618919230122f,-0.06409592127827156f,-0.4471712842397879f,-0.8896202554737114f,-5.621450571017451f,0f,0f,0f,1f], start_interpolation: 0, interpolation_duration: 1 }
$data merge entity $(bone_tail4) { transformation: [-0.9840274103773313f,-0.0099847198792797f,0.017489090526856373f,-0.09239791410876524f,-0.018534785680039606f,0.8841830680311972f,-0.44867383007117156f,-1.8521828625079784f,-0.020172476813761598f,-0.44512857122875804f,-1.0151154412176984f,-5.050448135332496f,0f,0f,0f,1f], start_interpolation: 0, interpolation_duration: 1 }
$data merge entity $(bone_tail3) { transformation: [-1.0932392906470338f,-0.012095137906158198f,-0.02503261384693996f,-0.07831706881986152f,-0.002674539130637525f,1.0071511299822957f,-0.4469366167656743f,-1.6007810155772866f,0.02380757030494688f,-0.43492843289725036f,-1.1521985444931728f,-4.402336454055086f,0f,0f,0f,1f], start_interpolation: 0, interpolation_duration: 1 }
$data merge entity $(bone_tail2) { transformation: [-1.214132369647972f,-0.011969788433177178f,-0.04706069594222963f,-0.05184542735235735f,0.0037236766736805363f,1.1434387197173084f,-0.4375372354688196f,-1.3546663206260756f,0.04639805144383807f,-0.415811404982815f,-1.3031296544877287f,-3.6693260234057385f,0f,0f,0f,1f], start_interpolation: 0, interpolation_duration: 1 }
$data merge entity $(bone_tail1) { transformation: [-1.3489705177382836f,-0.010600598080976431f,-0.054546314392922624f,-0.021163125506338372f,0.0046495024042874245f,1.2937478283746835f,-0.42035068294443717f,-1.1182190614698297f,0.05334378607502352f,-0.3871483022151617f,-1.4696468092061472f,-2.8426496932272807f,0f,0f,0f,1f], start_interpolation: 0, interpolation_duration: 1 }
$data merge entity $(bone_tail0) { transformation: [-1.4995271522232323f,-0.008752491880814351f,-0.04151333062496392f,2.4492935982947064e-16f,0f,1.4589288100494235f,-0.3950877492577314f,-0.53125f,0.037660586098502605f,-0.3484969456016074f,-1.6529314304492133f,-2f,0f,0f,0f,1f], start_interpolation: 0, interpolation_duration: 1 }