# This file was generated by Animated Java via MC-Build. It is not recommended to edit this file directly.
$data merge entity $(bone_leftwing20) { transformation: [-0.42343425933796924f,-2.2149067131293f,-1.9148440644775166f,1.2017696209974333f,-0.44573172687539026f,1.960978917921454f,-2.169705284649369f,0.3444403889638624f,2.8937454564606577f,-0.02204646714271362f,-0.6143999492276488f,2.4577143535573867f,0f,0f,0f,1f], start_interpolation: 0, interpolation_duration: 1 }
$data merge entity $(bone_leftwing21) { transformation: [-0.2549196272334441f,-2.214787856867652f,-1.9443578884048316f,1.2017696209974333f,-0.2549196272334436f,1.9608736879259994f,-2.200178908436765f,0.3444403889638624f,2.9361247985706713f,-0.022045284085814833f,-0.35983612679558963f,2.4577143535573867f,0f,0f,0f,1f], start_interpolation: 0, interpolation_duration: 1 }
$data merge entity $(bone_leftwing22) { transformation: [-0.08465076642732072f,-2.219064498576143f,-1.9629597988106429f,1.2017696209974333f,-0.06231144246069605f,1.9646600344028704f,-2.218299440157488f,0.3444403889638624f,2.9620222323146357f,-0.02208785239821757f,-0.10276475511915556f,2.4577143535573867f,0f,0f,0f,1f], start_interpolation: 0, interpolation_duration: 1 }
$data merge entity $(bone_leftwing23) { transformation: [0.08537241946580383f,-2.183710843930296f,-1.9315959578908406f,1.2017696209974333f,0.1291719497732875f,1.9333594965422785f,-2.1799954378314648f,0.3444403889638624f,2.912553965479569f,-0.021735953520985257f,0.1533016338406457f,2.4577143535573867f,0f,0f,0f,1f], start_interpolation: 0, interpolation_duration: 1 }
$data merge entity $(bone_leftwing1) { transformation: [-0.2423093350010014f,-1.4974017215522029f,1.3034854316270172f,0.8383056184959312f,-0.29575651364528766f,1.3257322262004196f,1.4679789334490005f,-0.09919438150406906f,-1.9631134126198002f,-0.01490465384296132f,-0.382051803406376f,-0.48695576537231355f,0f,0f,0f,1f], start_interpolation: 0, interpolation_duration: 1 }
$data merge entity $(bone_leftwing) { transformation: [-0.10053707899728752f,-0.8734843375721184f,-0.7668301760324784f,0.6874999999999999f,-0.10053707899728731f,0.7733437986169115f,-0.8677227529565941f,-0.25f,1.157970510248209f,-0.008694381408394103f,-0.14191482036256464f,1.25f,0f,0f,0f,1f], start_interpolation: 0, interpolation_duration: 1 }
$data merge entity $(bone_rightwing20) { transformation: [-0.4234342593379684f,2.2149067131293f,1.9148440644775166f,-1.2017696209974338f,0.44573172687539026f,1.960978917921454f,-2.169705284649369f,0.3444403889638624f,-2.8937454564606577f,-0.022046467142713074f,-0.6143999492276484f,2.4577143535573867f,0f,0f,0f,1f], start_interpolation: 0, interpolation_duration: 1 }
$data merge entity $(bone_rightwing21) { transformation: [-0.25493330745740694f,2.2149067131293f,1.9444622320823561f,-1.2017696209974338f,0.25493330745740717f,1.960978917921454f,-2.2002969807113644f,0.3444403889638624f,-2.936282365272245f,-0.022046467142713074f,-0.35985543734793135f,2.4577143535573867f,0f,0f,0f,1f], start_interpolation: 0, interpolation_duration: 1 }
$data merge entity $(bone_rightwing22) { transformation: [-0.08449215917415477f,2.2149067131293f,1.9592818680026518f,-1.2017696209974338f,0.062194691636733475f,1.960978917921454f,-2.2141430881745037f,0.3444403889638624f,-2.956472392308342f,-0.022046467142713074f,-0.10257220830334284f,2.4577143535573867f,0f,0f,0f,1f], start_interpolation: 0, interpolation_duration: 1 }
$data merge entity $(bone_rightwing23) { transformation: [0.08537241946580457f,2.183710843930296f,1.9315959578908402f,-1.2017696209974338f,-0.1291719497732875f,1.9333594965422785f,-2.1799954378314648f,0.3444403889638624f,-2.9125539654795696f,-0.02173595352098472f,0.1533016338406462f,2.4577143535573867f,0f,0f,0f,1f], start_interpolation: 0, interpolation_duration: 1 }
$data merge entity $(bone_rightwing1) { transformation: [-0.24230933500100188f,1.4974017215522029f,-1.303485431627017f,-0.838305618495931f,0.29575651364528766f,1.3257322262004196f,1.4679789334490005f,-0.09919438150406906f,1.9631134126198002f,-0.014904653842960951f,-0.38205180340637634f,-0.48695576537231355f,0f,0f,0f,1f], start_interpolation: 0, interpolation_duration: 1 }
$data merge entity $(bone_rightwing) { transformation: [-0.10053707899728723f,0.8734843375721184f,0.7668301760324784f,-0.6875000000000001f,0.10053707899728731f,0.7733437986169115f,-0.8677227529565941f,-0.25f,-1.157970510248209f,-0.00869438140839389f,-0.14191482036256445f,1.25f,0f,0f,0f,1f], start_interpolation: 0, interpolation_duration: 1 }
$data merge entity $(bone_head) { transformation: [-1.2269070000000002f,-9.383860202875959e-18f,1.4995945776758184e-16f,-4.20977905805367e-16f,0f,1.2245118990388857f,0.07662503351504579f,-0.2965469096031577f,-1.5025277304014817e-16f,0.07662503351504579f,-1.2245118990388857f,3.4375454710571907f,0f,0f,0f,1f], start_interpolation: 0, interpolation_duration: 1 }
$data merge entity $(bone_neck4) { transformation: [-1.0497600000000002f,5.314758863299885e-17f,1.1705822269666292e-16f,-4.1200090474204433e-16f,0f,0.9558529265594243f,-0.4339829955053349f,-0.29380044286725915f,-1.2855852238729257e-16f,-0.4339829955053349f,-0.9558529265594243f,3.364242694537685f,0f,0f,0f,1f], start_interpolation: 0, interpolation_duration: 1 }
$data merge entity $(bone_neck3) { transformation: [-1.1664000000000003f,6.495066738617528e-17f,1.272221563868692e-16f,-3.5634121132278905e-16f,0f,1.0388477434918066f,-0.5303624476167045f,-0.5258340136995674f,-1.428428026525473e-16f,-0.5303624476167045f,-1.0388477434918066f,2.90974680676002f,0f,0f,0f,1f], start_interpolation: 0, interpolation_duration: 1 }
$data merge entity $(bone_neck2) { transformation: [-1.2960000000000003f,7.670097046597945e-17f,1.3895022994126618e-16f,-3.216036538374725e-16f,0f,1.1346147316761757f,-0.6263109536511398f,-0.6824117521123523f,-1.58714225169497e-16f,-0.6263109536511398f,-1.1346147316761757f,2.6260931238409757f,0f,0f,0f,1f], start_interpolation: 0, interpolation_duration: 1 }
$data merge entity $(bone_neck1) { transformation: [-1.4400000000000002f,7.424170460534846e-17f,1.5995995796001095e-16f,-2.816136643474698e-16f,0f,1.3061721801860038f,-0.6062295239495864f,-0.8339691330997488f,-1.7634913907721887e-16f,-0.6062295239495864f,-1.3061721801860038f,2.299550078794475f,0f,0f,0f,1f], start_interpolation: 0, interpolation_duration: 1 }
$data merge entity $(bone_neck0) { transformation: [-1.6f,4.9224852574393377e-17f,1.896596011942786e-16f,-2.372753173347997e-16f,0f,1.548688171367671f,-0.40195142475908674f,-1.03125f,-1.9594348786357652e-16f,-0.40195142475908674f,-1.548688171367671f,1.9375f,0f,0f,0f,1f], start_interpolation: 0, interpolation_duration: 1 }
$data merge entity $(bone_frontlegl) { transformation: [-0.9659258262890683f,-0.1606101395458145f,0.2029573383321103f,0.4394070693687843f,0f,0.7841669389194943f,0.6205499270047736f,-0.8105466187834849f,-0.2588190451025208f,0.5994052009957069f,-0.757447098424382f,1.4303822798922599f,0f,0f,0f,1f], start_interpolation: 0, interpolation_duration: 1 }
$data merge entity $(bone_frontlegtipleft) { transformation: [-0.9659258262890683f,0.24406319505534713f,0.08614206247331375f,0.925874405487329f,0f,0.3328273714911206f,-0.9429877734023446f,-1.5997444704830577f,-0.2588190451025208f,-0.9108562442041483f,-0.3214865538191793f,0.5807872915642329f,0f,0f,0f,1f], start_interpolation: 0, interpolation_duration: 1 }
$data merge entity $(bone_frontfootleftd) { transformation: [-0.9659258262890681f,-0.1061778432531977f,0.23603720831657027f,0.4790301271814199f,1.7898941263825367e-16f,0.9119777419125926f,0.4102396839117453f,-2.440178921012406f,-0.2588190451025206f,0.39626110565901895f,-0.8809028539141595f,2.207554860304779f,0f,0f,0f,1f], start_interpolation: 0, interpolation_duration: 1 }
$data merge entity $(bone_frontfootleft) { transformation: [0.9659258262890681f,0.12292693869158922f,0.22776361836714595f,0.5823988939129066f,-7.121914168116171e-17f,-0.880011045079494f,0.474953219315436f,-2.1707341961266113f,0.25881904510252063f,-0.4587695808159157f,-0.8500253958619166f,1.8626553519156888f,0f,0f,0f,1f], start_interpolation: 0, interpolation_duration: 1 }
$data merge entity $(bone_frontlegr) { transformation: [-0.9659258262890683f,0.13107334368007115f,-0.22317499117129264f,-0.8747304540547738f,1.3877787807814457e-17f,0.8622819510167459f,0.5064285111945753f,-0.8831408945078115f,0.25881904510252063f,0.48917237813196285f,-0.8329004060300003f,1.5635055600955838f,0f,0f,0f,1f], start_interpolation: 0, interpolation_duration: 1 }
$data merge entity $(bone_frontlegtipright) { transformation: [-0.9659258262890683f,-0.23237523989391765f,-0.11396949588387592f,-0.8337126744204615f,1.3877787807814457e-17f,0.4403443179335261f,-0.897828982414612f,-1.764796410870804f,0.25881904510252063f,-0.8672362017051075f,-0.4253399491516373f,0.7506601714154328f,0f,0f,0f,1f], start_interpolation: 0, interpolation_duration: 1 }
$data merge entity $(bone_frontfootrightd) { transformation: [-0.9659258262890692f,0.08617523536262853f,-0.24405148415442232f,-0.42184042954603224f,1.877788163507035e-16f,0.9429425259557357f,0.3329555416932073f,-2.647864900850547f,0.258819045102521f,0.3216103567275352f,-0.9108125385268954f,2.3286662964828073f,0f,0f,0f,1f], start_interpolation: 0, interpolation_duration: 1 }
$data merge entity $(bone_frontfootright) { transformation: [0.9659258262890688f,-0.09032811455163944f,-0.24254510885467584f,-0.5175884298185569f,-7.301442909702671e-17f,-0.9371223387312992f,0.349001034741704f,-2.4316693463901986f,-0.25881904510252085f,-0.3371091128586199f,-0.9051906693729747f,1.930451913774073f,0f,0f,0f,1f], start_interpolation: 0, interpolation_duration: 1 }
$data merge entity $(bone_rearlegl) { transformation: [-1.0464196451464907f,-0.12146877612513099f,-0.25271005874176516f,-0.03065414114807441f,-7.517135062566164e-18f,0.9763966892067947f,-0.46931931178795633f,-0.6028209738973433f,0.28038729886106395f,-0.45332764403219855f,-0.9431267788079838f,-1.5156634390364556f,0f,0f,0f,1f], start_interpolation: 0, interpolation_duration: 1 }
$data merge entity $(bone_rearfootleftd) { transformation: [-0.9659258262890683f,-0.06096018267963224f,-0.25153758016536304f,0.7735239699233192f,-6.938893903907228e-18f,0.9718665798559252f,-0.23553205930222543f,-2.869422219192885f,0.2588190451025206f,-0.22750649899906783f,-0.9387510291900651f,-1.170725892478184f,0f,0f,0f,1f], start_interpolation: 0, interpolation_duration: 1 }
$data merge entity $(bone_rearfootleft) { transformation: [-0.9659258262890683f,0.17677659064192247f,-0.18904320963419646f,0.6656538371300494f,-6.938893903907228e-18f,0.7304068738809957f,0.683012297537454f,-2.308550405400761f,0.2588190451025206f,0.6597392178644602f,-0.705518863180716f,-1.5733027086818687f,0f,0f,0f,1f], start_interpolation: 0, interpolation_duration: 1 }
$data merge entity $(bone_rearlegtipleft) { transformation: [-0.9659258262890683f,0.2291542122238093f,-0.12031477518520303f,0.8419573586598672f,-6.938893903907228e-18f,0.4648605945422032f,0.8853838871596148f,-1.8990263038060338f,0.2588190451025206f,0.8552151627876782f,-0.44902085389240515f,-0.6738475522070078f,0f,0f,0f,1f], start_interpolation: 0, interpolation_duration: 1 }
$data merge entity $(bone_rearlegr) { transformation: [-1.0464196451464907f,0.04108678691643662f,0.2773606195974603f,-1.3022677832212306f,3.758567531283082e-18f,1.0716391426588987f,-0.15874715440728768f,-0.540788405759234f,-0.28038729886106417f,-0.15333797629189766f,-1.0351239243565056f,-1.870180100623002f,0f,0f,0f,1f], start_interpolation: 0, interpolation_duration: 1 }
$data merge entity $(bone_rearfootrightd) { transformation: [-0.9659258262890683f,0.027567511494063848f,0.2573467124674519f,-0.5863190488785799f,3.469446951953614e-18f,0.9943113435315946f,-0.1065126852745481f,-2.7645068538988316f,-0.2588190451025208f,-0.10288335353408534f,-0.9604310060893493f,-1.8858411305094698f,0f,0f,0f,1f], start_interpolation: 0, interpolation_duration: 1 }
$data merge entity $(bone_rearfootright) { transformation: [-0.9659258262890683f,-0.23239816245684575f,0.11392274660691011f,-0.5370469308934349f,3.469446951953614e-18f,0.4401636925975991f,0.897917548396759f,-2.09216807780136f,-0.2588190451025208f,0.867321749874594f,-0.4251654784747834f,-2.069727178226559f,0f,0f,0f,1f], start_interpolation: 0, interpolation_duration: 1 }
$data merge entity $(bone_rearlegtipright) { transformation: [-0.9659258262890683f,-0.2585944372890136f,0.010780311264482452f,-0.8566855017795454f,3.469446951953614e-18f,0.041651924263194265f,0.9991321820485881f,-2.1129619149162027f,-0.2588190451025208f,0.9650875785172823f,-0.04023266936045563f,-1.118301248193156f,0f,0f,0f,1f], start_interpolation: 0, interpolation_duration: 1 }
$data merge entity $(bone_tail11) { transformation: [-0.28925600692131626f,-0.048900777791861f,0.01519525704542738f,0.28426524842513406f,-0.03758740033241762f,0.26135869251978694f,0.1336133802566442f,-2.621140172257831f,-0.04398974390322416f,0.16080040306499338f,-0.285874307499546f,-7.881358434739571f,0f,0f,0f,1f], start_interpolation: 0, interpolation_duration: 1 }
$data merge entity $(bone_tail10) { transformation: [-0.38292884502965135f,-0.05964877264356818f,0.056693349819298924f,0.2523752391517784f,-0.04375228565815502f,0.3776420882286162f,0.10563519170043657f,-2.6805599675893266f,-0.08399351465608176f,0.13153037984812835f,-0.41272259020377516f,-7.649201977749947f,0f,0f,0f,1f], start_interpolation: 0, interpolation_duration: 1 }
$data merge entity $(bone_tail9) { transformation: [-0.47587072085047966f,-0.058712559903009644f,0.09898345386796094f,0.1966970463510504f,-0.05363132374370672f,0.48899288933445756f,0.03563639325767848f,-2.700605438796771f,-0.12132054294933545f,0.056834823143128106f,-0.5350347684136387f,-7.348244920517276f,0f,0f,0f,1f], start_interpolation: 0, interpolation_duration: 1 }
$data merge entity $(bone_tail8) { transformation: [-0.5605400895403894f,-0.04455026411246693f,0.124786966022187f,0.12650437796357022f,-0.06269334342980301f,0.5721411711807358f,-0.07359691247250894f,-2.6592071755309847f,-0.1392748264613428f,-0.05957646539179036f,-0.6309568590947862f,-6.993331687276458f,0f,0f,0f,1f], start_interpolation: 0, interpolation_duration: 1 }
$data merge entity $(bone_tail7) { transformation: [-0.6651539728392983f,-0.022628643391240936f,0.12745151095928042f,0.05481290304897497f,-0.06493361195759847f,0.6430916531662257f,-0.21960670625484535f,-2.5356784032626343f,-0.13485236893665184f,-0.21418668930849313f,-0.7202164671905018f,-6.588209924481801f,0f,0f,0f,1f], start_interpolation: 0, interpolation_duration: 1 }
$data merge entity $(bone_tail6) { transformation: [-0.7896803229400541f,-0.00770656759571048f,0.10907249177594633f,-0.006540373574994839f,-0.057098277141676576f,0.7184330158076757f,-0.35438794841090937f,-2.336335182281498f,-0.1141584952608514f,-0.355728982136548f,-0.8167195126256517f,-6.128805198629872f,0f,0f,0f,1f], start_interpolation: 0, interpolation_duration: 1 }
$data merge entity $(bone_tail5) { transformation: [-0.8824524759823937f,-0.0020595528709814286f,0.07684082186842262f,-0.04976333587598256f,-0.041261083544433655f,0.7760231488563538f,-0.4386094211877067f,-2.089617382863413f,-0.08181655595757663f,-0.44329085855966255f,-0.8902860120579073f,-5.6280193168473f,0f,0f,0f,1f], start_interpolation: 0, interpolation_duration: 1 }
$data merge entity $(bone_tail4) { transformation: [-0.98359009295265f,-0.006732821165991638f,0.03443255250236742f,-0.06913164665856424f,-0.02298780370478845f,0.8864639183173997f,-0.44354323585176575f,-1.8401243126967948f,-0.03848471572437432f,-0.4403470377364848f,-1.0168620224678329f,-5.056034429209143f,0f,0f,0f,1f], start_interpolation: 0, interpolation_duration: 1 }
$data merge entity $(bone_tail3) { transformation: [-1.0934873656613464f,-0.009472370667154452f,-0.009868476246469776f,-0.06358062876992499f,-0.0063077701686769004f,1.0093958208340654f,-0.4413116724171621f,-1.5918864969621411f,0.007587328264315067f,-0.42949001134081355f,-1.1546654571019235f,-4.406535109589311f,0f,0f,0f,1f], start_interpolation: 0, interpolation_duration: 1 }
$data merge entity $(bone_tail2) { transformation: [-1.214558450897068f,-0.009942874662676682f,-0.03421694502636789f,-0.04433359719259305f,0.0010648114045524455f,1.1454401195445867f,-0.4316605894782257f,-1.349077415380639f,0.03285387713741858f,-0.41012825110858353f,-1.3055678779275863f,-3.6721531782550434f,0f,0f,0f,1f], start_interpolation: 0, interpolation_duration: 1 }
$data merge entity $(bone_tail1) { transformation: [-1.3492953792364093f,-0.00911288979875083f,-0.04540935789944488f,-0.018790833374155304f,0.003297840722800076f,1.295315851621919f,-0.4147039707363014f,-1.1158064318414695f,0.044008889979561594f,-0.38183294063724604f,-1.4715944867768858f,-2.8443812794430454f,0f,0f,0f,1f], start_interpolation: 0, interpolation_duration: 1 }
$data merge entity $(bone_tail0) { transformation: [-1.4996287086076567f,-0.007663120221758473f,-0.036811757208169184f,2.4492935982947064e-16f,-6.505213034913027e-19f,1.4599196512789718f,-0.390358256038625f,-0.53125f,0.03337268823052735f,-0.3443484984691413f,-1.65416605166281f,-2f,0f,0f,0f,1f], start_interpolation: 0, interpolation_duration: 1 }