# This file was generated by Animated Java via MC-Build. It is not recommended to edit this file directly.
$data merge entity $(bone_leftwing20) { transformation: [-0.42509311538837663f,-2.1980515590676406f,-1.9338048758964363f,1.2077340545495308f,-0.4442503335756459f,1.979885519877546f,-2.1527728817523366f,0.3391140245100759f,2.8937300488259865f,-0.01894156727003222f,-0.6145760592978082f,2.4577697518622443f,0f,0f,0f,1f], start_interpolation: 0, interpolation_duration: 1 }
$data merge entity $(bone_leftwing21) { transformation: [-0.25491962723344314f,-2.197933607286795f,-1.9633901056819456f,1.2077340545495308f,-0.25491962723344297f,1.9797792753165497f,-2.1831827386083793f,0.3391140245100759f,2.936124798570672f,-0.01894055082818294f,-0.3600129000910941f,2.4577697518622443f,0f,0f,0f,1f], start_interpolation: 0, interpolation_duration: 1 }
$data merge entity $(bone_leftwing22) { transformation: [-0.0829887964003706f,-2.202177704304155f,-1.9819562031442934f,1.2077340545495308f,-0.06379561660690389f,1.9836021275126061f,-2.2013352520399185f,0.3391140245100759f,2.9620376688722594f,-0.018977124059972355f,-0.10294119578016199f,2.4577697518622443f,0f,0f,0f,1f], start_interpolation: 0, interpolation_duration: 1 }
$data merge entity $(bone_leftwing23) { transformation: [0.08863095614642436f,-2.167093086404716f,-1.9500760377261948f,1.2077340545495308f,0.12626200806710386f,1.9519998083299748f,-2.163492338337034f,0.3391140245100759f,2.912584231121201f,-0.018674784632426132f,0.1531299888575041f,2.4577697518622443f,0f,0f,0f,1f], start_interpolation: 0, interpolation_duration: 1 }
$data merge entity $(bone_leftwing1) { transformation: [-0.24628562403573345f,-1.4860066878203768f,1.3157231909282603f,0.8383056184959305f,-0.29220560400943024f,1.3385141542834114f,1.4570503573207239f,-0.09919438150406945f,-1.9631503448230385f,-0.012805566605092205f,-0.38193813777247904f,-0.48695576537231355f,0f,0f,0f,1f], start_interpolation: 0, interpolation_duration: 1 }
$data merge entity $(bone_leftwing) { transformation: [-0.10053707899728713f,-0.8668372345618865f,-0.7743362419743154f,0.6874999999999999f,-0.10053707899728705f,0.78079992333199f,-0.861019678394497f,-0.25f,1.1579705102482092f,-0.007469913852970453f,-0.14198453751603615f,1.25f,0f,0f,0f,1f], start_interpolation: 0, interpolation_duration: 1 }
$data merge entity $(bone_rightwing20) { transformation: [-0.42509311538837596f,2.1980515590676406f,1.9338048758964363f,-1.2077340545495312f,0.4442503335756459f,1.979885519877546f,-2.1527728817523366f,0.3391140245100759f,-2.8937300488259865f,-0.01894156727003168f,-0.6145760592978077f,2.457769751862244f,0f,0f,0f,1f], start_interpolation: 0, interpolation_duration: 1 }
$data merge entity $(bone_rightwing21) { transformation: [-0.25493330745740606f,2.1980515590676406f,1.9634954707205863f,-1.2077340545495312f,0.2549333074574065f,1.979885519877546f,-2.183299898786047f,0.3391140245100759f,-2.936282365272245f,-0.01894156727003168f,-0.3600322201299484f,2.457769751862244f,0f,0f,0f,1f], start_interpolation: 0, interpolation_duration: 1 }
$data merge entity $(bone_rightwing22) { transformation: [-0.08283330312374555f,2.1980515590676406f,1.978242679421571f,-1.2077340545495312f,0.06367608493647667f,1.979885519877546f,-2.1972106852774713f,0.3391140245100759f,-2.9564877999430146f,-0.01894156727003168f,-0.10274831837350215f,2.457769751862244f,0f,0f,0f,1f], start_interpolation: 0, interpolation_duration: 1 }
$data merge entity $(bone_rightwing23) { transformation: [0.08863095614642505f,2.167093086404716f,1.9500760377261952f,-1.2077340545495312f,-0.12626200806710386f,1.9519998083299748f,-2.163492338337034f,0.3391140245100759f,-2.912584231121201f,-0.018674784632425598f,0.1531299888575045f,2.457769751862244f,0f,0f,0f,1f], start_interpolation: 0, interpolation_duration: 1 }
$data merge entity $(bone_rightwing1) { transformation: [-0.24628562403573392f,1.4860066878203768f,-1.3157231909282603f,-0.8383056184959303f,0.29220560400943024f,1.3385141542834114f,1.4570503573207239f,-0.09919438150406945f,1.9631503448230383f,-0.01280556660509184f,-0.3819381377724793f,-0.48695576537231355f,0f,0f,0f,1f], start_interpolation: 0, interpolation_duration: 1 }
$data merge entity $(bone_rightwing) { transformation: [-0.10053707899728684f,0.8668372345618865f,0.7743362419743154f,-0.6875000000000001f,0.10053707899728705f,0.78079992333199f,-0.861019678394497f,-0.25f,-1.1579705102482092f,-0.00746991385297024f,-0.14198453751603596f,1.25f,0f,0f,0f,1f], start_interpolation: 0, interpolation_duration: 1 }
$data merge entity $(bone_head) { transformation: [-1.2269070000000002f,-9.362796848003539e-18f,1.4996077434261702e-16f,-4.2178115022432666e-16f,0f,1.2245226496898989f,0.07645303817004453f,-0.30948856500555727f,-1.5025277304014817e-16f,0.07645303817004453f,-1.2245226496898989f,3.4441044594897656f,0f,0f,0f,1f], start_interpolation: 0, interpolation_duration: 1 }
$data merge entity $(bone_neck4) { transformation: [-1.0497600000000002f,5.31640300730172e-17f,1.1705075644693344e-16f,-4.1280410200661156e-16f,0f,0.9557919600037231f,-0.4341172500514602f,-0.3067523943836572f,-1.2855852238729257e-16f,-0.4341172500514602f,-0.9557919600037231f,3.370801297925425f,0f,0f,0f,1f], start_interpolation: 0, interpolation_duration: 1 }
$data merge entity $(bone_neck3) { transformation: [-1.1664000000000003f,6.420339178211945e-17f,1.2760090420254182e-16f,-3.569787064179995e-16f,0f,1.0419404541079318f,-0.5242604792403845f,-0.5361163540513254f,-1.428428026525473e-16f,-0.5242604792403845f,-1.0419404541079318f,2.9149523492532046f,0f,0f,0f,1f], start_interpolation: 0, interpolation_duration: 1 }
$data merge entity $(bone_neck2) { transformation: [-1.2960000000000003f,7.489335844853825e-17f,1.399328057728157e-16f,-3.219955049747956e-16f,0f,1.1426380722200262f,-0.6115506813938674f,-0.6890040243997922f,-1.58714225169497e-16f,-0.6115506813938674f,-1.1426380722200262f,2.6292928311981982f,0f,0f,0f,1f], start_interpolation: 0, interpolation_duration: 1 }
$data merge entity $(bone_neck1) { transformation: [-1.4400000000000002f,7.2126937198363e-17f,1.6092459036349818e-16f,-2.81764357383921e-16f,0f,1.314049001520603f,-0.5889611375996783f,-0.8362443087997118f,-1.7634913907721887e-16f,-0.5889611375996783f,-1.314049001520603f,2.3007805808180475f,0f,0f,0f,1f], start_interpolation: 0, interpolation_duration: 1 }
$data merge entity $(bone_neck0) { transformation: [-1.6f,4.8034068864431764e-17f,1.899646774125932e-16f,-2.372753173347997e-16f,0f,1.5511793077388027f,-0.3922279378664522f,-1.03125f,-1.9594348786357652e-16f,-0.3922279378664522f,-1.5511793077388027f,1.9375f,0f,0f,0f,1f], start_interpolation: 0, interpolation_duration: 1 }
$data merge entity $(bone_frontlegl) { transformation: [-0.9659258262890683f,-0.1555078639150673f,0.206892731550322f,0.439823405899422f,1.3877787807814457e-17f,0.7993721307037887f,0.6008362477864373f,-0.8102394362851423f,-0.2588190451025208f,0.5803632491075379f,-0.7721341858625101f,1.4288284908068734f,0f,0f,0f,1f], start_interpolation: 0, interpolation_duration: 1 }
$data merge entity $(bone_frontlegtipleft) { transformation: [-0.9659258262890683f,0.2462363132468392f,0.07971810425734666f,0.9211821115552471f,1.3877787807814457e-17f,0.3080071028999026f,-0.9513840573413078f,-1.6229175296765523f,-0.2588190451025208f,-0.918966431705649f,-0.2975120153714906f,0.5982991709228098f,0f,0f,0f,1f], start_interpolation: 0, interpolation_duration: 1 }
$data merge entity $(bone_frontfootleftd) { transformation: [-0.9659258262890683f,-0.10794817503996675f,0.23523284127289992f,0.4688766616952775f,1.968675215409033e-16f,0.9088699063074046f,0.41707972068750815f,-2.419343625308014f,-0.25881904510252063f,0.40286807383349543f,-0.8779009152392476f,2.2454481093719605f,0f,0f,0f,1f], start_interpolation: 0, interpolation_duration: 1 }
$data merge entity $(bone_frontfootleft) { transformation: [0.9659258262890683f,0.11721880423167877f,0.23075322325435893f,0.5739526313283667f,-8.768266764444907e-17f,-0.89156199136333f,0.4528986813364037f,-2.1589419267331613f,0.2588190451025207f,-0.43746653299509536f,-0.8611827531955516f,1.8941772330152604f,0f,0f,0f,1f], start_interpolation: 0, interpolation_duration: 1 }
$data merge entity $(bone_frontlegr) { transformation: [-0.9659258262890683f,0.1345874463750955f,-0.22107355650554722f,-0.8747627718277345f,0f,0.8541626309531354f,0.5200059613919994f,-0.8826445480685331f,0.2588190451025206f,0.5022871879328086f,-0.8250577450886518f,1.563384948524907f,0f,0f,0f,1f], start_interpolation: 0, interpolation_duration: 1 }
$data merge entity $(bone_frontlegtipright) { transformation: [-0.9659258262890683f,-0.2279232436607193f,-0.12263071844752833f,-0.8368516503734239f,0f,0.4738087121794038f,-0.8806277898538604f,-1.7499322951735818f,0.2588190451025206f,-0.8506211255677061f,-0.45766407181485f,0.73894535367524f,0f,0f,0f,1f], start_interpolation: 0, interpolation_duration: 1 }
$data merge entity $(bone_frontfootrightd) { transformation: [-0.9659258262890683f,0.08256049396444805f,-0.24529790652210426f,-0.4325947740724567f,1.6913432969432728e-16f,0.9477583321773692f,0.3189892534057717f,-2.684927727618615f,0.25881904510252074f,0.3081199581733031f,-0.9154642501307746f,2.2885305363080906f,0f,0f,0f,1f], start_interpolation: 0, interpolation_duration: 1 }
$data merge entity $(bone_frontfootright) { transformation: [0.9659258262890683f,-0.09415374043077378f,-0.2410858172325264f,-0.5274443286707131f,-5.506043135477969e-17f,-0.9314840688676137f,0.3637821180952062f,-2.4622823193559773f,-0.2588190451025207f,-0.35138654301029965f,-0.8997445188960533f,1.8936691985035659f,0f,0f,0f,1f], start_interpolation: 0, interpolation_duration: 1 }
$data merge entity $(bone_rearlegl) { transformation: [-1.0464196451464907f,-0.11349600730799587f,-0.25638973007464044f,-0.029940296013041157f,7.517135062566164e-18f,0.9906138474975134f,-0.43851489855794445f,-0.5960619287189017f,0.280387298861064f,-0.4235728657296494f,-0.9568594991774286f,-1.5129993327237754f,0f,0f,0f,1f], start_interpolation: 0, interpolation_duration: 1 }
$data merge entity $(bone_rearfootleftd) { transformation: [-0.9659258262890683f,-0.06119487716569863f,-0.2514805859633218f,0.7594883041622423f,6.938893903907228e-18f,0.971646371169123f,-0.23643884916374208f,-2.890282007747273f,0.25881904510252063f,-0.22838239074532402f,-0.9385383239323097f,-1.2231077102165777f,0f,0f,0f,1f], start_interpolation: 0, interpolation_duration: 1 }
$data merge entity $(bone_rearfootleft) { transformation: [-0.9659258262890683f,0.1802345233342505f,-0.1857493329900706f,0.6543149531483501f,6.938893903907228e-18f,0.7176803118043092f,0.6963727235098094f,-2.3218157213587407f,0.25881904510252063f,0.6726443983613815f,-0.6932259481909736f,-1.6156199998026994f,0f,0f,0f,1f], start_interpolation: 0, interpolation_duration: 1 }
$data merge entity $(bone_rearlegtipleft) { transformation: [-0.9659258262890683f,0.2302095035507579f,-0.11828306126700563f,0.8315467838852291f,6.938893903907228e-18f,0.45701065476133185f,0.8894612197474485f,-1.9203963928316243f,0.25881904510252063f,0.8591535636366366f,-0.4414383943232476f,-0.7127003462019523f,0f,0f,0f,1f], start_interpolation: 0, interpolation_duration: 1 }
$data merge entity $(bone_rearlegr) { transformation: [-1.0464196451464907f,0.04546933669360196f,0.2766759418222835f,-1.3016740423957156f,0f,1.0689937508759813f,-0.17568002646633324f,-0.5442020778732136f,-0.2803872988610642f,-0.16969387472697828f,-1.0325686721127325f,-1.8723959715503526f,0f,0f,0f,1f], start_interpolation: 0, interpolation_duration: 1 }
$data merge entity $(bone_rearfootrightd) { transformation: [-0.9659258262890683f,-0.16467654557170552f,0.1996720647620761f,-0.5920902472444106f,0f,0.7714736165686106f,0.6362613134071162f,-2.748223167629697f,-0.25881904510252085f,0.6145812348885364f,-0.745186290544251f,-1.8643027249876307f,0f,0f,0f,1f], start_interpolation: 0, interpolation_duration: 1 }
$data merge entity $(bone_rearfootright) { transformation: [-0.9659258262890683f,-0.23255255830052565f,0.11360724332392426f,-0.5430543372467784f,0f,0.43894468152033894f,0.8985140881282877f,-2.075626646851457f,-0.25881904510252085f,0.867897963007685f,-0.4239880041927253f,-2.047307232494169f,0f,0f,0f,1f], start_interpolation: 0, interpolation_duration: 1 }
$data merge entity $(bone_rearlegtipright) { transformation: [-0.9659258262890683f,-0.2587340615866042f,0.006632004424003914f,-0.8625732632529497f,0f,0.025624097412834917f,0.9996716489086692f,-2.112482027495414f,-0.25881904510252085f,0.9656086634898616f,-0.024750977466404138f,-1.0963278232315647f,0f,0f,0f,1f], start_interpolation: 0, interpolation_duration: 1 }
$data merge entity $(bone_tail11) { transformation: [-0.29001567362823755f,-0.045622879327861555f,0.009883238023698303f,0.3334218013194716f,-0.03706886530601669f,0.2620318774550162f,0.13230539049433285f,-2.5961400675881015f,-0.036566091626531586f,0.1604847899847731f,-0.28715977306093987f,-7.88979902351968f,0f,0f,0f,1f], start_interpolation: 0, interpolation_duration: 1 }
$data merge entity $(bone_tail10) { transformation: [-0.38409511766438353f,-0.056874714785360825f,0.05135641259625923f,0.30453381923407574f,-0.04244660648099812f,0.377969044646246f,0.10470675075955317f,-2.6550376148903503f,-0.07691808524747548f,0.1315653538405348f,-0.41416829733809185f,-7.656829356267004f,0f,0f,0f,1f], start_interpolation: 0, interpolation_duration: 1 }
$data merge entity $(bone_tail9) { transformation: [-0.47671331611029105f,-0.05680153946752191f,0.09595566439547695f,0.25055875801162f,-0.05169380148893121f,0.48909948981312995f,0.035704042500322594f,-2.675121138796782f,-0.11732087237304457f,0.057477249032888075f,-0.5359538912781614f,-7.355355292423038f,0f,0f,0f,1f], start_interpolation: 0, interpolation_duration: 1 }
$data merge entity $(bone_tail8) { transformation: [-0.5603061338329164f,-0.04325112356916395f,0.12623999408777553f,0.17954876133724626f,-0.06112386224164488f,0.572395155247293f,-0.07203250748409326f,-2.6346028533369794f,-0.14071528865373636f,-0.0580502390535549f,-0.6308928367869558f,-7.000478071730376f,0f,0f,0f,1f], start_interpolation: 0, interpolation_duration: 1 }
$data merge entity $(bone_tail7) { transformation: [-0.6637644627224127f,-0.02099934158633679f,0.13470536918319168f,0.10377699117170094f,-0.06511575582125032f,0.6440273177911645f,-0.21637272706281627f,-2.5128931943641453f,-0.1429133645277656f,-0.21147227071311603f,-0.7196013040651867f,-6.595702338193708f,0f,0f,0f,1f], start_interpolation: 0, interpolation_duration: 1 }
$data merge entity $(bone_tail6) { transformation: [-0.7878798156729372f,-0.004898074586549171f,0.1214516342545527f,0.03546044690351505f,-0.05936068152901797f,0.7203417781483533f,-0.3497559563556022f,-2.316155468914119f,-0.12785378923145507f,-0.35167240420163987f,-0.8166149104017553f,-6.136356451092721f,0f,0f,0f,1f], start_interpolation: 0, interpolation_duration: 1 }
$data merge entity $(bone_tail5) { transformation: [-0.8809810027330518f,0.0017101507793343615f,0.09205090238946526f,-0.016318185690559157f,-0.04481637387689057f,0.7786815029524555f,-0.4331608640163271f,-2.0725024829049348f,-0.09856948016317951f,-0.4382393151750581f,-0.8912791300194244f,-5.635011940456795f,0f,0f,0f,1f], start_interpolation: 0, interpolation_duration: 1 }
$data merge entity $(bone_tail4) { transformation: [-0.9828728517755417f,-0.0034525120710562846f,0.05094830010099759f,-0.0449766044973703f,-0.026977757816926642f,0.8891928577686661f,-0.4373805543710967f,-1.826475921071193f,-0.05636380858351899f,-0.43446402638633663f,-1.0187623048642709f,-5.061958143970642f,0f,0f,0f,1f], start_interpolation: 0, interpolation_duration: 1 }
$data merge entity $(bone_tail3) { transformation: [-1.0935193711647464f,-0.006781991512440435f,0.005431658208058226f,-0.048031912239403056f,-0.009747543931645654f,1.0119830923524402f,-0.43473790042225974f,-1.581935852083672f,-0.008762746946874175f,-0.42307154905449124f,-1.1572470433450286f,-4.411006682089064f,0f,0f,0f,1f], start_interpolation: 0, interpolation_duration: 1 }
$data merge entity $(bone_tail2) { transformation: [-1.214854278643608f,-0.007834663511533672f,-0.020933468877231673f,-0.03625683599596024f,-0.0015364433687441532f,1.1476826293093985f,-0.4249732533040291f,-1.3428883971001555f,0.01887765081185314f,-0.4036284862962633f,-1.3081116636737051f,-3.675193871272605f,0f,0f,0f,1f], start_interpolation: 0, interpolation_duration: 1 }
$data merge entity $(bone_tail1) { transformation: [-1.3495734389520497f,-0.007541820609277849f,-0.03569728699537955f,-0.01617711206105924f,0.0019346096931078891f,1.2970364923361954f,-0.4084161610866137f,-1.1131543064889353f,0.034116511341799535f,-0.37589616225260325f,-1.473651020619421f,-2.8462651721741805f,0f,0f,0f,1f], start_interpolation: 0, interpolation_duration: 1 }
$data merge entity $(bone_tail0) { transformation: [-1.4997260121457319f,-0.00649540004779052f,-0.0316461547964571f,2.4492935982947064e-16f,-6.505213034913027e-19f,1.4609928639195089f,-0.38516638312721435f,-0.53125f,0.02866859768911045f,-0.33979061398821897f,-1.6554894678599736f,-2f,0f,0f,0f,1f], start_interpolation: 0, interpolation_duration: 1 }