# This file was generated by Animated Java via MC-Build. It is not recommended to edit this file directly.
$data merge entity $(bone_leftwing20) { transformation: [-0.4287210551325126f,-2.1601465799661943f,-1.9752724169231781f,1.2207783482539696f,-0.4409196465358454f,2.0212267042228564f,-2.114702954683288f,0.32713850588274784f,2.893704240812438f,-0.012061273062047139f,-0.6148710462425049f,2.4578625448335734f,0f,0f,0f,1f], start_interpolation: 0, interpolation_duration: 1 }
$data merge entity $(bone_leftwing21) { transformation: [-0.25491962723344314f,-2.1600306622412693f,-2.0050138122486962f,1.2207783482539696f,-0.254919627233443f,2.0211182412123905f,-2.1449694413135676f,0.32713850588274784f,2.9361247985706727f,-0.012060625830351836f,-0.36030899794794924f,2.4578625448335734f,0f,0f,0f,1f], start_interpolation: 0, interpolation_duration: 1 }
$data merge entity $(bone_leftwing22) { transformation: [-0.07935404634906408f,-2.1642015706165867f,-2.023501586338191f,1.2207783482539696f,-0.06713255595612222f,2.0250209168304454f,-2.163193860747211f,0.32713850588274784f,2.9620635253321757f,-0.01208391427998671f,-0.10323673646936542f,2.4578625448335734f,0f,0f,0f,1f], start_interpolation: 0, interpolation_duration: 1 }
$data merge entity $(bone_leftwing23) { transformation: [0.09575741822156036f,-2.1297219802483602f,-1.9904922125311089f,1.2207783482539696f,0.11971944767545176f,1.9927587224732386f,-2.1263876345341073f,0.32713850588274784f,2.9126349265138387f,-0.011891395976666193f,0.15284248099890366f,2.4578625448335734f,0f,0f,0f,1f], start_interpolation: 0, interpolation_duration: 1 }
$data merge entity $(bone_leftwing1) { transformation: [-0.2549818198386927f,-1.4603807864560185f,1.3424873295870805f,0.8383056184959305f,-0.2842219249245448f,1.3664631239816494f,1.4324791196350817f,-0.09919438150406934f,-1.963212206803925f,-0.00815410009828539f,-0.38174774617232826f,-0.4869557653723138f,0f,0f,0f,1f], start_interpolation: 0, interpolation_duration: 1 }
$data merge entity $(bone_leftwing) { transformation: [-0.10053707899728713f,-0.8518887920993442f,-0.7907521057533298f,0.6874999999999999f,-0.10053707899728712f,0.7971034889892955f,-0.8459488369274448f,-0.25f,1.1579705102482094f,-0.004756558390666478f,-0.14210131476833587f,1.25f,0f,0f,0f,1f], start_interpolation: 0, interpolation_duration: 1 }
$data merge entity $(bone_rightwing20) { transformation: [-0.42872105513251196f,2.1601465799661943f,1.9752724169231783f,-1.22077834825397f,0.4409196465358454f,2.0212267042228564f,-2.114702954683288f,0.32713850588274784f,-2.8937042408124376f,-0.01206127306204661f,-0.6148710462425043f,2.4578625448335734f,0f,0f,0f,1f], start_interpolation: 0, interpolation_duration: 1 }
$data merge entity $(bone_rightwing21) { transformation: [-0.25493330745740606f,2.1601465799661943f,2.005121411017372f,-1.22077834825397f,0.2549333074574066f,2.0212267042228564f,-2.145084550780307f,0.32713850588274784f,-2.9362823652722456f,-0.01206127306204661f,-0.36032833387685126f,2.4578625448335734f,0f,0f,0f,1f], start_interpolation: 0, interpolation_duration: 1 }
$data merge entity $(bone_rightwing22) { transformation: [-0.07920536337960943f,2.1601465799661943f,2.0197102204483133f,-1.22077834825397f,0.06700677197627718f,2.0212267042228564f,-2.1591407582084226f,0.32713850588274784f,-2.9565136079565635f,-0.01206127306204661f,-0.10304330531819869f,2.4578625448335734f,0f,0f,0f,1f], start_interpolation: 0, interpolation_duration: 1 }
$data merge entity $(bone_rightwing23) { transformation: [0.09575741822156102f,2.1297219802483602f,1.9904922125311089f,-1.22077834825397f,-0.11971944767545176f,1.9927587224732386f,-2.1263876345341073f,0.32713850588274784f,-2.9126349265138383f,-0.011891395976665671f,0.15284248099890405f,2.4578625448335734f,0f,0f,0f,1f], start_interpolation: 0, interpolation_duration: 1 }
$data merge entity $(bone_rightwing1) { transformation: [-0.25498181983869317f,1.4603807864560185f,-1.3424873295870805f,-0.8383056184959303f,0.2842219249245448f,1.3664631239816494f,1.4324791196350817f,-0.09919438150406934f,1.9632122068039248f,-0.008154100098285032f,-0.38174774617232854f,-0.4869557653723138f,0f,0f,0f,1f], start_interpolation: 0, interpolation_duration: 1 }
$data merge entity $(bone_rightwing) { transformation: [-0.10053707899728684f,0.8518887920993442f,0.7907521057533298f,-0.6875000000000001f,0.10053707899728712f,0.7971034889892955f,-0.8459488369274448f,-0.25f,-1.1579705102482094f,-0.0047565583906662694f,-0.14210131476833568f,1.25f,0f,0f,0f,1f], start_interpolation: 0, interpolation_duration: 1 }
$data merge entity $(bone_head) { transformation: [-1.2269070000000002f,-9.070184221501885e-18f,1.499787570439304e-16f,-4.2322441714428033e-16f,0f,1.2246694895895818f,0.07406367474946152f,-0.3335384458732954f,-1.5025277304014817e-16f,0.07406367474946152f,-1.2246694895895818f,3.4558896282499214f,0f,0f,0f,1f], start_interpolation: 0, interpolation_duration: 1 }
$data merge entity $(bone_neck4) { transformation: [-1.0497600000000002f,5.3392311554170966e-17f,1.1694680305722917e-16f,-4.1424673221713565e-16f,0f,0.9549431161593047f,-0.4359813098057724f,-0.3309453053561779f,-1.2855852238729257e-16f,-0.4359813098057724f,-0.9549431161593047f,3.3825812675585345f,0f,0f,0f,1f], start_interpolation: 0, interpolation_duration: 1 }
$data merge entity $(bone_neck3) { transformation: [-1.1664000000000003f,6.315252242373669e-17f,1.2812425680234795e-16f,-3.5819236986610844e-16f,0f,1.0462139523947072f,-0.5156794797300409f,-0.5565550777380708f,-1.428428026525473e-16f,-0.5156794797300409f,-1.0462139523947072f,2.9248626633858503f,0f,0f,0f,1f], start_interpolation: 0, interpolation_duration: 1 }
$data merge entity $(bone_neck2) { transformation: [-1.2960000000000003f,7.161765918757275e-17f,1.416372696843824e-16f,-3.2278305244501283e-16f,0f,1.1565560762743654f,-0.584802567053911f,-0.7027557195015486f,-1.58714225169497e-16f,-0.584802567053911f,-1.1565560762743654f,2.635723644317259f,0f,0f,0f,1f], start_interpolation: 0, interpolation_duration: 1 }
$data merge entity $(bone_neck1) { transformation: [-1.4400000000000002f,6.78718910710586e-17f,1.6276493865607125e-16f,-2.82091817780995e-16f,0f,1.3290765857502305f,-0.5542160492177308f,-0.8413097318059813f,-1.7634913907721887e-16f,-0.5542160492177308f,-1.3290765857502305f,2.3034544978797014f,0f,0f,0f,1f], start_interpolation: 0, interpolation_duration: 1 }
$data merge entity $(bone_neck0) { transformation: [-1.6f,4.539049048753188e-17f,1.9061362440666416e-16f,-2.372753173347997e-16f,0f,1.5564783620826574f,-0.3706414822554103f,-1.03125f,-1.9594348786357652e-16f,-0.3706414822554103f,-1.5564783620826574f,1.9375f,0f,0f,0f,1f], start_interpolation: 0, interpolation_duration: 1 }
$data merge entity $(bone_frontlegl) { transformation: [-0.9659258262890683f,-0.14594426475208805f,0.2137465080270392f,0.4405882605517978f,-1.3877787807814457e-17f,0.825853089529683f,0.5638853380912446f,-0.8097821894992144f,-0.25881904510252085f,0.5446714111280762f,-0.7977128278973391f,1.4259740143838013f,0f,0f,0f,1f], start_interpolation: 0, interpolation_duration: 1 }
$data merge entity $(bone_frontlegtipleft) { transformation: [-0.9659258262890683f,0.24951533937563156f,0.06877058618365942f,0.9120894094848364f,-1.3877787807814457e-17f,0.26570914113533917f,-0.9640532414328165f,-1.6635726666303037f,-0.25881904510252085f,-0.9312039238176482f,-0.256655321703711f,0.6322335970276696f,0f,0f,0f,1f], start_interpolation: 0, interpolation_duration: 1 }
$data merge entity $(bone_frontfootleftd) { transformation: [-0.9659258262890679f,-0.1107538736861658f,0.23392494003694742f,0.4510331705055831f,1.7576193696082572e-16f,0.9038165639792366f,0.42792010782009987f,-2.38332754332773f,-0.2588190451025206f,0.4133390837318373f,-0.8730197613753911f,2.312040925076307f,0f,0f,0f,1f], start_interpolation: 0, interpolation_duration: 1 }
$data merge entity $(bone_frontfootleft) { transformation: [0.9659258262890681f,0.10661035183395741f,0.23584217389945433f,0.559074196270467f,-6.416915859495455e-17f,-0.9112241867905623f,0.41191076874473453f,-2.139851577993954f,0.2588190451025207f,-0.3978752496571232f,-0.8801749755602584f,1.9497043085884562f,0f,0f,0f,1f], start_interpolation: 0, interpolation_duration: 1 }
$data merge entity $(bone_frontlegr) { transformation: [-0.9659258262890683f,0.142620543256061f,-0.21597842195257982f,-0.874829984145627f,0f,0.8344765427406196f,0.5510434643616264f,-0.88148416899163f,0.2588190451025206f,0.5322671136346948f,-0.8060424440655778f,1.5631341087396378f,0f,0f,0f,1f], start_interpolation: 0, interpolation_duration: 1 }
$data merge entity $(bone_frontlegtipright) { transformation: [-0.9659258262890683f,-0.21716667831758057f,-0.14080458776719273f,-0.843974465082635f,0f,0.5440271511372694f,-0.839067612785446f,-1.715435028025555f,0.2588190451025206f,-0.8104770771921778f,-0.5254898754859548f,0.7123626472875654f,0f,0f,0f,1f], start_interpolation: 0, interpolation_duration: 1 }
$data merge entity $(bone_frontfootrightd) { transformation: [-0.9659258262890681f,0.07477999635328f,-0.24778064947284348f,-0.45796742604033935f,1.5831859788753456e-16f,0.9573509143219934f,0.2889277190697417f,-2.760289916359204f,0.2588190451025207f,0.27908274578025577f,-0.9247299729650666f,2.1938385100411897f,0f,0f,0f,1f], start_interpolation: 0, interpolation_duration: 1 }
$data merge entity $(bone_frontfootright) { transformation: [0.9659258262890683f,-0.10294955734993727f,-0.2374630218565254f,-0.550628416996374f,-4.5958887450746633e-17f,-0.9174866623994538f,0.397766544997328f,-2.5228768496475658f,-0.2588190451025207f,-0.38421297864669174f,-0.8862240624873918f,1.8071450029450347f,0f,0f,0f,1f], start_interpolation: 0, interpolation_duration: 1 }
$data merge entity $(bone_rearlegl) { transformation: [-1.0464196451464907f,-0.09798424494334639f,-0.26270920255195845f,-0.02842816316745711f,7.517135062566164e-18f,1.015030414194971f,-0.3785820510408494f,-0.5834218885697058f,0.280387298861064f,-0.36568218046984274f,-0.9804440915398127f,-1.5073559761162618f,0f,0f,0f,1f], start_interpolation: 0, interpolation_duration: 1 }
$data merge entity $(bone_rearfootleftd) { transformation: [-0.9659258262890683f,-0.05950133260943452f,-0.2518866600784608f,0.7316948297323429f,6.938893903907228e-18f,0.973215321069924f,-0.22989549546427512f,-2.9239592210533965f,0.25881904510252063f,-0.22206199641646462f,-0.9400538131616474f,-1.326834368907829f,0f,0f,0f,1f], start_interpolation: 0, interpolation_duration: 1 }
$data merge entity $(bone_rearfootleft) { transformation: [-0.9659258262890683f,0.18698004378496874f,-0.1789574288314173f,0.6320341028838646f,6.938893903907228e-18f,0.691438409258216f,0.7224354131702486f,-2.3408550733415736f,0.25881904510252063f,0.697819023406957f,-0.6678782167907412f,-1.698773265025594f,0f,0f,0f,1f], start_interpolation: 0, interpolation_duration: 1 }
$data merge entity $(bone_rearlegtipleft) { transformation: [-0.9659258262890683f,0.23256366206282533f,-0.11358451124915137f,0.8113264327566951f,6.938893903907228e-18f,0.4388568515279062f,0.8985569897713851f,-1.958158033674379f,0.25881904510252063f,0.8679394028127432f,-0.42390316693471175f,-0.7881637239605239f,0f,0f,0f,1f], start_interpolation: 0, interpolation_duration: 1 }
$data merge entity $(bone_rearlegr) { transformation: [-1.0464196451464907f,0.05560590114902719f,0.27481816009865206f,-1.3003490470879009f,-3.758567531283082e-18f,1.0618158334901275f,-0.21484470405568928f,-0.5522703486528721f,-0.2803872988610642f,-0.207524048288822f,-1.025635336330767f,-1.8773409213589072f,0f,0f,0f,1f], start_interpolation: 0, interpolation_duration: 1 }
$data merge entity $(bone_rearfootrightd) { transformation: [-0.9659258262890683f,0.02731683629579512f,0.25737344183611766f,-0.6061414996187553f,-3.469446951953614e-18f,0.9944146178816533f,-0.10554415068247641f,-2.7138995457568162f,-0.25881904510252085f,-0.10194782095794896f,-0.9605307614512643f,-1.8118627372166038f,0f,0f,0f,1f], start_interpolation: 0, interpolation_duration: 1 }
$data merge entity $(bone_rearfootright) { transformation: [-0.9659258262890683f,-0.23250901581457928f,0.11369633095538502f,-0.5570388990637505f,-3.469446951953614e-18f,0.43928888969646246f,0.8983458528814219f,-2.041375660688781f,-0.25881904510252085f,0.8677354602378453f,-0.4243204837596629f,-1.9951161372716415f,0f,0f,0f,1f], start_interpolation: 0, interpolation_duration: 1 }
$data merge entity $(bone_rearlegtipright) { transformation: [-0.9659258262890683f,-0.25881601048822256f,-0.001253324675010282f,-0.8761469409028516f,-3.469446951953614e-18f,-0.004842474689271153f,0.9999882751507059f,-2.108717402574971f,-0.25881904510252085f,0.9659145009543257f,0.00467747136551814f,-1.0456701685965684f,0f,0f,0f,1f], start_interpolation: 0, interpolation_duration: 1 }
$data merge entity $(bone_tail11) { transformation: [-0.29131225457599397f,-0.03766167845376871f,-0.0013920786723141017f,0.41857906827830443f,-0.03479222542776353f,0.26255237864913267f,0.13160964634906397f,-2.531635032031881f,-0.020512898845432864f,0.16177332447840304f,-0.28816837774059895f,-7.910610589475098f,0f,0f,0f,1f], start_interpolation: 0, interpolation_duration: 1 }
$data merge entity $(bone_tail10) { transformation: [-0.38658815655876155f,-0.049572268295666716f,0.03852906549437392f,0.3969064689377191f,-0.038289317861657374f,0.3780924431340462f,0.10523301403715996f,-2.5908286024277833f,-0.0600319588550048f,0.13449675335293532f,-0.41618365452789313f,-7.676507283803159f,0f,0f,0f,1f], start_interpolation: 0, interpolation_duration: 1 }
$data merge entity $(bone_tail9) { transformation: [-0.47918388157399816f,-0.051262217382222676f,0.08620013773316633f,0.348418891462813f,-0.04579447787025061f,0.48926818959149027f,0.03845528062365751f,-2.6124596977785908f,-0.10512174560259416f,0.062331707499562676f,-0.5381436846658897f,-7.373801461178596f,0f,0f,0f,1f], start_interpolation: 0, interpolation_duration: 1 }
$data merge entity $(bone_tail8) { transformation: [-0.5609810119172048f,-0.039430597517910615f,0.12440372987803436f,0.2784417934064187f,-0.05544697366158534f,0.573415481344477f,-0.06630363769272424f,-2.5751639015764334f,-0.1385458074743474f,-0.051217722273599844f,-0.6322046907008094f,-7.018186322659391f,0f,0f,0f,1f], start_interpolation: 0, interpolation_duration: 1 }
$data merge entity $(bone_tail7) { transformation: [-0.6618687309447272f,-0.017332706449497283f,0.14412589923826913f,0.19737097508489232f,-0.0625943940420046f,0.6469533706101257f,-0.2072847928916059f,-2.458566205574905f,-0.15382583432355407f,-0.2023747746459723f,-0.7202599564437512f,-6.6130400971597805f,0f,0f,0f,1f], start_interpolation: 0, interpolation_duration: 1 }
$data merge entity $(bone_tail6) { transformation: [-0.784511386924227f,0.0005183704818086509f,0.14153988245721982f,0.11775479120270615f,-0.061052710957908665f,0.7255450341840324f,-0.33772159045009387f,-2.2685978109467273f,-0.1504826786419152f,-0.3400262813514377f,-0.8180467834820723f,-6.152888781451114f,0f,0f,0f,1f], start_interpolation: 0, interpolation_duration: 1 }
$data merge entity $(bone_tail5) { transformation: [-0.8776962566223212f,0.008808276319215368f,0.11886810049345857f,0.05089148467513572f,-0.04959437437197408f,0.785411080966683f,-0.4194962685572987f,-2.032631159883247f,-0.12833279042314713f,-0.4248730911719234f,-0.8943612280816134f,-5.649810590655207f,0f,0f,0f,1f], start_interpolation: 0, interpolation_duration: 1 }
$data merge entity $(bone_tail4) { transformation: [-0.9807513711782732f,0.002893616815229766f,0.08190489528128905f,0.004819981079410625f,-0.03335713061085785f,0.8957745251367284f,-0.42229865096333397f,-1.7950881687163718f,-0.08992222335607622f,-0.41967476310967944f,-1.0229803924055372f,-5.0743841199270925f,0f,0f,0f,1f], start_interpolation: 0, interpolation_duration: 1 }
$data merge entity $(bone_tail3) { transformation: [-1.092938314684991f,-0.0014405394663006765f,0.03569221515620637f,-0.015256889945955456f,-0.01583949694807512f,1.0179868872404836f,-0.41907719452091446f,-1.5593572467983574f,-0.04103210478365098f,-0.407599644556802f,-1.1625677742937637f,-4.42043974688685f,0f,0f,0f,1f], start_interpolation: 0, interpolation_duration: 1 }
$data merge entity $(bone_tail2) { transformation: [-1.2150028043223544f,-0.0035586876526031395f,0.006299253364935415f,-0.018800219963731626f,-0.006400990276805841f,1.152727931542558f,-0.40949763741367906f,-1.3290148257531629f,-0.009672537088825534f,-0.3884924051043422f,-1.3133026924354745f,-3.681706982391896f,0f,0f,0f,1f], start_interpolation: 0, interpolation_duration: 1 }
$data merge entity $(bone_tail1) { transformation: [-1.3499366312300567f,-0.004279373939168262f,-0.015027137826480453f,-0.01034745493633637f,-0.000737081356614945f,1.3008179502849255f,-0.39422902817882993f,-1.1072609974025711f,0.013154419913016222f,-0.3624487967712632f,-1.4779175839590208f,-2.8503783414149466f,0f,0f,0f,1f], start_interpolation: 0, interpolation_duration: 1 }
$data merge entity $(bone_tail0) { transformation: [-1.4998889660611503f,-0.004011468324108469f,-0.020178350253091077f,2.4492935982947064e-16f,3.2526065174565133e-19f,1.4633182514360985f,-0.37365588363297153f,-0.53125f,0.018250739382664014f,-0.32967196292054307f,-1.6583045904801466f,-2f,0f,0f,0f,1f], start_interpolation: 0, interpolation_duration: 1 }