# This file was generated by Animated Java via MC-Build. It is not recommended to edit this file directly.
$data merge entity $(bone_leftwing20) { transformation: [-0.4306393028952957f,-2.1395059463537236f,-1.9971980891814476f,1.2276754273071908f,-0.4391063955159238f,2.043081087460299f,-2.093977400687545f,0.32061894367062316f,2.8936951248066864f,-0.00837177939340837f,-0.6149752426650371f,2.457895321523602f,0f,0f,0f,1f], start_interpolation: 0, interpolation_duration: 1 }
$data merge entity $(bone_leftwing21) { transformation: [-0.2549196272334428f,-2.139391136245898f,-2.027022055943889f,1.2276754273071908f,-0.2549196272334432f,2.0429714517005353f,-2.1241658354909845f,0.32061894367062316f,2.936124798570672f,-0.008371330147218385f,-0.36041358677114455f,2.457895321523602f,0f,0f,0f,1f], start_interpolation: 0, interpolation_duration: 1 }
$data merge entity $(bone_leftwing22) { transformation: [-0.07743219768400114f,-2.1435221907555544f,-2.0454684170978488f,1.2276754273071908f,-0.06894921078021243f,2.0469163247467312f,-2.1424294010917984f,0.32061894367062316f,2.9620726584503387f,-0.008387494756190812f,-0.10334112848766107f,2.457895321523602f,0f,0f,0f,1f], start_interpolation: 0, interpolation_duration: 1 }
$data merge entity $(bone_leftwing23) { transformation: [0.09952548519518839f,-2.109372059785361f,-2.0118619822537456f,1.2276754273071908f,0.11615762869897565f,2.0143052974960693f,-2.1061875553280496f,0.32061894367062316f,2.912652833335298f,-0.008253867007585717f,0.1527409263679118f,2.457895321523602f,0f,0f,0f,1f], start_interpolation: 0, interpolation_duration: 1 }
$data merge entity $(bone_leftwing1) { transformation: [-0.25957987254084036f,-1.4464265552813904f,1.3566386806915438f,0.8383056184959303f,-0.2798755501164616f,1.381237918283019f,1.4191023534418512f,-0.09919438150406923f,-1.9632340579306105f,-0.005659794519487348f,-0.3816804953194598f,-0.4869557653723138f,0f,0f,0f,1f], start_interpolation: 0, interpolation_duration: 1 }
$data merge entity $(bone_leftwing) { transformation: [-0.100537078997287f,-0.8437488239141444f,-0.7994318788998239f,0.6874999999999999f,-0.10053707899728717f,0.8057221189984278f,-0.8377441577322327f,-0.25f,1.1579705102482094f,-0.0033015468030342865f,-0.14214256327828362f,1.25f,0f,0f,0f,1f], start_interpolation: 0, interpolation_duration: 1 }
$data merge entity $(bone_rightwing20) { transformation: [-0.43063930289529495f,2.1395059463537236f,1.9971980891814476f,-1.2276754273071913f,0.4391063955159238f,2.043081087460299f,-2.093977400687545f,0.32061894367062316f,-2.8936951248066864f,-0.008371779393407846f,-0.6149752426650367f,2.457895321523602f,0f,0f,0f,1f], start_interpolation: 0, interpolation_duration: 1 }
$data merge entity $(bone_rightwing21) { transformation: [-0.25493330745740556f,2.1395059463537236f,2.0271308357816964f,-1.2276754273071913f,0.2549333074574068f,2.043081087460299f,-2.124279828535305f,0.32061894367062316f,-2.9362823652722456f,-0.008371779393407846f,-0.36043292831279017f,2.457895321523602f,0f,0f,0f,1f], start_interpolation: 0, interpolation_duration: 1 }
$data merge entity $(bone_rightwing22) { transformation: [-0.07728711561682561f,2.1395059463537236f,2.041635892706582f,-1.2276754273071913f,0.0688200229961993f,2.043081087460299f,-2.13841520421268f,0.32061894367062316f,-2.9565227239623155f,-0.008371779393407846f,-0.10314750174073095f,2.457895321523602f,0f,0f,0f,1f], start_interpolation: 0, interpolation_duration: 1 }
$data merge entity $(bone_rightwing23) { transformation: [0.09952548519518899f,2.109372059785361f,2.011861982253745f,-1.2276754273071913f,-0.11615762869897565f,2.0143052974960693f,-2.1061875553280496f,0.32061894367062316f,-2.912652833335298f,-0.0082538670075852f,0.15274092636791228f,2.457895321523602f,0f,0f,0f,1f], start_interpolation: 0, interpolation_duration: 1 }
$data merge entity $(bone_rightwing1) { transformation: [-0.2595798725408408f,1.4464265552813904f,-1.3566386806915436f,-0.8383056184959301f,0.2798755501164616f,1.381237918283019f,1.4191023534418512f,-0.09919438150406923f,1.9632340579306105f,-0.005659794519486994f,-0.38168049531946013f,-0.4869557653723138f,0f,0f,0f,1f], start_interpolation: 0, interpolation_duration: 1 }
$data merge entity $(bone_rightwing) { transformation: [-0.10053707899728671f,0.8437488239141444f,0.7994318788998239f,-0.6875000000000001f,0.10053707899728717f,0.8057221189984278f,-0.8377441577322327f,-0.25f,-1.1579705102482094f,-0.00330154680303408f,-0.14214256327828342f,1.25f,0f,0f,0f,1f], start_interpolation: 0, interpolation_duration: 1 }
$data merge entity $(bone_head) { transformation: [-1.2269070000000002f,-8.802253176726473e-18f,1.499947203913094e-16f,-4.2385001819417237e-16f,0f,1.2247998402130444f,0.0718758517382724f,-0.3443289300141626f,-1.5025277304014817e-16f,0.0718758517382724f,-1.2247998402130444f,3.46099804849262f,0f,0f,0f,1f], start_interpolation: 0, interpolation_duration: 1 }
$data merge entity $(bone_neck4) { transformation: [-1.0497600000000002f,5.3601135861061175e-17f,1.168512383879951e-16f,-4.1487178029926454e-16f,0f,0.95416277141582f,-0.4376864896750669f,-0.3418667490121099f,-1.2855852238729257e-16f,-0.4376864896750669f,-0.95416277141582f,3.3876851724767856f,0f,0f,0f,1f], start_interpolation: 0, interpolation_duration: 1 }
$data merge entity $(bone_neck3) { transformation: [-1.1664000000000003f,6.28639271267489e-17f,1.2826610205287043e-16f,-3.587553606511337e-16f,0f,1.0473722067634057f,-0.5133229202943838f,-0.5664455266409028f,-1.428428026525473e-16f,-0.5133229202943838f,-1.0473722067634057f,2.9294598320177956f,0f,0f,0f,1f], start_interpolation: 0, interpolation_duration: 1 }
$data merge entity $(bone_neck2) { transformation: [-1.2960000000000003f,7.019583718670781e-17f,1.4234728558286948e-16f,-3.2316853925541633e-16f,0f,1.1623537960657488f,-0.5731925093470287f,-0.7097436539776599f,-1.58714225169497e-16f,-0.5731925093470287f,-1.1623537960657488f,2.6388713830013586f,0f,0f,0f,1f], start_interpolation: 0, interpolation_duration: 1 }
$data merge entity $(bone_neck1) { transformation: [-1.4400000000000002f,6.578609740285008e-17f,1.6361909497909775e-16f,-2.822637655106419e-16f,0f,1.3360513014284259f,-0.5371842513992845f,-0.844039716827481f,-1.7634913907721887e-16f,-0.5371842513992845f,-1.3360513014284259f,2.304858557644252f,0f,0f,0f,1f], start_interpolation: 0, interpolation_duration: 1 }
$data merge entity $(bone_neck0) { transformation: [-1.6f,4.3970015478621947e-17f,1.909462965730242e-16f,-2.372753173347997e-16f,0f,1.5591948364701433f,-0.3590424235725401f,-1.03125f,-1.9594348786357652e-16f,-0.3590424235725401f,-1.5591948364701433f,1.9375f,0f,0f,0f,1f], start_interpolation: 0, interpolation_duration: 1 }
$data merge entity $(bone_frontlegl) { transformation: [-0.9659258262890683f,-0.14154831932594908f,0.21668265136780068f,0.4409334684687978f,0f,0.8371974762597958f,0.5469007092189849f,-0.8096205973806712f,-0.25881904510252085f,0.5282655194504255f,-0.8086706640233658f,1.4246856808983823f,0f,0f,0f,1f], start_interpolation: 0, interpolation_duration: 1 }
$data merge entity $(bone_frontlegtipleft) { transformation: [-0.9659258262890683f,0.2507010041658052f,0.06431410901223475f,0.9077747288550014f,0f,0.24849063555875217f,-0.968634298401418f,-1.6810376255843618f,-0.25881904510252085f,-0.9356288850553216f,-0.2400235224771835f,0.6483362043566469f,0f,0f,0f,1f], start_interpolation: 0, interpolation_duration: 1 }
$data merge entity $(bone_frontfootleftd) { transformation: [-0.9659258262890683f,-0.11178443635610075f,0.23343422606021058f,0.4433116258118464f,1.923157496469891e-16f,0.9019205907654321f,0.43190189621409847f,-2.368645760855075f,-0.2588190451025207f,0.4171851959764184f,-0.8711883918822247f,2.3408581221862463f,0f,0f,0f,1f], start_interpolation: 0, interpolation_duration: 1 }
$data merge entity $(bone_frontfootleft) { transformation: [0.9659258262890683f,0.10177133475598504f,0.23797036271301913f,0.5526192742674155f,-7.971598216349675e-17f,-0.9194468769435291f,0.3932142424668653f,-2.1329398032603546f,0.25881904510252074f,-0.37981579206343685f,-0.8881174843405817f,1.973794405462738f,0f,0f,0f,1f], start_interpolation: 0, interpolation_duration: 1 }
$data merge entity $(bone_frontlegr) { transformation: [-0.9659258262890683f,0.14708629988101246f,-0.21296224664267016f,-0.8748631466343985f,0f,0.8228229362267905f,0.568297822993475f,-0.8808228553220511f,0.25881904510252063f,0.5489335442532509f,-0.79478592456446f,1.563010344646637f,0f,0f,0f,1f], start_interpolation: 0, interpolation_duration: 1 }
$data merge entity $(bone_frontlegtipright) { transformation: [-0.9659258262890683f,-0.2108028454889231f,-0.15016477097360023f,-0.8478895432357487f,0f,0.5801921219287344f,-0.8144796508518997f,-1.6958013036744486f,0.25881904510252063f,-0.7867269297447532f,-0.5604225547804206f,0.697751376704542f,0f,0f,0f,1f], start_interpolation: 0, interpolation_duration: 1 }
$data merge entity $(bone_frontfootrightd) { transformation: [-0.9659258262890683f,0.07063569970510902f,-0.24899376706044338f,-0.4726015904634827f,1.5227312547792794e-16f,0.9620380407547464f,0.2729153864126554f,-2.7976624663843572f,0.2588190451025208f,0.2636160201276442f,-0.9292573894375449f,2.1392230648877018f,0f,0f,0f,1f], start_interpolation: 0, interpolation_duration: 1 }
$data merge entity $(bone_frontfootright) { transformation: [0.9659258262890683f,-0.10787122244334454f,-0.23526813952670927f,-0.563960953974407f,-4.0951961342340424e-17f,-0.9090062882873139f,0.4167823986855981f,-2.55202491754335f,-0.25881904510252074f,-0.4025808828331259f,-0.8780326501158828f,1.7573872975492246f,0f,0f,0f,1f], start_interpolation: 0, interpolation_duration: 1 }
$data merge entity $(bone_rearlegl) { transformation: [-1.0464196451464907f,-0.09052682914742008f,-0.265371306977822f,-0.02764598201393209f,0f,1.0253159958638514f,-0.34976880898220436f,-0.5775736154650706f,0.280387298861064f,-0.33785072582627906f,-0.9903792005121895f,-1.504436836310584f,0f,0f,0f,1f], start_interpolation: 0, interpolation_duration: 1 }
$data merge entity $(bone_rearfootleftd) { transformation: [-0.9659258262890683f,-0.057574948696178976f,-0.2523339521158676f,0.7180816419469008f,0f,0.974943524793223f,-0.22245251957162976f,-2.936867566415521f,0.25881904510252063f,-0.21487263377731153f,-0.9417231297710706f,-1.3776394773760745f,0f,0f,0f,1f], start_interpolation: 0, interpolation_duration: 1 }
$data merge entity $(bone_rearfootleft) { transformation: [-0.9659258262890683f,0.1902445194440142f,-0.17548310724766847f,0.6212175706446306f,0f,0.6780146614719098f,0.7350483785637049f,-2.346769973468985f,0.25881904510252063f,0.7100022124265866f,-0.6549118721183573f,-1.7391411129041219f,0f,0f,0f,1f], start_interpolation: 0, interpolation_duration: 1 }
$data merge entity $(bone_rearlegtipleft) { transformation: [-0.9659258262890683f,0.23384297792156056f,-0.11092682175451146f,0.8016231107827814f,0f,0.42858832784338696f,0.9034998866831193f,-1.974650388543293f,0.25881904510252063f,0.8727138745964717f,-0.4139845347099736f,-0.8243770145693694f,0f,0f,0f,1f], start_interpolation: 0, interpolation_duration: 1 }
$data merge entity $(bone_rearlegr) { transformation: [-1.0464196451464907f,0.061315562464686495f,0.2736008756605923f,-1.299632803780578f,-3.758567531283082e-18f,1.0571126075834805f,-0.23690514135232507f,-0.5569225866702021f,-0.2803872988610642f,-0.2288327944128731f,-1.021092368960665f,-1.880013977772417f,0f,0f,0f,1f], start_interpolation: 0, interpolation_duration: 1 }
$data merge entity $(bone_rearfootrightd) { transformation: [-0.9659258262890683f,0.027764386249359715f,0.25732554666021235f,-0.614349813363616f,-3.469446951953614e-18f,0.9942295651322066f,-0.10727335091728651f,-2.695710485883424f,-0.25881904510252085f,-0.10361810012357714f,-0.9603520142213477f,-1.7812288932763174f,0f,0f,0f,1f], start_interpolation: 0, interpolation_duration: 1 }
$data merge entity $(bone_rearfootright) { transformation: [-0.9659258262890683f,-0.2323109379719462f,0.11410050922925499f,-0.5649445805149965f,-3.469446951953614e-18f,0.44085051462908614f,0.8975805388661621f,-2.023517551084302f,-0.25881904510252085f,0.8669962236652848f,-0.42582889761306103f,-1.9656117324271363f,0f,0f,0f,1f], start_interpolation: 0, interpolation_duration: 1 }
$data merge entity $(bone_rearlegtipright) { transformation: [-0.9659258262890683f,-0.25877144137907565f,-0.004963792338159181f,-0.883776149016004f,-3.469446951953614e-18f,-0.01917862086305494f,0.9998160733363868f,-2.1051846765308815f,-0.25881904510252085f,0.9657481667745411f,0.018525125204231142f,-1.017197576296767f,0f,0f,0f,1f], start_interpolation: 0, interpolation_duration: 1 }
$data merge entity $(bone_tail11) { transformation: [-0.2917751485025829f,-0.033108476127316884f,-0.007243740384211991f,0.45353787529040174f,-0.03320361508046087f,0.2623543245773661f,0.1322656586302252f,-2.4928038104561727f,-0.012064414446225642f,0.16332893280790645f,-0.2878387982213366f,-7.922689071460484f,0f,0f,0f,1f], start_interpolation: 0, interpolation_duration: 1 }
$data merge entity $(bone_tail10) { transformation: [-0.38778438104745233f,-0.04518326818226383f,0.031158731301774354f,0.43601108893315366f,-0.035647780139906715f,0.377835998545421f,0.10674287063179627f,-2.552846675186558f,-0.05038198888484864f,0.13731895352617915f,-0.41662872736339657f,-7.688335412318573f,0f,0f,0f,1f], start_interpolation: 0, interpolation_duration: 1 }
$data merge entity $(bone_tail9) { transformation: [-0.48068649160825266f,-0.04776905204276016f,0.07955573610079186f,0.3912609873764582f,-0.04205907038568195f,0.4892712607996406f,0.04118240573353864f,-2.5760117784116736f,-0.09699913738368339f,0.06645896166850099f,-0.5392789391180882f,-7.384991009064649f,0f,0f,0f,1f], start_interpolation: 0, interpolation_duration: 1 }
$data merge entity $(bone_tail8) { transformation: [-0.5618547366010114f,-0.03703535943711119f,0.12112602323118897f,0.3231275993089144f,-0.051539955613920274f,0.5741151163049314f,-0.062143899551070386f,-2.5410558349141965f,-0.13489508750087031f,-0.04599855253764479f,-0.6335177583507919f,-7.028637269992329f,0f,0f,0f,1f], start_interpolation: 0, interpolation_duration: 1 }
$data merge entity $(bone_tail7) { transformation: [-0.6614538975075619f,-0.015423982404410888f,0.1461992994884996f,0.24089049334663337f,-0.06002180499974549f,0.648858318910051f,-0.20151206765914387f,-2.4277052968559283f,-0.156503251653093f,-0.1960935904125535f,-0.7215696487361158f,-6.622754342578264f,0f,0f,0f,1f], start_interpolation: 0, interpolation_duration: 1 }
$data merge entity $(bone_tail6) { transformation: [-0.7831081357727785f,0.0029801940824960146f,0.14903526653913424f,0.15705815591837036f,-0.060530168708776505f,0.7287250248821934f,-0.33046713887324874f,-2.2418175312397257f,-0.15911498898051096f,-0.33257263850534335f,-0.8196589518590657f,-6.16169618215754f,0f,0f,0f,1f], start_interpolation: 0, interpolation_duration: 1 }
$data merge entity $(bone_tail5) { transformation: [-0.8760444682586783f,0.01198037108809738f,0.13016996685561374f,0.08383754956208764f,-0.05079736381145342f,0.7893504067322032f,-0.4114600610622325f,-2.01037124689222f,-0.14095882637845497f,-0.4167206158722039f,-0.8965002684634543f,-5.657414781146847f,0f,0f,0f,1f], start_interpolation: 0, interpolation_duration: 1 }
$data merge entity $(bone_tail4) { transformation: [-0.979451510052877f,0.005821882425753329f,0.09597289028717337f,0.02985279877555262f,-0.035679528114153314f,0.8995030220089696f,-0.41357677898068745f,-1.7777343087155835f,-0.10517140868639127f,-0.4109447556417216f,-1.0252910057802196f,-5.080688590395473f,0f,0f,0f,1f], start_interpolation: 0, interpolation_duration: 1 }
$data merge entity $(bone_tail3) { transformation: [-1.092353416627815f,0.0010972117122436981f,0.05028101363917478f,0.001569728603516802f,-0.018409936313774675f,1.0212952414703023f,-0.41018562747232373f,-1.5470048932624014f,-0.05654252604778903f,-0.3987299163158846f,-1.1652321101688081f,-4.425245528425519f,0f,0f,0f,1f], start_interpolation: 0, interpolation_duration: 1 }
$data merge entity $(bone_tail2) { transformation: [-1.21484765722254f,-0.0014783548561712583f,0.019913027962162648f,-0.009631349625199688f,-0.008593381116925067f,1.1554444578184782f,-0.40089913533165844f,-1.3214991296383436f,-0.02388856717072934f,-0.38003753877792756f,-1.3158572882312198f,-3.685075803795457f,0f,0f,0f,1f], start_interpolation: 0, interpolation_duration: 1 }
$data merge entity $(bone_tail1) { transformation: [-1.350003528143117f,-0.0026506294816767625f,-0.004322991652527832f,-0.007199666820652782f,-0.002004704458572715f,1.3028178786789335f,-0.38650334752885795f,-1.104090996653361f,0.002345559019491331f,-0.3551011799648351f,-1.4800470022102918f,-2.8525493650521683f,0f,0f,0f,1f], start_interpolation: 0, interpolation_duration: 1 }
$data merge entity $(bone_tail0) { transformation: [-1.4999465160144758f,-0.0027381209549745484f,-0.014016350327816292f,2.4492935982947064e-16f,1.6263032587282567e-19f,1.4645354996093745f,-0.3674793275573644f,-0.53125f,0.012666850280796015f,-0.3242349041629477f,-1.6597477174984983f,-2f,0f,0f,0f,1f], start_interpolation: 0, interpolation_duration: 1 }