# This file was generated by Animated Java via MC-Build. It is not recommended to edit this file directly.
$data merge entity $(bone_leftwing20) { transformation: [-0.43259247393213324f,-2.1180479155137504f,-2.0195229362887277f,1.2346980733422244f,-0.4372216443444636f,2.065330043653557f,-2.072434596220067f,0.3138423019471639f,2.893689184471116f,-0.004577060297193096f,-0.6150431410112921f,2.4579166800596677f,0f,0f,0f,1f], start_interpolation: 0, interpolation_duration: 1 }
$data merge entity $(bone_leftwing21) { transformation: [-0.25491962723344386f,-2.1179342568861714f,-2.0494309777688353f,1.2346980733422244f,-0.25491962723344314f,2.065219213970933f,-2.1025419014554236f,0.3138423019471639f,2.9361247985706718f,-0.004576814683112359f,-0.3604817408205749f,2.4579166800596677f,0f,0f,0f,1f], start_interpolation: 0, interpolation_duration: 1 }
$data merge entity $(bone_leftwing22) { transformation: [-0.0754753601875067f,-2.1220238792627595f,-2.0678351720307973f,1.2346980733422244f,-0.0708374999747164f,2.0692070463045167f,-2.120846156835878f,0.3138423019471639f,2.9620786099370053f,-0.00458565227742422f,-0.10340915429154425f,2.4579166800596677f,0f,0f,0f,1f], start_interpolation: 0, interpolation_duration: 1 }
$data merge entity $(bone_leftwing23) { transformation: [0.10336215291900147f,-2.0882162547318663f,-2.033620806163727f,1.2346980733422244f,0.11245536000330975f,2.0362408881091407f,-2.085190946182979f,0.3138423019471639f,2.9126645021002533f,-0.00451259465920446f,0.15267474951335835f,2.4579166800596677f,0f,0f,0f,1f], start_interpolation: 0, interpolation_duration: 1 }
$data merge entity $(bone_leftwing1) { transformation: [-0.2642616365641956f,-1.4319197175304228f,1.371047668751166f,0.838305618495931f,-0.27535778896748875f,1.3962794661319822f,1.4051981143287673f,-0.09919438150406923f,-1.963248296954654f,-0.003094350623454487f,-0.3816366721095735f,-0.48695576537231355f,0f,0f,0f,1f], start_interpolation: 0, interpolation_duration: 1 }
$data merge entity $(bone_leftwing) { transformation: [-0.1005370789972874f,-0.8352865018927467f,-0.8082696744364363f,0.6874999999999999f,-0.10053707899728717f,0.8144963552436563f,-0.8292159514581254f,-0.25f,1.157970510248209f,-0.001805037863681784f,-0.14216944237396528f,1.25f,0f,0f,0f,1f], start_interpolation: 0, interpolation_duration: 1 }
$data merge entity $(bone_rightwing20) { transformation: [-0.4325924739321324f,2.1180479155137504f,2.0195229362887273f,-1.234698073342225f,0.4372216443444636f,2.065330043653557f,-2.072434596220067f,0.3138423019471639f,-2.893689184471116f,-0.004577060297192577f,-0.6150431410112915f,2.4579166800596677f,0f,0f,0f,1f], start_interpolation: 0, interpolation_duration: 1 }
$data merge entity $(bone_rightwing21) { transformation: [-0.2549333074574066f,2.1180479155137504f,2.0495409601781063f,-1.234698073342225f,0.25493330745740667f,2.065330043653557f,-2.102654734054533f,0.3138423019471639f,-2.936282365272245f,-0.004577060297192577f,-0.36050108601969744f,2.4579166800596677f,0f,0f,0f,1f], start_interpolation: 0, interpolation_duration: 1 }
$data merge entity $(bone_rightwing22) { transformation: [-0.07533394457999018f,2.1180479155137504f,2.0639607398138624f,-1.234698073342225f,0.07070477416765915f,2.065330043653557f,-2.1168723997452017f,0.3138423019471639f,-2.9565286642978843f,-0.004577060297192577f,-0.10321540008698613f,2.4579166800596677f,0f,0f,0f,1f], start_interpolation: 0, interpolation_duration: 1 }
$data merge entity $(bone_rightwing23) { transformation: [0.10336215291900225f,2.0882162547318663f,2.033620806163727f,-1.234698073342225f,-0.11245536000330975f,2.0362408881091407f,-2.085190946182979f,0.3138423019471639f,-2.9126645021002537f,-0.004512594659203948f,0.15267474951335885f,2.4579166800596677f,0f,0f,0f,1f], start_interpolation: 0, interpolation_duration: 1 }
$data merge entity $(bone_rightwing1) { transformation: [-0.2642616365641961f,1.4319197175304228f,-1.3710476687511657f,-0.8383056184959308f,0.27535778896748875f,1.3962794661319822f,1.4051981143287673f,-0.09919438150406923f,1.963248296954654f,-0.0030943506234541365f,-0.38163667210957386f,-0.48695576537231355f,0f,0f,0f,1f], start_interpolation: 0, interpolation_duration: 1 }
$data merge entity $(bone_rightwing) { transformation: [-0.1005370789972871f,0.8352865018927467f,0.8082696744364363f,-0.6875000000000001f,0.10053707899728717f,0.8144963552436563f,-0.8292159514581254f,-0.25f,-1.157970510248209f,-0.0018050378636815798f,-0.1421694423739651f,1.25f,0f,0f,0f,1f], start_interpolation: 0, interpolation_duration: 1 }
$data merge entity $(bone_head) { transformation: [-1.2269070000000002f,-8.45732790492018e-18f,1.5001456399617653e-16f,-4.244035354493518e-16f,0f,1.2249618755434015f,0.06905932315185473f,-0.3541013344879439f,-1.5025277304014817e-16f,0.06905932315185473f,-1.2249618755434015f,3.46551785988285f,0f,0f,0f,1f], start_interpolation: 0, interpolation_duration: 1 }
$data merge entity $(bone_neck4) { transformation: [-1.0497600000000002f,5.386968512022341e-17f,1.167276775381571e-16f,-4.1542462794320997e-16f,0f,0.953153820509125f,-0.4398793607898178f,-0.35180773764639733f,-1.2855852238729257e-16f,-0.4398793607898178f,-0.953153820509125f,3.392199516076348f,0f,0f,0f,1f], start_interpolation: 0, interpolation_duration: 1 }
$data merge entity $(bone_neck3) { transformation: [-1.1664000000000003f,6.27394994928026e-17f,1.2832700991228306e-16f,-3.5928156110658613e-16f,0f,1.0478695571786845f,-0.5123068915583194f,-0.5759420027031621f,-1.428428026525473e-16f,-0.5123068915583194f,-1.0478695571786845f,2.9337565848106735f,0f,0f,0f,1f], start_interpolation: 0, interpolation_duration: 1 }
$data merge entity $(bone_neck2) { transformation: [-1.2960000000000003f,6.894587067299178e-17f,1.4295688926490002e-16f,-3.2354233879036113e-16f,0f,1.1673315878866637f,-0.5629857581875409f,-0.7166884422500474f,-1.58714225169497e-16f,-0.5629857581875409f,-1.1673315878866637f,2.6419236878390073f,0f,0f,0f,1f], start_interpolation: 0, interpolation_duration: 1 }
$data merge entity $(bone_neck1) { transformation: [-1.4400000000000002f,6.37645501832085e-17f,1.6441745951452167e-16f,-2.824379739117307e-16f,0f,1.3425704425879812f,-0.5206770656454078f,-0.8468577086613993f,-1.7634913907721887e-16f,-0.5206770656454078f,-1.3425704425879812f,2.306281077192012f,0f,0f,0f,1f], start_interpolation: 0, interpolation_duration: 1 }
$data merge entity $(bone_neck0) { transformation: [-1.6f,4.2506837810046453e-17f,1.9127733576023577e-16f,-2.372753173347997e-16f,0f,1.561897976570963f,-0.34709467121166176f,-1.03125f,-1.9594348786357652e-16f,-0.34709467121166176f,-1.561897976570963f,1.9375f,0f,0f,0f,1f], start_interpolation: 0, interpolation_duration: 1 }
$data merge entity $(bone_frontlegl) { transformation: [-0.9659258262890683f,-0.13744974708431812f,0.2193054151958809f,0.4412519167612953f,0f,0.8473310575309935f,0.5310650421025735f,-0.8094959623324256f,-0.25881904510252085f,0.5129694396061673f,-0.8184589518860148f,1.4234972156911978f,0f,0f,0f,1f], start_interpolation: 0, interpolation_duration: 1 }
$data merge entity $(bone_frontlegtipleft) { transformation: [-0.9659258262890683f,0.2516314062599793f,0.06057172187915724f,0.9036676880388285f,0f,0.2340311620235062f,-0.9722290960478025f,-1.6966010560900386f,-0.25881904510252085f,-0.9391011929422475f,-0.22605674355494615f,0.6636638893513642f,0f,0f,0f,1f], start_interpolation: 0, interpolation_duration: 1 }
$data merge entity $(bone_frontfootleftd) { transformation: [-0.9659258262890683f,-0.1125644140568394f,0.23305911438049592f,0.43637201746248144f,1.9457743884375372e-16f,0.9004712705287158f,0.4349154986343903f,-2.3564750515212287f,-0.2588190451025207f,0.4200961123843457f,-0.8697884560350169f,2.3667570931307056f,0f,0f,0f,1f], start_interpolation: 0, interpolation_duration: 1 }
$data merge entity $(bone_frontfootleft) { transformation: [0.9659258262890683f,0.09727959087694935f,0.23984157126443706f,0.5468090300061808f,-8.109227687079352e-17f,-0.926676671608279f,0.3758594767955194f,-2.1280081412645795f,0.25881904510252074f,-0.36305237569228904f,-0.8951009297260305f,1.995478532250052f,0f,0f,0f,1f], start_interpolation: 0, interpolation_duration: 1 }
$data merge entity $(bone_frontlegr) { transformation: [-0.9659258262890683f,0.15181213008032193f,-0.20961959657497678f,-0.8748947901772486f,0f,0.8099079281122628f,0.5865570287541544f,-0.880109697666387f,0.25881904510252063f,0.5665705826650173f,-0.7823109846799048f,1.5628922493369892f,0f,0f,0f,1f], start_interpolation: 0, interpolation_duration: 1 }
$data merge entity $(bone_frontlegtipright) { transformation: [-0.9659258262890683f,-0.20375355142337764f,-0.1595988358044682f,-0.8519915427667039f,0f,0.6166425493968177f,-0.787243270071833f,-1.6745849165340747f,0.25881904510252063f,-0.7604186061346436f,-0.5956309640511187f,0.6824425060423936f,0f,0f,0f,1f], start_interpolation: 0, interpolation_duration: 1 }
$data merge entity $(bone_frontfootrightd) { transformation: [-0.9659258262890683f,0.06633779516679733f,-0.25017313013229203f,-0.488525714774572f,1.4581115839020275e-16f,0.9665947497534271f,0.25630955844273406f,-2.8341791002162786f,0.2588190451025208f,0.24757602202458426f,-0.9336588323422543f,2.0797934238926743f,0f,0f,0f,1f], start_interpolation: 0, interpolation_duration: 1 }
$data merge entity $(bone_frontfootright) { transformation: [0.9659258262890683f,-0.11310570175587673f,-0.23279690362651156f,-0.5784378885430862f,-3.565930199775926e-17f,-0.8994581659718992f,0.4370068737062005f,-2.5798259047149967f,-0.25881904510252074f,-0.42211622557866435f,-0.8688098721788567f,1.703358642201064f,0f,0f,0f,1f], start_interpolation: 0, interpolation_duration: 1 }
$data merge entity $(bone_rearlegl) { transformation: [-1.0464196451464907f,-0.08332023414267745f,-0.2677214521569256f,-0.026857452307222585f,-7.517135062566164e-18f,1.0343962595599512f,-0.3219246640434577f,-0.5720572192624968f,0.28038729886106395f,-0.3109553471190076f,-0.9991500617257675f,-1.5014940033818667f,0f,0f,0f,1f], start_interpolation: 0, interpolation_duration: 1 }
$data merge entity $(bone_rearfootleftd) { transformation: [-0.9659258262890683f,-0.05493161465147306f,-0.2529225490531887f,0.7047519136035496f,-6.938893903907228e-18f,0.9772176887253555f,-0.2122394610864674f,-2.947250185763565f,0.2588190451025206f,-0.2050075768210925f,-0.9439198034463326f,-1.4273867008045529f,0f,0f,0f,1f], start_interpolation: 0, interpolation_duration: 1 }
$data merge entity $(bone_rearfootleft) { transformation: [-0.9659258262890683f,0.19342281567214814f,-0.17197358077692865f,0.6106979287784297f,-6.938893903907228e-18f,0.664454892447379f,0.7473283722051117f,-2.350405068316628f,0.2588190451025206f,0.721863775431487f,-0.6418141410190485f,-1.7784009508262129f,0f,0f,0f,1f], start_interpolation: 0, interpolation_duration: 1 }
$data merge entity $(bone_rearlegtipleft) { transformation: [-0.9659258262890683f,0.23517656732310366f,-0.10807071892933012f,0.7922585518915497f,-6.938893903907228e-18f,0.4175531939178677f,0.908652480461583f,-1.9896426544276096f,0.2588190451025206f,0.8776908979994661f,-0.40332541385475595f,-0.8593260241419172f,0f,0f,0f,1f], start_interpolation: 0, interpolation_duration: 1 }
$data merge entity $(bone_rearlegr) { transformation: [-1.0464196451464907f,0.06741894569767251f,0.27216120796986853f,-1.2988915551117497f,3.758567531283082e-18f,1.0515501587685046f,-0.2604868033222485f,-0.5619828164644184f,-0.28038729886106417f,-0.2516109307364409f,-1.0157194559928688f,-1.8827803554655276f,0f,0f,0f,1f], start_interpolation: 0, interpolation_duration: 1 }
$data merge entity $(bone_rearfootrightd) { transformation: [-0.9659258262890683f,-0.20162602703903673f,0.16227828976247666f,-0.6232912798619824f,3.469446951953614e-18f,0.6269951645103884f,0.7790231470762541f,-2.6767273831406335f,-0.2588190451025208f,0.7524785770379412f,-0.6056308223589472f,-1.747858886010239f,0f,0f,0f,1f], start_interpolation: 0, interpolation_duration: 1 }
$data merge entity $(bone_rearfootright) { transformation: [-0.9659258262890683f,-0.23199460945384842f,0.11474231691985767f,-0.5734052631613114f,3.469446951953614e-18f,0.4433302691245426f,0.8963583393252728f,-2.0050647412139404f,-0.2588190451025208f,0.8658156695638611f,-0.42822415652307877f,-1.934036034924373f,0f,0f,0f,1f], start_interpolation: 0, interpolation_duration: 1 }
$data merge entity $(bone_rearlegtipright) { transformation: [-0.9659258262890683f,-0.25867933594747755f,-0.008502897244631337f,-0.8919235321740662f,3.469446951953614e-18f,-0.03285267218748622f,0.9994602052758987f,-2.1003836762311705f,-0.2588190451025208f,0.9654044246241643f,0.03173324452850155f,-0.9867911284021478f,0f,0f,0f,1f], start_interpolation: 0, interpolation_duration: 1 }
$data merge entity $(bone_tail11) { transformation: [-0.29207666466943016f,-0.028259570473456428f,-0.013146483309313929f,0.48283145504019914f,-0.031426231027343314f,0.26182672898769f,0.13359005495280468f,-2.450120395342389f,-0.00346249618964653f,0.16544110153344688f,-0.286933468581795f,-7.935627353479293f,0f,0f,0f,1f], start_interpolation: 0, interpolation_duration: 1 }
$data merge entity $(bone_tail10) { transformation: [-0.3888631429852623f,-0.040392531321519896f,0.023258158014895176f,0.4697487411568206f,-0.03277765683161236f,0.37733284271010814f,0.10908931503068175f,-2.511483135047148f,-0.04005560002483406f,0.14096838680315302f,-0.41661708545543097f,-7.701280242910613f,0f,0f,0f,1f], start_interpolation: 0, interpolation_duration: 1 }
$data merge entity $(bone_tail9) { transformation: [-0.4822693984897515f,-0.043877002781820704f,0.07182123482344738f,0.4293492965686314f,-0.037966721091425785f,0.4891750299514528f,0.044815093236064654f,-2.536691624992434f,-0.08760748552065808f,0.07162954299487748f,-0.5403277083997701f,-7.397345906935742f,0f,0f,0f,1f], start_interpolation: 0, interpolation_duration: 1 }
$data merge entity $(bone_tail8) { transformation: [-0.5630343064044395f,-0.03439004690759695f,0.11631456055272035f,0.36392235625772623f,-0.04707810325571287f,0.5748863100165662f,-0.057136435470746455f,-2.5045523800401392f,-0.12953563816564115f,-0.03966824529584356f,-0.6351849752573115f,-7.040054358353505f,0f,0f,0f,1f], start_interpolation: 0, interpolation_duration: 1 }
$data merge entity $(bone_tail7) { transformation: [-0.6614274185362686f,-0.013535591103960238f,0.14648457532384374f,0.28152478263806413f,-0.05669264798887553f,0.6509890457387011f,-0.19497889456649592f,-2.3948767518464855f,-0.1572422764840878f,-0.188752756316571f,-0.7235132967012765f,-6.633078128959037f,0f,0f,0f,1f], start_interpolation: 0, interpolation_duration: 1 }
$data merge entity $(bone_tail6) { transformation: [-0.7819874192826987f,0.005197977344648928f,0.1547216623200694f,0.19449384758302507f,-0.05916172793392974f,0.7322033711486824f,-0.3224919196760424f,-2.2134750470287115f,-0.16579033579730842f,-0.32414663813878963f,-0.8218903427028375f,-6.170764811188691f,0f,0f,0f,1f], start_interpolation: 0, interpolation_duration: 1 }
$data merge entity $(bone_tail5) { transformation: [-0.8744951269873341f,0.014813982375528747f,0.1398922817753717f,0.11580443908437851f,-0.05122910778737797f,0.7935762553150099f,-0.40275117536291566f,-1.9869275108870714f,-0.15185384820066752f,-0.4077192037044316f,-0.8990616756468058f,-5.665042618637362f,0f,0f,0f,1f], start_interpolation: 0, interpolation_duration: 1 }
$data merge entity $(bone_tail4) { transformation: [-0.9780753749658234f,0.008508081064280158f,0.1088714962686125f,0.054564222433283974f,-0.03740503057068743f,0.9034348666844886f,-0.4042143898080454f,-1.7595569166200458f,-0.11913356549158505f,-0.40146371591714614f,-1.0277387622525755f,-5.086939564870288f,0f,0f,0f,1f], start_interpolation: 0, interpolation_duration: 1 }
$data merge entity $(bone_tail3) { transformation: [-1.0916074351042575f,0.0034797008142692975f,0.06426718626509349f,0.018413930159168878f,-0.020624795392004784f,1.0247328866013217f,-0.4007333432174354f,-1.5341444110602382f,-0.07137094997470175f,-0.3892456201259104f,-1.1678629069184263f,-4.4300166797286735f,0f,0f,0f,1f], start_interpolation: 0, interpolation_duration: 1 }
$data merge entity $(bone_tail2) { transformation: [-1.2145469981321828f,0.0005112212458107654f,0.03329975322726778f,-0.0003171810311692505f,-0.010587784904441675f,1.1582318192466787f,-0.3918671894989334f,-1.3137191169670883f,-0.03782561284036387f,-0.37112699929728643f,-1.3183347394767917f,-3.6884533887729787f,0f,0f,0f,1f], start_interpolation: 0, interpolation_duration: 1 }
$data merge entity $(bone_tail1) { transformation: [-1.34998807452707f,-0.0010619072439003f,0.006451441038369289f,-0.003946116615251976f,-0.003203114312233417f,1.3048500950400275f,-0.37848182406896375f,-1.100823090928296f,-0.008502381358159632f,-0.3474562637329531f,-1.4821264394721418f,-2.854757266569899f,0f,0f,0f,1f], start_interpolation: 0, interpolation_duration: 1 }
$data merge entity $(bone_tail0) { transformation: [-1.4999840151506072f,-0.0014710240327152845f,-0.007669106886099628f,2.4492935982947064e-16f,1.6263032587282567e-19f,1.4657659971004655f,-0.36112282960565306f,-0.53125f,0.0069249038016976055f,-0.31863439524378595f,-1.6611837606770588f,-2f,0f,0f,0f,1f], start_interpolation: 0, interpolation_duration: 1 }