# This file was generated by Animated Java via MC-Build. It is not recommended to edit this file directly.
$data merge entity $(bone_leftwing20) { transformation: [-0.4345547592706683f,-2.096027305157383f,-2.041951960341136f,1.2417534899403506f,-0.43528779431988485f,2.0876793627937444f,-2.050330589293431f,0.30688912480531083f,2.8936867156660995f,-0.0007247833459057273f,-0.6150713595817643f,2.457925556672847f,0f,0f,0f,1f], start_interpolation: 0, interpolation_duration: 1 }
$data merge entity $(bone_leftwing21) { transformation: [-0.2549196272334428f,-2.095914828199176f,-2.0719444688662207f,1.2417534899403506f,-0.25491962723344336f,2.087567333802586f,-2.080354651488747f,0.30688912480531083f,2.9361247985706727f,-0.0007247444526022358f,-0.36051006566135346f,2.457925556672847f,0f,0f,0f,1f], start_interpolation: 0, interpolation_duration: 1 }
$data merge entity $(bone_leftwing22) { transformation: [-0.07350939128009752f,-2.09996193218881f,-2.0903062994680743f,1.2417534899403506f,-0.07277498018987712f,2.0915983192088587f,-2.0987006566410282f,0.30688912480531083f,2.9620810833764226f,-0.0007261438969528021f,-0.10343742583343986f,2.457925556672847f,0f,0f,0f,1f], start_interpolation: 0, interpolation_duration: 1 }
$data merge entity $(bone_leftwing23) { transformation: [0.10721672411696005f,-2.0665057938171376f,-2.055481165721125f,1.2417534899403506f,0.1086566450766243f,2.0582754281065085f,-2.0636473632813592f,0.30688912480531083f,2.912669351642024f,-0.00071457512976621f,0.15264724639528812f,2.457925556672847f,0f,0f,0f,1f], start_interpolation: 0, interpolation_duration: 1 }
$data merge entity $(bone_leftwing1) { transformation: [-0.2689652476296135f,-1.4170325443317515f,1.3855238950924755f,0.8383056184959303f,-0.27072233753958663f,1.41138886498732f,1.390931661781738f,-0.09919438150406915f,-1.9632542146967737f,-0.0004899943746968298f,-0.3816184591720768f,-0.486955765372314f,0f,0f,0f,1f], start_interpolation: 0, interpolation_duration: 1 }
$data merge entity $(bone_leftwing) { transformation: [-0.100537078997287f,-0.8266023175268551f,-0.8171487107724256f,0.6874999999999999f,-0.10053707899728724f,0.8233101712426034f,-0.8204655805006567f,-0.25f,1.1579705102482094f,-0.00028583005190648404f,-0.14218061333316473f,1.25f,0f,0f,0f,1f], start_interpolation: 0, interpolation_duration: 1 }
$data merge entity $(bone_rightwing20) { transformation: [-0.43455475927066745f,2.096027305157383f,2.041951960341136f,-1.241753489940351f,0.43528779431988485f,2.0876793627937444f,-2.050330589293431f,0.30688912480531083f,-2.8936867156661f,-0.0007247833459052139f,-0.615071359581764f,2.457925556672847f,0f,0f,0f,1f], start_interpolation: 0, interpolation_duration: 1 }
$data merge entity $(bone_rightwing21) { transformation: [-0.25493330745740556f,2.096027305157383f,2.072055659458651f,-1.241753489940351f,0.25493330745740694f,2.0876793627937444f,-2.0804662934123797f,0.30688912480531083f,-2.936282365272246f,-0.0007247833459052139f,-0.36052941238052455f,2.457925556672847f,0f,0f,0f,1f], start_interpolation: 0, interpolation_duration: 1 }
$data merge entity $(bone_rightwing22) { transformation: [-0.07337165924145311f,2.096027305157383f,2.0863897638662707f,-1.241753489940351f,0.07263862419223852f,2.0876793627937444f,-2.094768392818566f,0.30688912480531083f,-2.956531133102903f,-0.0007247833459052139f,-0.10324361865745825f,2.457925556672847f,0f,0f,0f,1f], start_interpolation: 0, interpolation_duration: 1 }
$data merge entity $(bone_rightwing23) { transformation: [0.10721672411696075f,2.0665057938171376f,2.055481165721125f,-1.241753489940351f,-0.1086566450766243f,2.0582754281065085f,-2.0636473632813592f,0.30688912480531083f,-2.912669351642024f,-0.0007145751297657038f,0.1526472463952885f,2.457925556672847f,0f,0f,0f,1f], start_interpolation: 0, interpolation_duration: 1 }
$data merge entity $(bone_rightwing1) { transformation: [-0.26896524762961393f,1.4170325443317515f,-1.3855238950924753f,-0.8383056184959301f,0.27072233753958663f,1.41138886498732f,1.390931661781738f,-0.09919438150406915f,1.9632542146967737f,-0.0004899943746964826f,-0.3816184591720771f,-0.486955765372314f,0f,0f,0f,1f], start_interpolation: 0, interpolation_duration: 1 }
$data merge entity $(bone_rightwing) { transformation: [-0.10053707899728671f,0.8266023175268551f,0.8171487107724256f,-0.6875000000000001f,0.10053707899728724f,0.8233101712426034f,-0.8204655805006567f,-0.25f,-1.1579705102482094f,-0.00028583005190628157f,-0.14218061333316453f,1.25f,0f,0f,0f,1f], start_interpolation: 0, interpolation_duration: 1 }
$data merge entity $(bone_head) { transformation: [-1.2269070000000002f,-8.039679971132627e-18f,1.500375264799312e-16f,-4.2488005184951053e-16f,0f,1.2251493784525729f,0.065648968965829f,-0.3627252692407287f,-1.5025277304014817e-16f,0.065648968965829f,-1.2251493784525729f,3.4694089115762075f,0f,0f,0f,1f], start_interpolation: 0, interpolation_duration: 1 }
$data merge entity $(bone_neck4) { transformation: [-1.0497600000000002f,5.419442648572842e-17f,1.165772611459327e-16f,-4.159003972002107e-16f,0f,0.9519255774570952f,-0.4425310752737908f,-0.3606357871498064f,-1.2855852238729257e-16f,-0.4425310752737908f,-0.9519255774570952f,3.396084466882833f,0f,0f,0f,1f], start_interpolation: 0, interpolation_duration: 1 }
$data merge entity $(bone_neck3) { transformation: [-1.1664000000000003f,6.278102509557775e-17f,1.2830669958183404e-16f,-3.5976621613315833e-16f,0f,1.0477037107447325f,-0.5126459738374228f,-0.5849184007036788f,-1.428428026525473e-16f,-0.5126459738374228f,-1.0477037107447325f,2.9377140934320125f,0f,0f,0f,1f], start_interpolation: 0, interpolation_duration: 1 }
$data merge entity $(bone_neck2) { transformation: [-1.2960000000000003f,6.788581502938034e-17f,1.434633102537041e-16f,-3.239003885697323e-16f,0f,1.1714668290774848f,-0.554329746965779f,-0.7235008374451236f,-1.58714225169497e-16f,-0.554329746965779f,-1.1714668290774848f,2.6448473861626414f,0f,0f,0f,1f], start_interpolation: 0, interpolation_duration: 1 }
$data merge entity $(bone_neck1) { transformation: [-1.4400000000000002f,6.183402104788865e-17f,1.651531794859716e-16f,-2.8261209369823937e-16f,0f,1.348578052063319f,-0.5049130989517949f,-0.8497291121830723f,-1.7634913907721887e-16f,-0.5049130989517949f,-1.348578052063319f,2.3077028731468117f,0f,0f,0f,1f], start_interpolation: 0, interpolation_duration: 1 }
$data merge entity $(bone_neck0) { transformation: [-1.6f,4.101911843191986e-17f,1.9160188506173862e-16f,-2.372753173347997e-16f,0f,1.5645481227333409f,-0.3349465205843756f,-1.03125f,-1.9594348786357652e-16f,-0.3349465205843756f,-1.5645481227333409f,1.9375f,0f,0f,0f,1f], start_interpolation: 0, interpolation_duration: 1 }
$data merge entity $(bone_frontlegl) { transformation: [-0.9659258262890683f,-0.13367578682172337f,0.2216259960504947f,0.4415423390222441f,0f,0.8562970934488472f,0.5164835793624578f,-0.8094026203242642f,-0.25881904510252085f,0.4988848281604177f,-0.8271194775385051f,1.4224133450576881f,0f,0f,0f,1f], start_interpolation: 0, interpolation_duration: 1 }
$data merge entity $(bone_frontlegtipleft) { transformation: [-0.9659258262890683f,0.25233641075516633f,0.057564172147097664f,0.8998045785185903f,0f,0.22241088218332578f,-0.9749530242460068f,-1.7102793930713092f,-0.25881904510252085f,-0.9417323055378501f,-0.21483241514860962f,0.6780812103560956f,0f,0f,0f,1f], start_interpolation: 0, interpolation_duration: 1 }
$data merge entity $(bone_frontfootleftd) { transformation: [-0.9659258262890681f,-0.1130925687961937f,0.23280328389191346f,0.430204234393204f,1.9643819257795984e-16f,0.8994828174244197f,0.4369561318464676f,-2.3470053418249655f,-0.25881904510252063f,0.4220672127058743f,-0.868833683653502f,2.3897755729153123f,0f,0f,0f,1f], start_interpolation: 0, interpolation_duration: 1 }
$data merge entity $(bone_frontfootleft) { transformation: [0.9659258262890683f,0.09316000091425371f,0.24147155595936537f,0.5416387125891314f,-8.218177532951855e-17f,-0.9329744488614278f,0.3599426034407638f,-2.1251997408382075f,0.25881904510252074f,-0.3476778566451582f,-0.9011841154230628f,2.0147744195417383f,0f,0f,0f,1f], start_interpolation: 0, interpolation_duration: 1 }
$data merge entity $(bone_frontlegr) { transformation: [-0.9659258262890683f,0.15676580906712495f,-0.20594120329674273f,-0.8749239655487747f,-1.3877787807814457e-17f,0.7956957078454853f,0.6056965746281484f,-0.879346725070658f,0.25881904510252063f,0.5850579643281526f,-0.7685830340753155f,1.5627833653681238f,0f,0f,0f,1f], start_interpolation: 0, interpolation_duration: 1 }
$data merge entity $(bone_frontlegtipright) { transformation: [-0.9659258262890683f,-0.19600732790994396f,-0.16902196754677873f,-0.8562420740917122f,-1.3877787807814457e-17f,0.6530507346545058f,-0.7573141606805002f,-1.6517990630579003f,0.25881904510252063f,-0.7315093064157244f,-0.6307985704798366f,0.6665793071782997f,0f,0f,0f,1f], start_interpolation: 0, interpolation_duration: 1 }
$data merge entity $(bone_frontfootrightd) { transformation: [-0.9659258262890683f,0.06189915997754895f,-0.2513081616300085f,-0.5057171495711735f,1.2506651565154686e-16f,0.9709801747026109f,0.23915998899165247f,-2.8693378868250856f,0.2588190451025208f,0.23101080998204634f,-0.9378948275599233f,2.0156341157767494f,0f,0f,0f,1f], start_interpolation: 0, interpolation_duration: 1 }
$data merge entity $(bone_frontfootright) { transformation: [0.9659258262890683f,-0.11862286951752184f,-0.23003459073628396f,-0.59403161010088f,-1.6221695083271823e-17f,-0.888785408528051f,0.4583235730219706f,-2.605834718948439f,-0.25881904510252074f,-0.4427065759790051f,-0.8585007801261249f,1.6451620810682952f,0f,0f,0f,1f], start_interpolation: 0, interpolation_duration: 1 }
$data merge entity $(bone_rearlegl) { transformation: [-1.0464196451464907f,-0.07640099059124816f,-0.2697775491016249f,-0.02607094993432213f,0f,1.0423404081209073f,-0.295190759864619f,-0.5668825373192864f,0.280387298861064f,-0.2851323786351301f,-1.0068235199886721f,-1.4985587365659288f,0f,0f,0f,1f], start_interpolation: 0, interpolation_duration: 1 }
$data merge entity $(bone_rearfootleftd) { transformation: [-0.9659258262890683f,-0.05157494389094362f,-0.25362831716988266f,0.6917741305506043f,0f,0.9799445673304996f,-0.19927028117468842f,-2.955200364425498f,0.25881904510252063f,-0.19248031099851598f,-0.9465537659161966f,-1.4758204465277507f,0f,0f,0f,1f], start_interpolation: 0, interpolation_duration: 1 }
$data merge entity $(bone_rearfootleft) { transformation: [-0.9659258262890683f,0.19650558379094316f,-0.1684424342223812f,0.6005331549965852f,0f,0.6508115898335827f,0.7592392735747303f,-2.351871915113673f,0.25881904510252063f,0.7333688226787834f,-0.6286357226685058f,-1.8163364030275004f,0f,0f,0f,1f], start_interpolation: 0, interpolation_duration: 1 }
$data merge entity $(bone_rearlegtipleft) { transformation: [-0.9659258262890683f,0.2365535378227518f,-0.10502248259930128f,0.7832802338387266f,0f,0.4057757131346378f,0.913972685932176f,-2.003219494849796f,0.25881904510252063f,0.8828298218646763f,-0.39194924099761097f,-0.8928335632815659f,0f,0f,0f,1f], start_interpolation: 0, interpolation_duration: 1 }
$data merge entity $(bone_rearlegr) { transformation: [-1.0464196451464907f,0.07388744404618577f,0.27047676975098156f,-1.2981339070690714f,0f,1.0450419892548597f,-0.28547916177079713f,-0.5674456688408054f,-0.28038729886106417f,-0.2757516952217678f,-1.009433046977772f,-1.8856079364550586f,0f,0f,0f,1f], start_interpolation: 0, interpolation_duration: 1 }
$data merge entity $(bone_rearfootrightd) { transformation: [-0.9659258262890683f,0.029448251729391403f,0.25713828687665924f,-0.6329189713147558f,0f,0.9935060488875701f,-0.11377930753792342f,-2.6568645475292696f,-0.2588190451025208f,-0.10990237164816674f,-0.9596531511949136f,-1.7119278523488926f,0f,0f,0f,1f], start_interpolation: 0, interpolation_duration: 1 }
$data merge entity $(bone_rearfootright) { transformation: [-0.9659258262890683f,-0.2315590554223498f,0.11561877857722691f,-0.582375942970706f,0f,0.44671665692696283f,0.8946754877741976f,-1.9859355675686383f,-0.2588190451025208f,0.8641901597888669f,-0.4314951559592668f,-1.9005570020972802f,0f,0f,0f,1f], start_interpolation: 0, interpolation_duration: 1 }
$data merge entity $(bone_rearlegtipright) { transformation: [-0.9659258262890683f,-0.2585472088226975f,-0.01185912803595379f,-0.9005523204342232f,0f,-0.0458201521887861f,0.9989497052671854f,-2.0941900763366235f,-0.2588190451025208f,0.9649113194814273f,0.04425886836364407f,-0.9545880522074881f,0f,0f,0f,1f], start_interpolation: 0, interpolation_duration: 1 }
$data merge entity $(bone_tail11) { transformation: [-0.2921999021883909f,-0.023176692059033163f,-0.019020583194677122f,0.5061090886927132f,-0.029535372896622846f,0.26095789220780385f,0.13556008149796916f,-2.4040491293539f,0.005192386387970087f,0.16805975936894657f,-0.2854509712779774f,-7.949194339559954f,0f,0f,0f,1f], start_interpolation: 0, interpolation_duration: 1 }
$data merge entity $(bone_tail10) { transformation: [-0.3897689885269664f,-0.03526303506388925f,0.014927517941551602f,0.4977123598505904f,-0.02978568417195323f,0.3765602885157975f,0.11225110068080321f,-2.467190373486852f,-0.029165786373929747f,0.14536934369383686f,-0.4160938471811878f,-7.715141550520536f,0f,0f,0f,1f], start_interpolation: 0, interpolation_duration: 1 }
$data merge entity $(bone_tail9) { transformation: [-0.4838538810226645f,-0.039640965567177604f,0.06308658334482861f,0.4622261567191243f,-0.03364666145433638f,0.4889448343062438f,0.049334512305071465f,-2.494941036658455f,-0.07703144151032493f,0.07775344134104417f,-0.5411939013148479f,-7.410719981030934f,0f,0f,0f,1f], start_interpolation: 0, interpolation_duration: 1 }
$data merge entity $(bone_tail8) { transformation: [-0.5644624605919885f,-0.03153845393988169f,0.11002257494148353f,0.40033845831453985f,-0.04219085809053718f,0.5756837895665283f,-0.051306790881575845f,-2.4660809667875685f,-0.12249500469035762f,-0.03231754074345289f,-0.6371156371341881f,-7.052342435142953f,0f,0f,0f,1f], start_interpolation: 0, interpolation_duration: 1 }
$data merge entity $(bone_tail7) { transformation: [-0.6617913019343526f,-0.01170589979807532f,0.14498215955330584f,0.3187859935658053f,-0.05271307944370677f,0.653288241936486f,-0.18773517902659934f,-2.3604799285851064f,-0.15600443168920095f,-0.18044281499011944f,-0.7260431777590933f,-6.643943147653463f,0f,0f,0f,1f], start_interpolation: 0, interpolation_duration: 1 }
$data merge entity $(bone_tail6) { transformation: [-0.7812045998318862f,0.007128388802222994f,0.15854055868560105f,0.2296069293051547f,-0.05701903117362768f,0.7359097494895701f,-0.3138781645252248f,-2.1839234610396674f,-0.17040903398679408f,-0.3148505777434834f,-0.8247325436016292f,-6.180031091877547f,0f,0f,0f,1f], start_interpolation: 0, interpolation_duration: 1 }
$data merge entity $(bone_tail5) { transformation: [-0.8731246433592671f,0.017259607307599976f,0.14792588483063726f,0.14639861908792123f,-0.05092600174733483f,0.7980130169671972f,-0.393473080673697f,-1.9625948531607127f,-0.1608727103572696f,-0.3979815469223563f,-0.9020523428848802f,-5.672626649004802f,0f,0f,0f,1f], start_interpolation: 0, interpolation_duration: 1 }
$data merge entity $(bone_tail4) { transformation: [-0.9766909385632724f,0.010905501862832241f,0.12044602059328044f,0.07864773250420098f,-0.038538161380971346f,0.9075023666397618f,-0.39433058214656225f,-1.7407839007032715f,-0.13162766299255302f,-0.39135026184198474f,-1.0303291251423723f,-5.093066516112217f,0f,0f,0f,1f], start_interpolation: 0, interpolation_duration: 1 }
$data merge entity $(bone_tail3) { transformation: [-1.0907371598151552f,0.005666018263797484f,0.07747753407485482f,0.035066619587095144f,-0.022467415069933938f,1.0282436472355219f,-0.39084053025219745f,-1.5209361024364103f,-0.08532744072561277f,-0.3792648609486178f,-1.1704434443192784f,-4.434692078682623f,0f,0f,0f,1f], start_interpolation: 0, interpolation_duration: 1 }
$data merge entity $(bone_tail2) { transformation: [-1.2141155522072846f,0.0023770441115814637f,0.046292441936603215f,0.009027120997755838f,-0.012363191935383312f,1.161047143743684f,-0.3825154155123133f,-1.305771181210734f,-0.051306956129487054f,-0.36187153965761043f,-1.3207077681277726f,-3.6917939591107514f,0f,0f,0f,1f], start_interpolation: 0, interpolation_duration: 1 }
$data merge entity $(bone_tail1) { transformation: [-1.3498909287409149f,0.00046175298910624586f,0.017161942297319016f,-0.0006264715444861084f,-0.004317621724604782f,1.3068852801388802f,-0.37026427332365835f,-1.0974975274661762f,-0.019253243595372907f,-0.3396089523511113f,-1.4841264763209563f,-2.8569728161802135f,0f,0f,0f,1f], start_interpolation: 0, interpolation_duration: 1 }
$data merge entity $(bone_tail0) { transformation: [-1.4999995991981698f,-0.00022876801910073625f,-0.0012154018653538444f,2.4492935982947064e-16f,0f,1.466993025063934f,-0.3546653710225647f,-0.53125f,0.0010965424432330848f,-0.3129399496372454f,-1.662591650825822f,-2f,0f,0f,0f,1f], start_interpolation: 0, interpolation_duration: 1 }