# This file was generated by Animated Java via MC-Build. It is not recommended to edit this file directly.
$data merge entity $(bone_leftwing20) { transformation: [-0.43840682279407883f,-2.051394111891079f,-2.0859812478872692f,1.2556036229390388f,-0.4313690443786451f,2.131541669150359f,-2.005539072503617f,0.2927992201230715f,2.8936925055006397f,0.006958554837366685f,-0.6150051814701396f,2.4579047392647375f,0f,0f,0f,1f], start_interpolation: 0, interpolation_duration: 1 }
$data merge entity $(bone_leftwing21) { transformation: [-0.2549196272334436f,-2.051284030038032f,-2.116139569414418f,1.2556036229390388f,-0.2549196272334436f,2.1314272864213524f,-2.0353944511639543f,0.2927992201230715f,2.936124798570672f,0.006958181427593017f,-0.3604436383249067f,2.4579047392647375f,0f,0f,0f,1f], start_interpolation: 0, interpolation_duration: 1 }
$data merge entity $(bone_leftwing22) { transformation: [-0.06965009672814773f,-2.055244954246471f,-2.1344182380486325f,1.2556036229390388f,-0.07670108634227445f,2.1355429631456313f,-2.053825057972936f,0.2927992201230715f,2.9620752826733017f,0.006971617318898011f,-0.10337112349338268f,2.4579047392647375f,0f,0f,0f,1f], start_interpolation: 0, interpolation_duration: 1 }
$data merge entity $(bone_leftwing23) { transformation: [0.11478343871164494f,-2.022501237075711f,-2.0983941366362027f,1.2556036229390388f,0.10095893651260354f,2.1015199555003536f,-2.019991488649514f,0.2927992201230715f,2.9126579785103877f,0.0068605470227558855f,0.15271174662996445f,2.4579047392647375f,0f,0f,0f,1f], start_interpolation: 0, interpolation_duration: 1 }
$data merge entity $(bone_leftwing1) { transformation: [-0.27819866962873874f,-1.3868579911376306f,1.413941445970977f,0.8383056184959308f,-0.26132906775142706f,1.4410422552002426f,1.362022149994474f,-0.09919438150406906f,-1.9632403364247006f,0.004704375101318322f,-0.3816611721015595f,-0.48695576537231355f,0f,0f,0f,1f], start_interpolation: 0, interpolation_duration: 1 }
$data merge entity $(bone_leftwing) { transformation: [-0.10053707899728725f,-0.8090004948302846f,-0.8345786998373247f,0.6874999999999999f,-0.10053707899728731f,0.8406079822001415f,-0.8027338457541272f,-0.25f,1.1579705102482092f,0.0027442188091023547f,-0.14215441523125943f,1.25f,0f,0f,0f,1f], start_interpolation: 0, interpolation_duration: 1 }
$data merge entity $(bone_rightwing20) { transformation: [-0.438406822794078f,2.051394111891079f,2.085981247887269f,-1.2556036229390393f,0.4313690443786451f,2.131541669150359f,-2.005539072503617f,0.2927992201230715f,-2.8936925055006397f,0.006958554837367188f,-0.6150051814701392f,2.457904739264737f,0f,0f,0f,1f], start_interpolation: 0, interpolation_duration: 1 }
$data merge entity $(bone_rightwing21) { transformation: [-0.25493330745740644f,2.051394111891079f,2.11625313173036f,-1.2556036229390393f,0.25493330745740717f,2.131541669150359f,-2.035503680305109f,0.2927992201230715f,-2.936282365272245f,0.006958554837367188f,-0.36046298147926464f,2.457904739264737f,0f,0f,0f,1f], start_interpolation: 0, interpolation_duration: 1 }
$data merge entity $(bone_rightwing22) { transformation: [-0.06951959571804417f,2.051394111891079f,2.130419051412404f,-1.2556036229390393f,0.07655737413347855f,2.131541669150359f,-2.049976876028752f,0.2927992201230715f,-2.9565253432683614f,0.006958554837367188f,-0.1031774405458337f,2.457904739264737f,0f,0f,0f,1f], start_interpolation: 0, interpolation_duration: 1 }
$data merge entity $(bone_rightwing23) { transformation: [0.11478343871164563f,2.022501237075711f,2.0983941366362022f,-1.2556036229390393f,-0.10095893651260354f,2.1015199555003536f,-2.019991488649514f,0.2927992201230715f,-2.9126579785103877f,0.006860547022756382f,0.15271174662996487f,2.457904739264737f,0f,0f,0f,1f], start_interpolation: 0, interpolation_duration: 1 }
$data merge entity $(bone_rightwing1) { transformation: [-0.2781986696287392f,1.3868579911376306f,-1.4139414459709767f,-0.8383056184959305f,0.26132906775142706f,1.4410422552002426f,1.362022149994474f,-0.09919438150406906f,1.9632403364247004f,0.004704375101318662f,-0.38166117210155975f,-0.48695576537231355f,0f,0f,0f,1f], start_interpolation: 0, interpolation_duration: 1 }
$data merge entity $(bone_rightwing) { transformation: [-0.10053707899728696f,0.8090004948302846f,0.8345786998373247f,-0.6875000000000001f,0.10053707899728731f,0.8406079822001415f,-0.8027338457541272f,-0.25f,-1.1579705102482092f,0.002744218809102553f,-0.14215441523125924f,1.25f,0f,0f,0f,1f], start_interpolation: 0, interpolation_duration: 1 }
$data merge entity $(bone_head) { transformation: [-1.2269070000000002f,-7.007767193916732e-18f,1.5008926345748436e-16f,-4.255866574997752e-16f,0f,1.2255718429344884f,0.05722276168766226f,-0.3760840489428561f,-1.5025277304014817e-16f,0.05722276168766226f,-1.2255718429344884f,3.475178784577604f,0f,0f,0f,1f], start_interpolation: 0, interpolation_duration: 1 }
$data merge entity $(bone_neck4) { transformation: [-1.0497600000000002f,5.4994780661034374e-17f,1.16201840684426e-16f,-4.1660545556134125e-16f,0f,0.9488600367496185f,-0.44906646307591613f,-0.3744988267366752f,-1.2855852238729257e-16f,-0.44906646307591613f,-0.9488600367496185f,3.4018417053096304f,0f,0f,0f,1f], start_interpolation: 0, interpolation_duration: 1 }
$data merge entity $(bone_neck3) { transformation: [-1.1664000000000003f,6.33571804946591e-17f,1.2802317739144643e-16f,-3.6059531545258344e-16f,0f,1.045388576368151f,-0.5173506397009394f,-0.6008397316058363f,-1.428428026525473e-16f,-0.5173506397009394f,-1.045388576368151f,2.9444842031485643f,0f,0f,0f,1f], start_interpolation: 0, interpolation_duration: 1 }
$data merge entity $(bone_neck2) { transformation: [-1.2960000000000003f,6.639411124244015e-17f,1.4415972829982815e-16f,-3.245553833776264e-16f,0f,1.177153513978053f,-0.5421490611714849f,-0.7363769968987075f,-1.58714225169497e-16f,-0.5421490611714849f,-1.177153513978053f,2.650195824654051f,0f,0f,0f,1f], start_interpolation: 0, interpolation_duration: 1 }
$data merge entity $(bone_neck1) { transformation: [-1.4400000000000002f,5.834796063669664e-17f,1.664167489852352e-16f,-2.829511961313176e-16f,0f,1.3588958800292543f,-0.4764472554643572f,-0.8554888107647968f,-1.7634913907721887e-16f,-0.4764472554643572f,-1.3588958800292543f,2.3104718546467375f,0f,0f,0f,1f], start_interpolation: 0, interpolation_duration: 1 }
$data merge entity $(bone_neck0) { transformation: [-1.6f,3.804449160279684e-17f,1.922146380867708e-16f,-2.372753173347997e-16f,0f,1.5695516308914383f,-0.3106568492179533f,-1.03125f,-1.9594348786357652e-16f,-0.3106568492179533f,-1.5695516308914383f,1.9375f,0f,0f,0f,1f], start_interpolation: 0, interpolation_duration: 1 }
$data merge entity $(bone_frontlegl) { transformation: [-0.9659258262890683f,-0.12719824315353653f,0.22540608919555505f,0.44203478911709615f,1.3877787807814457e-17f,0.8709022518272155f,0.4914562724823901f,-0.8092884260075461f,-0.25881904510252085f,0.47471030608249826f,-0.8412269772132133f,1.420575496283508f,0f,0f,0f,1f], start_interpolation: 0, interpolation_duration: 1 }
$data merge entity $(bone_frontlegtipleft) { transformation: [-0.9659258262890683f,0.25316273310105813f,0.05381383350573675f,0.8929385520495461f,1.3877787807814457e-17f,0.20792068637924427f,-0.9781456886249533f,-1.7320799289175435f,-0.25881904510252085f,-0.9448161825161476f,-0.20083596079346183f,0.7037055699846813f,0f,0f,0f,1f], start_interpolation: 0, interpolation_duration: 1 }
$data merge entity $(bone_frontfootleftd) { transformation: [-0.9659258262890679f,-0.11339051773336667f,0.2326583086759201f,0.4201634237619457f,2.1288331026736455e-16f,0.8989226762032206f,0.4381073181397904f,-2.3368037127674066f,-0.2588190451025206f,0.42317917327746485f,-0.8682926287815765f,2.4272483883403457f,0f,0f,0f,1f], start_interpolation: 0, interpolation_duration: 1 }
$data merge entity $(bone_frontfootleft) { transformation: [0.9659258262890681f,0.08612445940329715f,0.24406940734199054f,0.5332187410584246f,-9.739767498393192e-17f,-0.9430117758347816f,0.3327593584513166f,-2.1264219945054252f,0.2588190451025207f,-0.3214208582675083f,-0.9108794287735329f,2.0461981810926195f,0f,0f,0f,1f], start_interpolation: 0, interpolation_duration: 1 }
$data merge entity $(bone_frontlegr) { transformation: [-0.9659258262890683f,0.16721865880316372f,-0.19754801506431724f,-0.8749710861937969f,0f,0.7632669187310641f,0.6460832847015832f,-0.8776809588992442f,0.25881904510252063f,0.6240685306269321f,-0.7372592291544143f,1.5626075087268156f,0f,0f,0f,1f], start_interpolation: 0, interpolation_duration: 1 }
$data merge entity $(bone_frontlegtipright) { transformation: [-0.9659258262890683f,-0.18594474716552611f,-0.18003291118384207f,-0.8661802052765707f,0f,0.6955937539779168f,-0.7184353341998911f,-1.604148474651386f,0.25881904510252063f,-0.6939552438222928f,-0.671891971572634f,0.6294896966641227f,0f,0f,0f,1f], start_interpolation: 0, interpolation_duration: 1 }
$data merge entity $(bone_frontfootrightd) { transformation: [-0.9659258262890681f,0.05265519589851907f,-0.25340625180265236f,-0.5339789070337712f,1.2900355295228283e-16f,0.9790865726371708f,0.20344405442675845f,-2.897824607133004f,0.25881904510252074f,0.19651186637576507f,-0.945725006683091f,1.910159801015146f,0f,0f,0f,1f], start_interpolation: 0, interpolation_duration: 1 }
$data merge entity $(bone_frontfootright) { transformation: [0.9659258262890681f,-0.13037437882002045f,-0.22358403220058998f,-0.6186299890287539f,-2.3210925030928788e-17f,-0.8638623641935862f,0.5037279183546088f,-2.614962872915357f,-0.2588190451025207f,-0.4865638057615481f,-0.8344269679337177f,1.553359681125638f,0f,0f,0f,1f], start_interpolation: 0, interpolation_duration: 1 }
$data merge entity $(bone_rearlegl) { transformation: [-1.0464196451464907f,-0.06355967289889433f,-0.2730882739034929f,-0.02453712529005292f,0f,1.0551320664803479f,-0.2455757182541098f,-0.5575859324051748f,0.280387298861064f,-0.23720792857113243f,-1.019179313159122f,-1.4928344250636147f,0f,0f,0f,1f], start_interpolation: 0, interpolation_duration: 1 }
$data merge entity $(bone_rearfootleftd) { transformation: [-0.9659258262890683f,-0.04274459358023268f,-0.2552649561288061f,0.667135638653521f,0f,0.9862680546854399f,-0.16515242749350678f,-2.964250640041191f,0.25881904510252063f,-0.15952499499031092f,-0.9526617856645454f,-1.56777255010954f,0f,0f,0f,1f], start_interpolation: 0, interpolation_duration: 1 }
$data merge entity $(bone_rearfootleft) { transformation: [-0.9659258262890683f,0.20235196722237075f,-0.16137217687388736f,0.5814862629555199f,0f,0.6234942131479018f,0.7818279645619483f,-2.348807137761364f,0.25881904510252063f,0.7551878226854002f,-0.6022491630213394f,-1.8874203718510358f,0f,0f,0f,1f], start_interpolation: 0, interpolation_duration: 1 }
$data merge entity $(bone_rearlegtipleft) { transformation: [-0.9659258262890683f,0.23939292229438586f,-0.09837848780670871f,0.7666574765947582f,0f,0.38010528849505687f,0.9249432250998381f,-2.0265108008350468f,0.25881904510252063f,0.8934265489750368f,-0.36715351486643244f,-0.9548705378779394f,0f,0f,0f,1f], start_interpolation: 0, interpolation_duration: 1 }
$data merge entity $(bone_rearlegr) { transformation: [-1.0464196451464907f,0.0877929559707273f,0.26628825404911444f,-1.2966051148914666f,7.517135062566164e-18f,1.0288588072938563f,-0.3392059341535381f,-0.5795466654150612f,-0.2803872988610642f,-0.3276477722294116f,-0.9938012935701034f,-1.8913134665360936f,0f,0f,0f,1f], start_interpolation: 0, interpolation_duration: 1 }
$data merge entity $(bone_rearfootrightd) { transformation: [-0.9659258262890683f,-0.20985216736677004f,0.15149048141467472f,-0.6540247976807805f,6.938893903907228e-18f,0.5853142737415933f,0.8108065126491962f,-2.614159627467654f,-0.25881904510252085f,0.7831789506912328f,-0.5653701735026344f,-1.6331598360151616f,0f,0f,0f,1f], start_interpolation: 0, interpolation_duration: 1 }
$data merge entity $(bone_rearfootright) { transformation: [-0.9659258262890683f,-0.23032483742614812f,0.11805832191082173f,-0.6016503060453591f,6.938893903907228e-18f,0.4561423285680449f,0.8899068356229891f,-1.9453308869058434f,-0.25881904510252085f,0.8595839955194259f,-0.4405996556275084f,-1.8286240998191454f,0f,0f,0f,1f], start_interpolation: 0, interpolation_duration: 1 }
$data merge entity $(bone_rearlegtipright) { transformation: [-0.9659258262890683f,-0.2581937067242009f,-0.01798076516164147f,-0.9190905790900241f,6.938893903907228e-18f,-0.06947234178427286f,0.9975838780408438f,-2.077152221067669f,-0.25881904510252085f,0.9635920316892552f,0.06710512914221035f,-0.8854023290201858f,0f,0f,0f,1f], start_interpolation: 0, interpolation_duration: 1 }
$data merge entity $(bone_tail11) { transformation: [-0.2918965220782461f,-0.01253773429601428f,-0.030333112769723784f,0.5335906727916647f,-0.025653501139374556f,0.2581798993950239f,0.1412680684628186f,-2.3038500525707937f,0.02224864420180681f,0.1745814264308253f,-0.28081086527293886f,-7.977176112213942f,0f,0f,0f,1f], start_interpolation: 0, interpolation_duration: 1 }
$data merge entity $(bone_tail10) { transformation: [-0.3908904427820168f,-0.024214491409954013f,-0.0025568021301263996f,0.5350288739898609f,-0.023812983355554183f,0.37414048582212345f,0.12083626390249122f,-2.371820451015945f,-0.00621251446300268f,0.15606788193881718f,-0.41334579105971525f,-7.744669104742853f,0f,0f,0f,1f], start_interpolation: 0, interpolation_duration: 1 }
$data merge entity $(bone_tail9) { transformation: [-0.4867184396104273f,-0.03031946376925224f,0.043069477157106656f,0.5108022930889884f,-0.024817561661589754f,0.48795637707110445f,0.060859316704859334f,-2.4060538166624283f,-0.05277454527495274f,0.0924271682514012f,-0.5419880134416529f,-7.439800847181923f,0f,0f,0f,1f], start_interpolation: 0, interpolation_duration: 1 }
$data merge entity $(bone_tail8) { transformation: [-0.5677798053764508f,-0.02534016253746164f,0.0933053671612177f,0.4583180240608034f,-0.031668395947997315f,0.5771766083433484f,-0.03735424277115949f,-2.3850420551036513f,-0.1036025831011664f,-0.01499641740513874f,-0.6413237883837442f,-7.079056216216067f,0f,0f,0f,1f], start_interpolation: 0, interpolation_duration: 1 }
$data merge entity $(bone_tail7) { transformation: [-0.6636060508804128f,-0.008309478721338507f,0.1367064400671733f,0.3814206515230184f,-0.04326865686910703f,0.6581558740804841f,-0.1713520512192403f,-2.2886565262928285f,-0.1475633346606379f,-0.1613452225379735f,-0.7325491104042754f,-6.666997341613662f,0f,0f,0f,1f], start_interpolation: 0, interpolation_duration: 1 }
$data merge entity $(bone_tail6) { transformation: [-0.7807912872098606f,0.01002877764018915f,0.16043500694546864f,0.2911759601161923f,-0.050760489011559634f,0.7437209775007821f,-0.29508405649193525f,-2.122671744516115f,-0.17319838663509649f,-0.2941126189022793f,-0.8321101122036108f,-6.198935403499131f,0f,0f,0f,1f], start_interpolation: 0, interpolation_duration: 1 }
$data merge entity $(bone_tail5) { transformation: [-0.8711795268605222f,0.020861376000732648f,0.1585814443686974f,0.20197389765879997f,-0.0483305593326091f,0.8072183106977737f,-0.3736423197230522f,-1.9124979396718982f,-0.17281655157393358f,-0.3767951386956808f,-0.9092913001835956f,-5.687459047145858f,0f,0f,0f,1f], start_interpolation: 0, interpolation_duration: 1 }
$data merge entity $(bone_tail4) { transformation: [-0.9741682627406416f,0.014705596279104928f,0.1390833837572376f,0.12373949429535383f,-0.03911006809437612f,0.9157805682546815f,-0.37350041469167367f,-1.7024039564078317f,-0.15158231016446755f,-0.3697452447757389f,-1.0359601760620238f,-5.10473144811097f,0f,0f,0f,1f], start_interpolation: 0, interpolation_duration: 1 }
$data merge entity $(bone_tail3) { transformation: [-1.0887999422900594f,0.009330283932532933f,0.10092551844738223f,0.06696889016870132f,-0.025016022704929607f,1.035269821767031f,-0.37024281011636684f,-1.4941423757173753f,-0.10992181111033747f,-0.35832351463575074f,-1.1754245921376483f,-4.443555115033543f,0f,0f,0f,1f], start_interpolation: 0, interpolation_duration: 1 }
$data merge entity $(bone_tail2) { transformation: [-1.2129508262441677f,0.005636250170340892f,0.07045123257720312f,0.02734007184402457f,-0.015203699731865316f,1.166600596725696f,-0.36332955967405794f,-1.2897694984007178f,-0.07622489726153142f,-0.3427949876972141f,-1.3250732196274533f,-3.6982014289931002f,0f,0f,0f,1f], start_interpolation: 0, interpolation_duration: 1 }
$data merge entity $(bone_tail1) { transformation: [-1.3494743117372607f,0.003232740316054321f,0.037856808976877515f,0.00604561679453097f,-0.006249833037287569f,1.310855506877258f,-0.3536540913693648f,-1.09083907200545f,-0.0399254193864476f,-0.3237019292561683f,-1.4877990719792495f,-2.8613144510047723f,0f,0f,0f,1f], start_interpolation: 0, interpolation_duration: 1 }
$data merge entity $(bone_tail0) { transformation: [-1.4999630509752313f,0.0021166264300075217f,0.011688486048057965f,2.4492935982947064e-16f,0f,1.469374222160402f,-0.34176980704951027f,-0.53125f,-0.010528328883339676f,-0.30155416618423503f,-1.6652497645348112f,-2f,0f,0f,0f,1f], start_interpolation: 0, interpolation_duration: 1 }