# This file was generated by Animated Java via MC-Build. It is not recommended to edit this file directly.
$data merge entity $(bone_leftwing20) { transformation: [-0.4402494129670057f,-2.029357027209554f,-2.107042149936379f,1.2622286743697917f,-0.4294346540768499f,2.152517555465638f,-1.9834288901801451f,0.2858441004090749f,2.893700475752668f,0.010693018215096915f,-0.6149140810725908f,2.4578760821437022f,0f,0f,0f,1f], start_interpolation: 0, interpolation_duration: 1 }
$data merge entity $(bone_leftwing21) { transformation: [-0.2549196272334434f,-2.0292481279099244f,-2.137279786201275f,1.2622286743697917f,-0.25491962723344325f,2.1524020471292107f,-2.0132010025440796f,0.2858441004090749f,2.9361247985706718f,0.010692444406654667f,-0.3603521948459399f,2.4578760821437022f,0f,0f,0f,1f], start_interpolation: 0, interpolation_duration: 1 }
$data merge entity $(bone_leftwing22) { transformation: [-0.06780404767609027f,-2.033166501922039f,-2.1555186752671105f,1.2622286743697917f,-0.07863910784884989f,2.1565582250401794f,-2.0316733707888996f,0.2858441004090749f,2.962067297459651f,0.010713090968163225f,-0.10327985208370731f,2.4578760821437022f,0f,0f,0f,1f], start_interpolation: 0, interpolation_duration: 1 }
$data merge entity $(bone_leftwing23) { transformation: [0.11840288939535808f,-2.000774533868574f,-2.1189210614957474f,1.2622286743697917f,0.09715916030448593f,2.1222004067971074f,-1.998441886921799f,0.2858441004090749f,2.912642322324559f,0.010542412324743436f,0.15280053727201753f,2.4578760821437022f,0f,0f,0f,1f], start_interpolation: 0, interpolation_duration: 1 }
$data merge entity $(bone_leftwing1) { transformation: [-0.28261537058257397f,-1.3719596803670222f,1.4275346537852216f,0.8383056184959308f,-0.2566923212754294f,1.4552231360894452f,1.3477517116992401f,-0.09919438150406923f,-1.9632212316773439f,0.007229082736966928f,-0.38171997046798045f,-0.48695576537231355f,0f,0f,0f,1f], start_interpolation: 0, interpolation_duration: 1 }
$data merge entity $(bone_leftwing) { transformation: [-0.10053707899728725f,-0.8003098135474297f,-0.8429161341423491f,0.6874999999999999f,-0.10053707899728717f,0.848880162718843f,-0.793981030126183f,-0.25f,1.157970510248209f,0.0042169649298973745f,-0.14211835107892848f,1.25f,0f,0f,0f,1f], start_interpolation: 0, interpolation_duration: 1 }
$data merge entity $(bone_rightwing20) { transformation: [-0.44024941296700487f,2.029357027209554f,2.1070421499363796f,-1.2622286743697924f,0.4294346540768499f,2.152517555465638f,-1.9834288901801451f,0.2858441004090749f,-2.893700475752668f,0.010693018215097412f,-0.6149140810725904f,2.4578760821437022f,0f,0f,0f,1f], start_interpolation: 0, interpolation_duration: 1 }
$data merge entity $(bone_rightwing21) { transformation: [-0.2549333074574062f,2.029357027209554f,2.137394483003814f,-1.2622286743697924f,0.25493330745740683f,2.152517555465638f,-2.0133090406771075f,0.2858441004090749f,-2.936282365272245f,0.010693018215097412f,-0.36037153309299697f,2.4578760821437022f,0f,0f,0f,1f], start_interpolation: 0, interpolation_duration: 1 }
$data merge entity $(bone_rightwing22) { transformation: [-0.06767700554511688f,2.029357027209554f,2.151479953461514f,-1.2622286743697924f,0.07849176443527338f,2.152517555465638f,-2.02786669370528f,0.2858441004090749f,-2.956517373016333f,0.010693018215097412f,-0.10308634014828481f,2.4578760821437022f,0f,0f,0f,1f], start_interpolation: 0, interpolation_duration: 1 }
$data merge entity $(bone_rightwing23) { transformation: [0.11840288939535885f,2.000774533868574f,2.118921061495747f,-1.2622286743697924f,-0.09715916030448593f,2.1222004067971074f,-1.998441886921799f,0.2858441004090749f,-2.912642322324559f,0.010542412324743927f,0.15280053727201803f,2.4578760821437022f,0f,0f,0f,1f], start_interpolation: 0, interpolation_duration: 1 }
$data merge entity $(bone_rightwing1) { transformation: [-0.28261537058257447f,1.3719596803670222f,-1.4275346537852214f,-0.8383056184959305f,0.2566923212754294f,1.4552231360894452f,1.3477517116992401f,-0.09919438150406923f,1.9632212316773439f,0.0072290827369672645f,-0.3817199704679808f,-0.48695576537231355f,0f,0f,0f,1f], start_interpolation: 0, interpolation_duration: 1 }
$data merge entity $(bone_rightwing) { transformation: [-0.10053707899728696f,0.8003098135474297f,0.8429161341423491f,-0.6875000000000001f,0.10053707899728717f,0.848880162718843f,-0.793981030126183f,-0.25f,-1.157970510248209f,0.004216964929897571f,-0.14211835107892828f,1.25f,0f,0f,0f,1f], start_interpolation: 0, interpolation_duration: 1 }
$data merge entity $(bone_head) { transformation: [-1.2269070000000002f,-6.4063136984899646e-18f,1.5011613820989008e-16f,-4.2581101959279027e-16f,0f,1.2257912919415364f,0.05231152119084682f,-0.38064107278374465f,-1.5025277304014817e-16f,0.05231152119084682f,-1.2257912919415364f,3.4770108400990103f,0f,0f,0f,1f], start_interpolation: 0, interpolation_duration: 1 }
$data merge entity $(bone_neck4) { transformation: [-1.0497600000000002f,5.545995186789218e-17f,1.1598054758111417e-16f,-4.16829111873099e-16f,0f,0.94705304143092f,-0.4528648742356211f,-0.3793497198787547f,-1.2855852238729257e-16f,-0.4528648742356211f,-0.94705304143092f,3.403667997689715f,0f,0f,0f,1f], start_interpolation: 0, interpolation_duration: 1 }
$data merge entity $(bone_neck3) { transformation: [-1.1664000000000003f,6.388355563970542e-17f,1.2776133056783353e-16f,-3.6093352974967184e-16f,0f,1.0432504347930027f,-0.5216488189426017f,-0.607571078166143f,-1.428428026525473e-16f,-0.5216488189426017f,-1.0432504347930027f,2.947245932467776f,0f,0f,0f,1f], start_interpolation: 0, interpolation_duration: 1 }
$data merge entity $(bone_neck2) { transformation: [-1.2960000000000003f,6.598425929869599e-17f,1.443477841740435e-16f,-3.2484658370616095e-16f,0f,1.1786891067248455f,-0.5388023660751557f,-0.7422716696849319f,-1.58714225169497e-16f,-0.5388023660751557f,-1.1786891067248455f,2.6525736557865645f,0f,0f,0f,1f], start_interpolation: 0, interpolation_duration: 1 }
$data merge entity $(bone_neck1) { transformation: [-1.4400000000000002f,5.68396101872519e-17f,1.6693794525822325e-16f,-2.8311209739160513e-16f,0f,1.3631517705713347f,-0.4641306393551663f,-0.8583043295237234f,-1.7634913907721887e-16f,-0.4641306393551663f,-1.3631517705713347f,2.3117857131437307f,0f,0f,0f,1f], start_interpolation: 0, interpolation_duration: 1 }
$data merge entity $(bone_neck0) { transformation: [-1.6f,3.659497849718641e-17f,1.9249586485151838e-16f,-2.372753173347997e-16f,0f,1.571848021695247f,-0.2988206764812945f,-1.03125f,-1.9594348786357652e-16f,-0.2988206764812945f,-1.571848021695247f,1.9375f,0f,0f,0f,1f], start_interpolation: 0, interpolation_duration: 1 }
$data merge entity $(bone_frontlegl) { transformation: [-0.9659258262890683f,-0.12453643885470264f,0.226887579001517f,0.4422350171657595f,0f,0.876626288887066f,0.48117185041530675f,-0.8092577966264343f,-0.2588190451025208f,0.4647763171994451f,-0.8467559724399586f,1.419828235032796f,0f,0f,0f,1f], start_interpolation: 0, interpolation_duration: 1 }
$data merge entity $(bone_frontlegtipleft) { transformation: [-0.9659258262890683f,0.25331540730130436f,0.053090512632248704f,0.8899906978087854f,0f,0.20512598912966024f,-0.9787355764370571f,-1.7402635094936993f,-0.2588190451025208f,-0.9453859703884719f,-0.19813649054342952f,0.7147071117845073f,0f,0f,0f,1f], start_interpolation: 0, interpolation_duration: 1 }
$data merge entity $(bone_frontfootleftd) { transformation: [-0.9659258262890688f,-0.11315985355652759f,0.23277058587984412f,0.41629176257616507f,1.9973264244017596e-16f,0.8993564820071155f,0.43721610019735646f,-2.3363248457474968f,-0.25881904510252074f,0.4223183228500156f,-0.8687116530111528f,2.4416976245953714f,0f,0f,0f,1f], start_interpolation: 0, interpolation_duration: 1 }
$data merge entity $(bone_frontfootleft) { transformation: [0.9659258262890688f,0.08324583588776682f,0.24506617252311194f,0.5299808339108538f,-8.377537057834614e-17f,-0.9468629807595449f,0.32163721126006195f,-2.130634176550425f,0.2588190451025208f,-0.31067768905168686f,-0.9145994070726937f,2.0582822150775444f,0f,0f,0f,1f], start_interpolation: 0, interpolation_duration: 1 }
$data merge entity $(bone_frontlegr) { transformation: [-0.9659258262890683f,0.17264504975260572f,-0.1928237145781112f,-0.8749871490538356f,0f,0.7450136233279585f,0.6670492493480122f,-0.8767837579764645f,0.25881904510252063f,0.6443200973519816f,-0.719627899709671f,1.5625475613170365f,0f,0f,0f,1f], start_interpolation: 0, interpolation_duration: 1 }
$data merge entity $(bone_frontlegtipright) { transformation: [-0.9659258262890683f,-0.18513692963983294f,-0.18086352697909036f,-0.8719860594202394f,0f,0.6988030069713327f,-0.7153141669559073f,-1.579438532455564f,0.25881904510252063f,-0.6909404277731613f,-0.6749918719220702f,0.6078219540186167f,0f,0f,0f,1f], start_interpolation: 0, interpolation_duration: 1 }
$data merge entity $(bone_frontfootrightd) { transformation: [-0.9659258262890683f,0.047879456742228446f,-0.2543518345321098f,-0.5430300132109367f,1.2670945300116754e-16f,0.9827400237542743f,0.18499201526403447f,-2.8874656276173685f,0.2588190451025208f,0.17868856520079246f,-0.949253969472186f,1.8763806128972642f,0f,0f,0f,1f], start_interpolation: 0, interpolation_duration: 1 }
$data merge entity $(bone_frontfootright) { transformation: [0.9659258262890683f,-0.1365386968680871f,-0.21987378735389373f,-0.6256095104832808f,-2.267239120276232e-17f,-0.849527078916467f,0.5275450143709587f,-2.5945245939375736f,-0.25881904510252074f,-0.5095693539109467f,-0.820580145657327f,1.5273117524448268f,0f,0f,0f,1f], start_interpolation: 0, interpolation_duration: 1 }
$data merge entity $(bone_rearlegl) { transformation: [-1.0464196451464907f,-0.0576991753546762f,-0.27438630163693295f,-0.023805860858277073f,-3.758567531283082e-18f,1.0601472605242244f,-0.22293249452265396f,-0.5534725637484075f,0.280387298861064f,-0.21533625397847772f,-1.0240236186099536f,-1.4901053090504592f,0f,0f,0f,1f], start_interpolation: 0, interpolation_duration: 1 }
$data merge entity $(bone_rearfootleftd) { transformation: [-0.9659258262890683f,-0.03728802592740234f,-0.25611892009419757f,0.6555980088116822f,-3.469446951953614e-18f,0.9895675180810073f,-0.14406986901845736f,-2.9656040477688634f,0.25881904510252063f,-0.13916080727501118f,-0.9558488225712196f,-1.6108315708782053f,0f,0f,0f,1f], start_interpolation: 0, interpolation_duration: 1 }
$data merge entity $(bone_rearfootleft) { transformation: [-0.9659258262890683f,0.2051017647163117f,-0.1578624851509544f,0.57270527085994f,-3.469446951953614e-18f,0.6099338056379261f,0.7924523662277984f,-2.3445513202825112f,0.25881904510252063f,0.7654502066433135f,-0.5891508151924497f,-1.9201914804926001f,0f,0f,0f,1f], start_interpolation: 0, interpolation_duration: 1 }
$data merge entity $(bone_rearlegtipleft) { transformation: [-0.9659258262890683f,0.24083277378563578f,-0.09479912013567099f,0.7590926255109886f,-3.469446951953614e-18f,0.36627567379409887f,0.9305063840655146f,-2.036432295492507f,0.25881904510252063f,0.8988001478957354f,-0.35379513285915015f,-0.9831029464742604f,0f,0f,0f,1f], start_interpolation: 0, interpolation_duration: 1 }
$data merge entity $(bone_rearlegr) { transformation: [-1.0464196451464907f,0.0951607235080531f,0.26374509296672727f,-1.2958521415877304f,0f,1.0190327874142924f,-0.36767280193912694f,-0.5861622987388129f,-0.2803872988610642f,-0.3551446550170681f,-0.9843100871988029f,-1.894123601162379f,0f,0f,0f,1f], start_interpolation: 0, interpolation_duration: 1 }
$data merge entity $(bone_rearfootrightd) { transformation: [-0.9659258262890683f,0.03389526487083741f,0.2565899630287913f,-0.6653893568077194f,0f,0.9913874882242666f,-0.13096124691060185f,-2.591156794251166f,-0.25881904510252085f,-0.12649885063396976f,-0.9576067787356686f,-1.5907467239478044f,0f,0f,0f,1f], start_interpolation: 0, interpolation_duration: 1 }
$data merge entity $(bone_rearfootright) { transformation: [-0.9659258262890683f,-0.22952283147669889f,0.11961006620974501f,-0.6118477902231071f,0f,0.4621378081445524f,0.8868081225853476f,-1.9237089839556705f,-0.25881904510252085f,0.8565908685681092f,-0.44639084419144565f,-1.7905665707584095f,0f,0f,0f,1f], start_interpolation: 0, interpolation_duration: 1 }
$data merge entity $(bone_rearlegtipright) { transformation: [-0.9659258262890683f,-0.2579877667052613f,-0.020727043643809683f,-0.9289104808436971f,0f,-0.0800831470327058f,0.9967881869090033f,-2.066091392670189f,-0.25881904510252085f,0.9628234530752613f,0.07735437996939533f,-0.848753956750143f,0f,0f,0f,1f], start_interpolation: 0, interpolation_duration: 1 }
$data merge entity $(bone_tail11) { transformation: [-0.29148881458944476f,-0.007085653839585012f,-0.03558820895642265f,0.5374782487189206f,-0.02374380831787827f,0.2562785797695643f,0.1448897882952748f,-2.2508909323192405f,0.030443716907146263f,0.1783553202749232f,-0.27771477200461536f,-7.991040060154601f,0f,0f,0f,1f], start_interpolation: 0, interpolation_duration: 1 }
$data merge entity $(bone_tail10) { transformation: [-0.3910518008278252f,-0.018395570808318024f,-0.01145099025646169f,0.5439194307381803f,-0.02098209572356083f,0.3724757344753052f,0.12612281674155462f,-2.321835016736365f,0.005565314013481981f,0.16216681975342934f,-0.4110752167999327f,-7.759810250704639f,0f,0f,0f,1f], start_interpolation: 0, interpolation_duration: 1 }
$data merge entity $(bone_tail9) { transformation: [-0.48785804293507157f,-0.025306864054082622f,0.032055917504146936f,0.5258879771420977f,-0.02052812831972861f,0.48714719781255594f,0.06772827520429262f,-2.3599321715387793f,-0.03937287680481279f,0.10073099996593846f,-0.5417359698166304f,-7.455083767682784f,0f,0f,0f,1f], start_interpolation: 0, interpolation_duration: 1 }
$data merge entity $(bone_tail8) { transformation: [-0.5695086627270196f,-0.022029821492308678f,0.0830817842654633f,0.4791544734927746f,-0.02628716540124631f,0.5777883480746806f,-0.029357802398151903f,-2.343418407689819f,-0.09193333499561678f,-0.005279774561904177f,-0.6433565716766771f,-7.093195696114654f,0f,0f,0f,1f], start_interpolation: 0, interpolation_duration: 1 }
$data merge entity $(bone_tail7) { transformation: [-0.6649714981931153f,-0.006752483899029502f,0.13002472326340914f,0.406015566657107f,-0.03804405351191186f,0.660609336476745f,-0.1623536571223303f,-2.252094475558508f,-0.1404082205127353f,-0.1508017216714144f,-0.7363175009541665f,-6.6790171018279345f,0f,0f,0f,1f], start_interpolation: 0, interpolation_duration: 1 }
$data merge entity $(bone_tail6) { transformation: [-0.7811836697537804f,0.010988048233448377f,0.15848661005666337f,0.31686684850023383f,-0.046839374133148946f,0.7476870180418991f,-0.28509021724731287f,-2.0917312283568945f,-0.17129515145051102f,-0.28292582932927185f,-0.8365239483921375f,-6.208472380857357f,0f,0f,0f,1f], start_interpolation: 0, interpolation_duration: 1 }
$data merge entity $(bone_tail5) { transformation: [-0.8707019568479512f,0.021992299464220894f,0.16107726064547517f,0.22626088938715402f,-0.04617159070731367f,0.8118426539033736f,-0.363314278118372f,-1.8873669469153105f,-0.1755711977073407f,-0.36561304967067f,-0.9134913830045176f,-5.694633477917316f,0f,0f,0f,1f], start_interpolation: 0, interpolation_duration: 1 }
$data merge entity $(bone_tail4) { transformation: [-0.9731551750481578f,0.016074834394713952f,0.14591995447498374f,0.14418091499497568f,-0.038616691831353564f,0.9198675675967259f,-0.36281312847755814f,-1.683284562146684f,-0.15878178413397723f,-0.35852965193251574f,-1.0390065112763167f,-5.110192315324388f,0f,0f,0f,1f], start_interpolation: 0, interpolation_duration: 1 }
$data merge entity $(bone_tail3) { transformation: [-1.0878290291726334f,0.010771772995205937f,0.11087043721156084f,0.0818162940634727f,-0.02573299068426619f,1.0386863821007004f,-0.35980167958398346f,-1.4808961173806934f,-0.12024411609972079f,-0.3476306485078603f,-1.177826030153575f,-4.447665173363002f,0f,0f,0f,1f], start_interpolation: 0, interpolation_duration: 1 }
$data merge entity $(bone_tail2) { transformation: [-1.2122751997608443f,0.006995737101794796f,0.08131329758117542f,0.03607756417406152f,-0.016256750664376426f,1.1692656701071593f,-0.35374047040076056f,-1.2819171027802656f,-0.08734434871486979f,-0.33321657099509744f,-1.3270515887759857f,-3.70119865467651f,0f,0f,0f,1f], start_interpolation: 0, interpolation_duration: 1 }
$data merge entity $(bone_tail1) { transformation: [-1.3491753973119744f,0.004449972497001868f,0.047580576659164445f,0.00931348980328152f,-0.007051875938165187f,1.3127414403538114f,-0.34547079508828965f,-1.0875897805431027f,-0.049586099884740026f,-0.3158432307461182f,-1.489441646259539f,-2.8633877286555194f,0f,0f,0f,1f], start_interpolation: 0, interpolation_duration: 1 }
$data merge entity $(bone_tail0) { transformation: [-1.4999127357205353f,0.0031930596192928204f,0.01797645281440797f,2.4492935982947064e-16f,0f,1.4705000088024818f,-0.33549293927552404f,-0.53125f,-0.01617977822281344f,-0.2960059602139263f,-1.6664697221493348f,-2f,0f,0f,0f,1f], start_interpolation: 0, interpolation_duration: 1 }