# This file was generated by Animated Java via MC-Build. It is not recommended to edit this file directly.
$data merge entity $(bone_leftwing20) { transformation: [-0.4420073138440887f,-2.0078999301114204f,-2.1271350489045115f,1.2685492245886945f,-0.42755144522267485f,2.1725261075322173f,-1.9619037144798996f,0.27907300410286795f,2.8937113552162472f,0.014293140332933416f,-0.6147897282348557f,2.457836964923384f,0f,0f,0f,1f], start_interpolation: 0, interpolation_duration: 1 }
$data merge entity $(bone_leftwing21) { transformation: [-0.25491962723344314f,-2.0077921822419316f,-2.1574483544360192f,1.2685492245886945f,-0.2549196272334434f,2.1724095254974327f,-1.9915947636651696f,0.27907300410286795f,2.936124798570672f,0.014292373334839494f,-0.3602273736990748f,2.457836964923384f,0f,0f,0f,1f], start_interpolation: 0, interpolation_duration: 1 }
$data merge entity $(bone_leftwing22) { transformation: [-0.06604284689719116f,-2.0116691259238886f,-2.1756492922855872f,1.2685492245886945f,-0.08052585183085731f,2.176604336822525f,-2.0101077883926353f,0.27907300410286795f,2.962056397573327f,0.014319971174392194f,-0.10315526581292676f,2.457836964923384f,0f,0f,0f,1f], start_interpolation: 0, interpolation_duration: 1 }
$data merge entity $(bone_leftwing23) { transformation: [0.12185598256004807f,-1.9796196494056257f,-2.1385045259820976f,1.2685492245886945f,0.09345992122518965f,2.1419271482711997f,-1.9774624595849677f,0.27907300410286795f,2.912620951494264f,0.014091828497258298f,0.15292173727334285f,2.457836964923384f,0f,0f,0f,1f], start_interpolation: 0, interpolation_duration: 1 }
$data merge entity $(bone_leftwing1) { transformation: [-0.2868290707285093f,-1.3574534738781434f,1.440503089354959f,0.8383056184959305f,-0.2521782570712914f,1.4687500445288229f,1.3338588506124127f,-0.09919438150406915f,-1.9631951535304653f,0.00966296811240569f,-0.38180023075130953f,-0.48695576537231355f,0f,0f,0f,1f], start_interpolation: 0, interpolation_duration: 1 }
$data merge entity $(bone_leftwing) { transformation: [-0.10053707899728713f,-0.7918478597622504f,-0.8508703625392932f,0.6874999999999999f,-0.10053707899728724f,0.8567708593084801f,-0.7854598025982062f,-0.25f,1.1579705102482092f,0.005636731398903319f,-0.14206912319624604f,1.25f,0f,0f,0f,1f], start_interpolation: 0, interpolation_duration: 1 }
$data merge entity $(bone_rightwing20) { transformation: [-0.4420073138440881f,2.0078999301114204f,2.127135048904512f,-1.2685492245886951f,0.42755144522267485f,2.1725261075322173f,-1.9619037144798996f,0.27907300410286795f,-2.8937113552162477f,0.014293140332933909f,-0.6147897282348552f,2.457836964923384f,0f,0f,0f,1f], start_interpolation: 0, interpolation_duration: 1 }
$data merge entity $(bone_rightwing21) { transformation: [-0.25493330745740594f,2.0078999301114204f,2.1575641335817797f,-1.2685492245886951f,0.254933307457407f,2.1725261075322173f,-1.9917016423025948f,0.27907300410286795f,-2.936282365272245f,0.014293140332933909f,-0.36024670524762353f,2.457836964923384f,0f,0f,0f,1f], start_interpolation: 0, interpolation_duration: 1 }
$data merge entity $(bone_rightwing22) { transformation: [-0.06591910466803338f,2.0078999301114204f,2.1715728524296467f,-1.2685492245886951f,0.08037497328944862f,2.1725261075322173f,-2.0063415180050344f,0.27907300410286795f,-2.9565064935527543f,0.014293140332933909f,-0.10296198731054952f,2.457836964923384f,0f,0f,0f,1f], start_interpolation: 0, interpolation_duration: 1 }
$data merge entity $(bone_rightwing23) { transformation: [0.1218559825600488f,1.9796196494056257f,2.1385045259820976f,-1.2685492245886951f,-0.09345992122518965f,2.1419271482711997f,-1.9774624595849677f,0.27907300410286795f,-2.912620951494264f,0.014091828497258783f,0.15292173727334332f,2.457836964923384f,0f,0f,0f,1f], start_interpolation: 0, interpolation_duration: 1 }
$data merge entity $(bone_rightwing1) { transformation: [-0.2868290707285098f,1.3574534738781434f,-1.440503089354959f,-0.8383056184959303f,0.2521782570712914f,1.4687500445288229f,1.3338588506124127f,-0.09919438150406915f,1.9631951535304653f,0.009662968112406023f,-0.38180023075130987f,-0.48695576537231355f,0f,0f,0f,1f], start_interpolation: 0, interpolation_duration: 1 }
$data merge entity $(bone_rightwing) { transformation: [-0.10053707899728684f,0.7918478597622504f,0.8508703625392932f,-0.6875000000000001f,0.10053707899728724f,0.8567708593084801f,-0.7854598025982062f,-0.25f,-1.1579705102482092f,0.005636731398903513f,-0.14206912319624584f,1.25f,0f,0f,0f,1f], start_interpolation: 0, interpolation_duration: 1 }
$data merge entity $(bone_head) { transformation: [-1.2269070000000002f,-5.757604832923171e-18f,1.5014241836617052e-16f,-4.2594684076759107e-16f,0f,1.226005885702764f,0.0470144113137916f,-0.3836967030816778f,-1.5025277304014817e-16f,0.0470144113137916f,-1.226005885702764f,3.478119904156463f,0f,0f,0f,1f], start_interpolation: 0, interpolation_duration: 1 }
$data merge entity $(bone_neck4) { transformation: [-1.0497600000000002f,5.596058392552442e-17f,1.1573982341924641e-16f,-4.169643335562155e-16f,0f,0.9450873794781405f,-0.45695284521615825f,-0.38272227529899583f,-1.2855852238729257e-16f,-0.45695284521615825f,-0.9450873794781405f,3.404772166526074f,0f,0f,0f,1f], start_interpolation: 0, interpolation_duration: 1 }
$data merge entity $(bone_neck3) { transformation: [-1.1664000000000003f,6.455951776356969e-17f,1.2742109297824242e-16f,-3.6121760537823447e-16f,0f,1.04047218403672f,-0.5271684685618624f,-0.6133584802948107f,-1.428428026525473e-16f,-0.5271684685618624f,-1.04047218403672f,2.949565586010009f,0f,0f,0f,1f], start_interpolation: 0, interpolation_duration: 1 }
$data merge entity $(bone_neck2) { transformation: [-1.2960000000000003f,6.580752716960341e-17f,1.4442844123986003e-16f,-3.2511049506826943e-16f,0f,1.179347721648534f,-0.5373592387243503f,-0.7476982899758983f,-1.58714225169497e-16f,-0.5373592387243503f,-1.179347721648534f,2.6547286555978755f,0f,0f,0f,1f], start_interpolation: 0, interpolation_duration: 1 }
$data merge entity $(bone_neck1) { transformation: [-1.4400000000000002f,5.55158816781235e-17f,1.6738281194548286e-16f,-2.832647920818987e-16f,0f,1.3667843827462849f,-0.4533215757945542f,-0.8610286839245368f,-1.7634913907721887e-16f,-0.4533215757945542f,-1.3667843827462849f,2.313032559911304f,0f,0f,0f,1f], start_interpolation: 0, interpolation_duration: 1 }
$data merge entity $(bone_neck0) { transformation: [-1.6f,3.5195219956976317e-17f,1.9275670397764021e-16f,-2.372753173347997e-16f,0f,1.5739779347959342f,-0.2873907806028693f,-1.03125f,-1.9594348786357652e-16f,-0.2873907806028693f,-1.5739779347959342f,1.9375f,0f,0f,0f,1f], start_interpolation: 0, interpolation_duration: 1 }
$data merge entity $(bone_frontlegl) { transformation: [-0.9659258262890683f,-0.12228267601526882f,0.2281101603487348f,0.44240360696336756f,0f,0.8813499804791338f,0.4724639794835478f,-0.8092390752420285f,-0.25881904510252085f,0.45636515977446734f,-0.8513187081441616f,1.419199049342485f,0f,0f,0f,1f], start_interpolation: 0, interpolation_duration: 1 }
$data merge entity $(bone_frontlegtipleft) { transformation: [-0.9659258262890683f,0.25330475494871274f,0.05314131376013659f,0.8873965405435345f,0f,0.20532226961538624f,-0.9786944189071409f,-1.7466817054979094f,-0.25881904510252085f,-0.9453462152673797f,-0.19832608293378878f,0.7243886385012479f,0f,0f,0f,1f], start_interpolation: 0, interpolation_duration: 1 }
$data merge entity $(bone_frontfootleftd) { transformation: [-0.9659258262890688f,-0.11267643999350148f,0.23300497414899002f,0.41319556572011423f,2.0009924364943037e-16f,0.9002620887373046f,0.4353483336161349f,-2.3390515379657284f,-0.2588190451025208f,0.4205141988717341f,-0.8695864019403035f,2.453252788572388f,0f,0f,0f,1f], start_interpolation: 0, interpolation_duration: 1 }
$data merge entity $(bone_frontfootleft) { transformation: [0.9659258262890683f,0.0808140137470475f,0.24587881830257904f,0.5274069464439841f,-8.37574544688418e-17f,-0.9500028029435932f,0.3122413720174123f,-2.137331322848896f,0.25881904510252074f,-0.3016020052675512f,-0.9176322424102213f,2.0678880938768662f,0f,0f,0f,1f], start_interpolation: 0, interpolation_duration: 1 }
$data merge entity $(bone_frontlegr) { transformation: [-0.9659258262890683f,0.17815437338739484f,-0.1877453524077901f,-0.8749970094807085f,0f,0.7253923386257083f,0.6883356412849225f,-0.8758479317594118f,0.25881904510252063f,0.6648811730723546f,-0.7006751940707969f,1.5625107617029625f,0f,0f,0f,1f], start_interpolation: 0, interpolation_duration: 1 }
$data merge entity $(bone_frontlegtipright) { transformation: [-0.9659258262890683f,-0.18409118714329528f,-0.18192782339145605f,-0.8778120365110625f,0f,0.7029151325374559f,-0.7112737282156925f,-1.5529707870142222f,0.25881904510252063f,-0.6870376636444488f,-0.678963880207332f,0.5860791115119326f,0f,0f,0f,1f], start_interpolation: 0, interpolation_duration: 1 }
$data merge entity $(bone_frontfootrightd) { transformation: [-0.9659258262890683f,0.043022037043695796f,-0.25521834267229215f,-0.5526082815219147f,1.2410154289082585e-16f,0.9860879541194416f,0.1662243867202824f,-2.8767249326806206f,0.2588190451025208f,0.16056042809218263f,-0.9524878218765185f,1.8406340289121672f,0f,0f,0f,1f], start_interpolation: 0, interpolation_duration: 1 }
$data merge entity $(bone_frontfootright) { transformation: [0.9659258262890683f,-0.14284616983389f,-0.2158292609253159f,-0.6329541655295154f,-2.1978218291652877e-17f,-0.833900228786579f,0.551915218516115f,-2.57352776884408f,-0.25881904510252074f,-0.5331091634866902f,-0.8054857675333194f,1.4999011266482118f,0f,0f,0f,1f], start_interpolation: 0, interpolation_duration: 1 }
$data merge entity $(bone_rearlegl) { transformation: [-1.0464196451464907f,-0.052248979588365205f,-0.27547609967940634f,-0.02310856346705137f,0f,1.0643579168228818f,-0.2018745551266094f,-0.549718499228331f,0.28038729886106395f,-0.19499584646740825f,-1.0280908002744535f,-1.4875029597584197f,0f,0f,0f,1f], start_interpolation: 0, interpolation_duration: 1 }
$data merge entity $(bone_rearfootleftd) { transformation: [-0.9659258262890683f,-0.03115334865606298f,-0.2569372821824314f,0.6446578393288886f,0f,0.9927294263861308f,-0.12036729616911623f,-2.965026505326658f,0.2588190451025206f,-0.11626588001033472f,-0.9589029914634962f,-1.6516608392314052f,0f,0f,0f,1f], start_interpolation: 0, interpolation_duration: 1 }
$data merge entity $(bone_rearfootleft) { transformation: [-0.9659258262890683f,0.2077284014931601f,-0.15438979668642966f,0.5644809042936133f,0f,0.5965163677397636f,0.8026009114239525f,-2.3386738327552203f,0.2588190451025206f,0.7752529485475407f,-0.5761905654039849f,-1.9508852343782022f,0f,0f,0f,1f], start_interpolation: 0, interpolation_duration: 1 }
$data merge entity $(bone_rearlegtipleft) { transformation: [-0.9659258262890683f,0.24227112127672934f,-0.0910604299522955f,0.7520729382992943f,0f,0.3518304841756356f,0.9360637320208159f,-2.045347331830886f,0.2588190451025206f,0.9041681338114357f,-0.33984215114103383f,-1.0093007758015444f,0f,0f,0f,1f], start_interpolation: 0, interpolation_duration: 1 }
$data merge entity $(bone_rearlegr) { transformation: [-1.0464196451464907f,0.10275547937427867f,0.2608799509758577f,-1.2951188825017124f,-7.517135062566164e-18f,1.0079627288344277f,-0.39701668528131767f,-0.5931351789171623f,-0.2803872988610642f,-0.3834886697809038f,-0.9736172317179788f,-1.8968601613265101f,0f,0f,0f,1f], start_interpolation: 0, interpolation_duration: 1 }
$data merge entity $(bone_rearfootrightd) { transformation: [-0.9659258262890683f,0.03586999302847636f,0.2563213641269837f,-0.6772136816329557f,-6.938893903907228e-18f,0.9903497017595914f,-0.13859101062005652f,-2.566958014525815f,-0.25881904510252085f,-0.13386863644941505f,-0.9566043539872656f,-1.5466177429348253f,0f,0f,0f,1f], start_interpolation: 0, interpolation_duration: 1 }
$data merge entity $(bone_rearfootright) { transformation: [-0.9659258262890683f,-0.22859503426321418f,0.12137383745264313f,-0.6223435476671653f,-6.938893903907228e-18f,0.4689524969252774f,0.883223389425092f,-1.9011228721804045f,-0.25881904510252085f,0.8531282822282635f,-0.4529733280828703f,-1.7513958707132657f,0f,0f,0f,1f], start_interpolation: 0, interpolation_duration: 1 }
$data merge entity $(bone_rearlegtipright) { transformation: [-0.9659258262890683f,-0.25777244389391346f,-0.023252210147423208f,-0.9390330925699315f,-6.938893903907228e-18f,-0.08983964119878729f,0.9959562434511233f,-2.053209778594887f,-0.25881904510252085f,0.9620198574032827f,0.08677842965845202f,-0.8109758554825439f,0f,0f,0f,1f], start_interpolation: 0, interpolation_duration: 1 }
$data merge entity $(bone_tail11) { transformation: [-0.2909391649105884f,-0.0016077898171732836f,-0.04045294135731583f,0.534721119912888f,-0.02188036378549358f,0.254051828192813f,0.148930334365435f,-2.1968703242663445f,0.03828326952805621f,0.1823814001680916f,-0.27416489075942285f,-8.004450095310458f,0f,0f,0f,1f], start_interpolation: 0, interpolation_duration: 1 }
$data merge entity $(bone_tail10) { transformation: [-0.3909342687069634f,-0.01243896462278361f,-0.020262163671309515f,0.5461185869779995f,-0.01832241358360242f,0.37050822565485253f,0.131956522507403f,-2.271095868176759f,0.017340721868213473f,0.16862542477011103f,-0.4082077940660208f,-7.774833211148321f,0f,0f,0f,1f], start_interpolation: 0, interpolation_duration: 1 }
$data merge entity $(bone_tail9) { transformation: [-0.48872509464215935f,-0.0200976099024993f,0.020576118235046098f,0.5345445204707862f,-0.016440872109987726f,0.4861054212728326f,0.07521385048515838f,-2.3134036590746603f,-0.025342389440863602f,0.10950190407802417f,-0.5409536996166403f,-7.470546755113961f,0f,0f,0f,1f], start_interpolation: 0, interpolation_duration: 1 }
$data merge entity $(bone_tail8) { transformation: [-0.5711728550589105f,-0.018587808935874632f,0.07178027042342193f,0.4941681183576113f,-0.02097876396687943f,0.5782631927124549f,-0.020792816158368546f,-2.301707699985578f,-0.0789493286747085f,0.004954332217960947f,-0.6451766580868065f,-7.107634884940133f,0f,0f,0f,1f], start_interpolation: 0, interpolation_duration: 1 }
$data merge entity $(bone_tail7) { transformation: [-0.6665601229442143f,-0.0052752226775467995f,0.12173916364381379f,0.42568983880796607f,-0.03264063171806909f,0.6630053221121808f,-0.15292900026653947f,-2.2156851373356496f,-0.13137562433812808f,-0.13977423736672517f,-0.7402656109424204f,-6.691235478785021f,0f,0f,0f,1f], start_interpolation: 0, interpolation_duration: 1 }
$data merge entity $(bone_tail6) { transformation: [-0.7819583205121725f,0.011637448527206783f,0.15462336095830487f,0.3387141982689196f,-0.04252547091402051f,0.7516071358071171f,-0.2748319831963624f,-2.0610921467876957f,-0.1671902243190596f,-0.27137602622401363f,-0.8413083891396957f,-6.217999509893942f,0f,0f,0f,1f], start_interpolation: 0, interpolation_duration: 1 }
$data merge entity $(bone_tail5) { transformation: [-0.8705925368274342f,0.022684147768761764f,0.16163295193079574f,0.24779566280784696f,-0.04353789139404924f,0.8163926939638375f,-0.3528654002768868f,-1.862605359131947f,-0.17611152977595185f,-0.3542242444974232f,-0.9180228045547555f,-5.701611682331892f,0f,0f,0f,1f], start_interpolation: 0, interpolation_duration: 1 }
$data merge entity $(bone_tail4) { transformation: [-0.9723778909818431f,0.01708815814937622f,0.1509820723308384f,0.16286824712175035f,-0.037662019980544595f,0.9238453699784646f,-0.35211972956672144f,-1.664538011250666f,-0.16399433975852679f,-0.347229418243667f,-1.0422029149925545f,-5.11537254264858f,0f,0f,0f,1f], start_interpolation: 0, interpolation_duration: 1 }
$data merge entity $(bone_tail3) { transformation: [-1.08692110482102f,0.011944191834363611f,0.11945778327159694f,0.09567324403147709f,-0.026097385011121924f,1.0419801688396966f,-0.34944394146670893f,-1.4679757941756422f,-0.12906759771964352f,-0.3369727542156187f,-1.1801757412943736f,-4.451523688170495f,0f,0f,0f,1f], start_interpolation: 0, interpolation_duration: 1 }
$data merge entity $(bone_tail2) { transformation: [-1.2115812295487454f,0.008163790028382245f,0.09117733342351148f,0.044385993980751874f,-0.017065689904072555f,1.1718137181134536f,-0.344318122939444f,-1.274296850022205f,-0.09737815072671864f,-0.3237750956282535f,-1.3288956152775655f,-3.704019904576864f,0f,0f,0f,1f], start_interpolation: 0, interpolation_duration: 1 }
$data merge entity $(bone_tail1) { transformation: [-1.348834889113746f,0.005542123692289539f,0.056722718248288194f,0.012479464966089768f,-0.007738474463266735f,1.3145327289196784f,-0.3375073702185867f,-1.08444895427425f,-0.05863190476102666f,-0.30818141016046374f,-1.4909444569952004f,-2.8653636475170634f,0f,0f,0f,1f], start_interpolation: 0, interpolation_duration: 1 }
$data merge entity $(bone_tail0) { transformation: [-1.4998440489983695f,0.004191456385239864f,0.024048584999821314f,2.4492935982947064e-16f,0f,1.4715658522650321f,-0.32943553992531904f,-0.53125f,-0.02162934775198532f,-0.29064819652091445f,-1.6676012384840746f,-2f,0f,0f,0f,1f], start_interpolation: 0, interpolation_duration: 1 }