# This file was generated by Animated Java via MC-Build. It is not recommended to edit this file directly.
$data merge entity $(bone_leftwing20) { transformation: [-0.4436608545480686f,-1.987318415008481f,-2.146035105635731f,1.2744945467594397f,-0.4257453270157665f,2.191343845189183f,-1.9412596889099702f,0.2725790879914101f,2.893724602269025f,0.01771385420440039f,-0.6146383137287406f,2.4577893350123743f,0f,0f,0f,1f], start_interpolation: 0, interpolation_duration: 1 }
$data merge entity $(bone_leftwing21) { transformation: [-0.2549196272334444f,-1.9872117715836755f,-2.176419588225067f,1.2744945467594397f,-0.2549196272334432f,2.1912262533574904f,-1.970872993302054f,0.2725790879914101f,2.9361247985706713f,0.017712903644055054f,-0.36007538897038277f,2.4577893350123743f,0f,0f,0f,1f], start_interpolation: 0, interpolation_duration: 1 }
$data merge entity $(bone_leftwing22) { transformation: [-0.06438620219455152f,-1.9910489755486542f,-2.1945848278838658f,1.2744945467594397f,-0.0823353604523373f,2.1954573988185744f,-1.9894250102068196f,0.2725790879914101f,2.962043125653404f,0.017747106352123804f,-0.10300356707406022f,2.4577893350123743f,0f,0f,0f,1f], start_interpolation: 0, interpolation_duration: 1 }
$data merge entity $(bone_leftwing23) { transformation: [0.12510407815911065f,-1.9593280147970937f,-2.156925391501449f,1.2744945467594397f,0.08991211342999504f,2.1604798473696167f,-1.9573418417365809f,0.2725790879914101f,2.9125949299432206f,0.01746436330011306f,0.1530693128226909f,2.4577893350123743f,0f,0f,0f,1f], start_interpolation: 0, interpolation_duration: 1 }
$data merge entity $(bone_leftwing1) { transformation: [-0.29079261884233887f,-1.3435392101465786f,1.452701636133697f,0.8383056184959313f,-0.2478489796636529f,1.481471895339166f,1.3205347048070586f,-0.09919438150406923f,-1.9631634002564586f,0.011975563405791813f,-0.38189795727996956f,-0.48695576537231333f,0f,0f,0f,1f], start_interpolation: 0, interpolation_duration: 1 }
$data merge entity $(bone_leftwing) { transformation: [-0.10053707899728764f,-0.7837312059188376f,-0.85835237736422f,0.6874999999999999f,-0.10053707899728717f,0.8641919389478468f,-0.7772873982738723f,-0.25f,1.157970510248209f,0.0069857453200452245f,-0.1420091823402173f,1.25f,0f,0f,0f,1f], start_interpolation: 0, interpolation_duration: 1 }
$data merge entity $(bone_rightwing20) { transformation: [-0.443660854548068f,1.987318415008481f,2.1460351056357316f,-1.2744945467594402f,0.4257453270157665f,2.191343845189183f,-1.9412596889099702f,0.2725790879914101f,-2.893724602269025f,0.01771385420440088f,-0.6146383137287402f,2.4577893350123743f,0f,0f,0f,1f], start_interpolation: 0, interpolation_duration: 1 }
$data merge entity $(bone_rightwing21) { transformation: [-0.25493330745740733f,1.987318415008481f,2.176536385459273f,-1.2744945467594402f,0.2549333074574068f,2.191343845189183f,-1.9709787599087478f,0.2725790879914101f,-2.9362823652722447f,0.01771385420440088f,-0.3600947123626936f,2.4577893350123743f,0f,0f,0f,1f], start_interpolation: 0, interpolation_duration: 1 }
$data merge entity $(bone_rightwing22) { transformation: [-0.06426556396405608f,1.987318415008481f,2.1904729091608663f,-1.2744945467594402f,0.08218109149635655f,2.191343845189183f,-1.9856974924351052f,0.2725790879914101f,-2.9564932464999747f,0.01771385420440088f,-0.10281057280443474f,2.4577893350123743f,0f,0f,0f,1f], start_interpolation: 0, interpolation_duration: 1 }
$data merge entity $(bone_rightwing23) { transformation: [0.12510407815911131f,1.9593280147970937f,2.156925391501449f,-1.2744945467594402f,-0.08991211342999504f,2.1604798473696167f,-1.9573418417365809f,0.2725790879914101f,-2.9125949299432206f,0.017464363300113542f,0.15306931282269137f,2.4577893350123743f,0f,0f,0f,1f], start_interpolation: 0, interpolation_duration: 1 }
$data merge entity $(bone_rightwing1) { transformation: [-0.2907926188423393f,1.3435392101465786f,-1.452701636133697f,-0.8383056184959311f,0.2478489796636529f,1.481471895339166f,1.3205347048070586f,-0.09919438150406923f,1.9631634002564586f,0.011975563405792143f,-0.3818979572799699f,-0.48695576537231333f,0f,0f,0f,1f], start_interpolation: 0, interpolation_duration: 1 }
$data merge entity $(bone_rightwing) { transformation: [-0.10053707899728735f,0.7837312059188376f,0.85835237736422f,-0.6875000000000001f,0.10053707899728717f,0.8641919389478468f,-0.7772873982738723f,-0.25f,-1.157970510248209f,0.006985745320045417f,-0.14200918234021712f,1.25f,0f,0f,0f,1f], start_interpolation: 0, interpolation_duration: 1 }
$data merge entity $(bone_head) { transformation: [-1.2269070000000002f,-5.0697156955856926e-18f,1.501672194222834e-16f,-4.259930629982226e-16f,0f,1.2262084016945596f,0.04139737023863073f,-0.38521161197894427f,-1.5025277304014817e-16f,0.04139737023863073f,-1.2262084016945596f,3.4784973373124037f,0f,0f,0f,1f], start_interpolation: 0, interpolation_duration: 1 }
$data merge entity $(bone_neck4) { transformation: [-1.0497600000000002f,5.649022110074408e-17f,1.1548224364980551e-16f,-4.170101033607115e-16f,0f,0.9429840810445002f,-0.46127766095558964f,-0.384573213256028f,-1.2855852238729257e-16f,-0.46127766095558964f,-0.9429840810445002f,3.4051459053422604f,0f,0f,0f,1f], start_interpolation: 0, interpolation_duration: 1 }
$data merge entity $(bone_neck3) { transformation: [-1.1664000000000003f,6.537545351786897e-17f,1.2700439499075422e-16f,-3.6144568055225655e-16f,0f,1.0370695867508875f,-0.5338310896120082f,-0.6181243149612816f,-1.428428026525473e-16f,-0.5338310896120082f,-1.0370695867508875f,2.951427961138747f,0f,0f,0f,1f], start_interpolation: 0, interpolation_duration: 1 }
$data merge entity $(bone_neck2) { transformation: [-1.2960000000000003f,6.58665101536446e-17f,1.4440155162370526e-16f,-3.253452926463302e-16f,0f,1.1791281512697642f,-0.5378408713394216f,-0.752584532796137f,-1.58714225169497e-16f,-0.5378408713394216f,-1.1791281512697642f,2.6566459233213062f,0f,0f,0f,1f], start_interpolation: 0, interpolation_duration: 1 }
$data merge entity $(bone_neck1) { transformation: [-1.4400000000000002f,5.439492709401104e-17f,1.6775044190616457e-16f,-2.8340768216978906e-16f,0f,1.3697863091869344f,-0.44416828698595306f,-0.8636266045426253f,-1.7634913907721887e-16f,-0.44416828698595306f,-1.3697863091869344f,2.3141993460245724f,0f,0f,0f,1f], start_interpolation: 0, interpolation_duration: 1 }
$data merge entity $(bone_neck0) { transformation: [-1.6f,3.386298075166551e-17f,1.9299520452787393e-16f,-2.372753173347997e-16f,0f,1.5759254395818019f,-0.27651222193404856f,-1.03125f,-1.9594348786357652e-16f,-0.27651222193404856f,-1.5759254395818019f,1.9375f,0f,0f,0f,1f], start_interpolation: 0, interpolation_duration: 1 }
$data merge entity $(bone_frontlegl) { transformation: [-0.9659258262890683f,-0.12045109937279386f,0.22908258503794227f,0.44253998810232614f,0f,0.8851071409648403f,0.4653873107563703f,-0.8092286543865453f,-0.25881904510252085f,0.4495296226867943f,-0.8549478464908182f,1.4186900680026975f,0f,0f,0f,1f], start_interpolation: 0, interpolation_duration: 1 }
$data merge entity $(bone_frontlegtipleft) { transformation: [-0.9659258262890683f,0.25313034407417456f,0.05396598017891198f,0.8851737649593553f,0f,0.2085085359832603f,-0.9780205470347326f,-1.75137037473604f,-0.25881904510252085f,-0.9446953050222109f,-0.20140377990795466f,0.7326841499152282f,0f,0f,0f,1f], start_interpolation: 0, interpolation_duration: 1 }
$data merge entity $(bone_frontfootleftd) { transformation: [-0.9659258262890683f,-0.11194102793167812f,0.2333591746072563f,0.4108890120410795f,2.0011046867832166e-16f,0.9016306142185958f,0.4325069196022163f,-2.3450422103120356f,-0.2588190451025207f,0.41776960369251054f,-0.8709082960466173f,2.4618609640929314f,0f,0f,0f,1f], start_interpolation: 0, interpolation_duration: 1 }
$data merge entity $(bone_frontfootleft) { transformation: [0.9659258262890683f,0.07884140309410298f,0.24651841972950797f,0.5255153611976082f,-8.346604108875967e-17f,-0.9524740330908013f,0.30461978971784426f,-2.1465477000139015f,0.25881904510252074f,-0.2942401220872109f,-0.9200192674321137f,2.07494758612319f,0f,0f,0f,1f], start_interpolation: 0, interpolation_duration: 1 }
$data merge entity $(bone_frontlegr) { transformation: [-0.9659258262890683f,0.18370800078817257f,-0.18231475133459002f,-0.8749998254712137f,1.3877787807814457e-17f,0.7044101073101999f,0.7097932098289139f,-0.8748770556805934f,0.25881904510252063f,0.6856075926983638f,-0.6804079149499761f,1.5625002522833236f,0f,0f,0f,1f], start_interpolation: 0, interpolation_duration: 1 }
$data merge entity $(bone_frontlegtipright) { transformation: [-0.9659258262890683f,-0.18280673776788162f,-0.18321843448312058f,-0.8836122024896811f,1.3877787807814457e-17f,0.7079016708779915f,-0.7063109969186009f,-1.524775335321084f,0.25881904510252063f,-0.6822440333156552f,-0.683780506374236f,0.5644325973873958f,0f,0f,0f,1f], start_interpolation: 0, interpolation_duration: 1 }
$data merge entity $(bone_frontfootrightd) { transformation: [-0.9659258262890683f,0.03809926280965634f,-0.25599950054861714f,-0.5626683815905532f,1.3505698190900318e-16f,0.9891061163880472f,0.14720424764168616f,-2.865523688362764f,0.2588190451025208f,0.14218838453655636f,-0.9554031427596958f,1.803089224326781f,0f,0f,0f,1f], start_interpolation: 0, interpolation_duration: 1 }
$data merge entity $(bone_frontfootright) { transformation: [0.9659258262890683f,-0.14925843913551398f,-0.2114455401624984f,-0.6406186586105557f,-3.5007890138567293e-17f,-0.8169628323863988f,0.5766903246103519f,-2.551962743816005f,-0.25881904510252074f,-0.5570400783121652f,-0.7891254989202898f,1.4712968490555096f,0f,0f,0f,1f], start_interpolation: 0, interpolation_duration: 1 }
$data merge entity $(bone_rearlegl) { transformation: [-1.0464196451464907f,-0.047233515072578586f,-0.27638023159497516f,-0.022452388606837848f,0f,1.0678512142933625f,-0.18249628830007064f,-0.5463238839542264f,0.280387298861064f,-0.17627787807093373f,-1.031465066520101f,-1.4850540818414533f,0f,0f,0f,1f], start_interpolation: 0, interpolation_duration: 1 }
$data merge entity $(bone_rearfootleftd) { transformation: [-0.9659258262890683f,-0.024357028714224807f,-0.2576703965534167f,0.6343677891618867f,0f,0.9955619628043645f,-0.09410833234693672f,-2.9626627378548367f,0.25881904510252063f,-0.09090166868290106f,-0.9616390115437723f,-1.6900638292670889f,0f,0f,0f,1f], start_interpolation: 0, interpolation_duration: 1 }
$data merge entity $(bone_rearfootleft) { transformation: [-0.9659258262890683f,0.21022741774719045f,-0.15096930461232466f,0.5568548194593124f,0f,0.5833006012077834f,0.8122563687842889f,-2.331323909164665f,0.25881904510252063f,0.7845794041765223f,-0.5634251151965384f,-1.9793461704426436f,0f,0f,0f,1f], start_interpolation: 0, interpolation_duration: 1 }
$data merge entity $(bone_rearlegtipleft) { transformation: [-0.9659258262890683f,0.24369701143597405f,-0.08717261453550268f,0.7456297551606886f,0f,0.3368091188999357f,0.9415729485418797f,-2.053363099548597f,0.25881904510252063f,0.9094896283317494f,-0.3253326264751134f,-1.0333470626372923f,0f,0f,0f,1f], start_interpolation: 0, interpolation_duration: 1 }
$data merge entity $(bone_rearlegr) { transformation: [-1.0464196451464907f,0.11053768305516787f,0.25767898243240367f,-1.29441422128312f,7.517135062566164e-18f,0.995595136093383f,-0.4270848113645685f,-0.6004471167265228f,-0.28038729886106417f,-0.4125322493128317f,-0.9616710544803784f,-1.89948999279642f,0f,0f,0f,1f], start_interpolation: 0, interpolation_duration: 1 }
$data merge entity $(bone_rearfootrightd) { transformation: [-0.9659258262890683f,-0.17972666597628173f,0.18624076794523475f,-0.6886788467948859f,6.938893903907228e-18f,0.7195790706648457f,0.694410513357277f,-2.5424526761154986f,-0.2588190451025208f,0.6707490488984438f,-0.6950600084122609f,-1.5038291640333323f,0f,0f,0f,1f], start_interpolation: 0, interpolation_duration: 1 }
$data merge entity $(bone_rearfootright) { transformation: [-0.9659258262890683f,-0.22807827212311993f,0.12234214275184481f,-0.6330784076683826f,6.938893903907228e-18f,0.4726937413102032f,0.8812267738364301f,-1.8775225514391776f,-0.2588190451025208f,0.8511996996660036f,-0.45658709265672914f,-1.7113328277765831f,0f,0f,0f,1f], start_interpolation: 0, interpolation_duration: 1 }
$data merge entity $(bone_rearlegtipright) { transformation: [-0.9659258262890683f,-0.25755496862370525f,-0.025548703392205954f,-0.9494069464731418f,6.938893903907228e-18f,-0.09871260973892348f,0.9951159835308299f,-2.038429910148778f,-0.2588190451025208f,0.9612082286454757f,0.09534905912721998f,-0.7722601056454662f,0f,0f,0f,1f], start_interpolation: 0, interpolation_duration: 1 }
$data merge entity $(bone_tail11) { transformation: [-0.2902790860244795f,0.0038531029618449064f,-0.044838298826917186f,0.5253653959391408f,-0.020060573118995208f,0.2515196872966903f,0.15331272165425638f,-2.1424595170287124f,0.045673454972919164f,0.1865922468454974f,-0.27022500239468705f,-8.017142488527016f,0f,0f,0f,1f], start_interpolation: 0, interpolation_duration: 1 }
$data merge entity $(bone_tail10) { transformation: [-0.39054653479927f,-0.006384152625338012f,-0.028848447678609297f,0.5415926477583585f,-0.01585762863353745f,0.36824808681555093f,0.1382376635206483f,-2.220218202759077f,0.02895693051889344f,0.1753368634191019f,-0.40477083398044755f,-7.7894588944130145f,0f,0f,0f,1f], start_interpolation: 0, interpolation_duration: 1 }
$data merge entity $(bone_tail9) { transformation: [-0.48927798666677513f,-0.01471430898135205f,0.00879740210336967f,0.536644109075213f,-0.012618831194028983f,0.4848242916113402f,0.08320643677277792f,-2.267021823443765f,-0.010869269392816766f,0.11860097788752581f,-0.5395932704900643f,-7.485937679762354f,0f,0f,0f,1f], start_interpolation: 0, interpolation_duration: 1 }
$data merge entity $(bone_tail8) { transformation: [-0.5726912843980364f,-0.015012209096700625f,0.059546924870851003f,0.5031489638353593f,-0.015839037769004083f,0.5785747017091194f,-0.011762190433992153f,-2.2604055913246444f,-0.06480926937071195f,0.015556637620908031f,-0.6466690854479582f,-7.122186319197877f,0f,0f,0f,1f], start_interpolation: 0, interpolation_duration: 1 }
$data merge entity $(bone_tail7) { transformation: [-0.6682953673645586f,-0.003853651427176523f,0.11194271270160314f,0.4401811879407076f,-0.02716615765014387f,0.6652980141425145f,-0.143175594295787f,-2.1798693195332643f,-0.12056116912666313f,-0.12840687492448596f,-0.7442595140291373f,-6.7035403425564875f,0f,0f,0f,1f], start_interpolation: 0, interpolation_duration: 1 }
$data merge entity $(bone_tail6) { transformation: [-0.7830787144625582f,0.012006416580941818f,0.14888141645395453f,0.35643539118535816f,-0.037918229320887085f,0.7554237151956347f,-0.2644166755891528f,-2.031134939514366f,-0.1609174978497406f,-0.2596065645264806f,-0.8463587903258986f,-6.227463522998169f,0f,0f,0f,1f], start_interpolation: 0, interpolation_duration: 1 }
$data merge entity $(bone_tail5) { transformation: [-0.8708576566015072f,0.022959315760756847f,0.16023420656763138f,0.2663036499910655f,-0.04050689859584736f,0.820809245309629f,-0.342414038682823f,-1.838527042755278f,-0.17441991919627262f,-0.34277141297122954f,-0.9228260580811238f,-5.7083738653275375f,0f,0f,0f,1f], start_interpolation: 0, interpolation_duration: 1 }
$data merge entity $(bone_tail4) { transformation: [-0.9718752987846714f,0.017758085594292972f,0.15420470178536005f,0.17956350523680042f,-0.03629576680961138f,0.9276655447208376f,-0.3415516446150498f,-1.6464042426593124f,-0.16714983024598037f,-0.33598952779648966f,-1.04553830433208f,-5.120258569140742f,0f,0f,0f,1f], start_interpolation: 0, interpolation_duration: 1 }
$data merge entity $(bone_tail3) { transformation: [-1.0861213220620014f,0.012852070897737308f,0.1265790508557202f,0.10836278913045784f,-0.02613010255407789f,1.0451139045881825f,-0.33930234936964493f,-1.4555466711388871f,-0.13627933865391675f,-0.3264875474303441f,-1.1824820992465643f,-4.45511238831455f,0f,0f,0f,1f], start_interpolation: 0, interpolation_duration: 1 }
$data merge entity $(bone_tail2) { transformation: [-1.2109033962970308f,0.009139856877053085f,0.09991845218308557f,0.05215865977747221f,-0.017636503393860338f,1.1742178967628392f,-0.335183717254971f,-1.2670058301829659f,-0.1061988307263993f,-0.31459210651093467f,-1.3306132067570617f,-3.706642459513703f,0f,0f,0f,1f], start_interpolation: 0, interpolation_duration: 1 }
$data merge entity $(bone_tail1) { transformation: [-1.3484696903620963f,0.0065046577828397545f,0.06516728664670246f,0.01550206103870207f,-0.008308020144108445f,1.316211383711401f,-0.3298650706133527f,-1.081456727962955f,-0.06694870216386566f,-0.30081437556541f,-1.492305798576085f,-2.8672204478146552f,0f,0f,0f,1f], start_interpolation: 0, interpolation_duration: 1 }
$data merge entity $(bone_tail0) { transformation: [-1.4997604053780225f,0.005104349253615433f,0.029827819292632327f,2.4492935982947064e-16f,-3.2526065174565133e-19f,1.4725609621457f,-0.32367375542494226f,-0.53125f,-0.026809074216579378f,-0.2855488721449048f,-1.668635850401567f,-2f,0f,0f,0f,1f], start_interpolation: 0, interpolation_duration: 1 }