# This file was generated by Animated Java via MC-Build. It is not recommended to edit this file directly.
$data merge entity $(bone_leftwing20) { transformation: [-0.44519224308647204f,-1.9679022233174295f,-2.1635389567255463f,1.2800006695948178f,-0.42404168449079743f,2.2087688016676545f,-1.9217869657443702f,0.26645362422124086f,2.893739557669445f,0.02091246884189823f,-0.6144673727197355f,2.457735562720303f,0f,0f,0f,1f], start_interpolation: 0, interpolation_duration: 1 }
$data merge entity $(bone_leftwing21) { transformation: [-0.25491962723344314f,-1.9677966218037557f,-2.193989358303324f,1.2800006695948178f,-0.2549196272334429f,2.2086502747784382f,-1.9513269364336756f,0.26645362422124086f,2.9361247985706718f,0.020911346637584323f,-0.35990380420256474f,2.457735562720303f,0f,0f,0f,1f], start_interpolation: 0, interpolation_duration: 1 }
$data merge entity $(bone_leftwing22) { transformation: [-0.06285193895946382f,-1.9715963361107214f,-2.212121536907106f,1.2800006695948178f,-0.08404220102625956f,2.212915065130841f,-1.969915733174409f,0.26645362422124086f,2.96202814217896f,0.020951725374958062f,-0.102832305177482f,2.457735562720303f,0f,0f,0f,1f], start_interpolation: 0, interpolation_duration: 1 }
$data merge entity $(bone_leftwing23) { transformation: [0.12811222689115148f,-1.9401852905946486f,-2.1739854507161707f,1.2800006695948178f,0.08656560144246808f,2.1776593819258565f,-1.9383628291425847f,0.26645362422124086f,2.9125655526378007f,0.020617927027223606f,0.153235919800829f,2.457735562720303f,0f,0f,0f,1f], start_interpolation: 0, interpolation_duration: 1 }
$data merge entity $(bone_leftwing1) { transformation: [-0.2944633673992582f,-1.3304127706934734f,1.4639990385364348f,0.8383056184959305f,-0.24376533715020687f,1.4932521476063016f,1.307966545471716f,-0.09919438150406945f,-1.9631275520617442f,0.014138007104381903f,-0.38200828667868036f,-0.48695576537231355f,0f,0f,0f,1f], start_interpolation: 0, interpolation_duration: 1 }
$data merge entity $(bone_leftwing) { transformation: [-0.10053707899728713f,-0.7760741162378595f,-0.8652816726150102f,0.6874999999999999f,-0.10053707899728705f,0.8710637527703426f,-0.7695786804917688f,-0.25f,1.157970510248209f,0.008247170810889444f,-0.14194151147648643f,1.25f,0f,0f,0f,1f], start_interpolation: 0, interpolation_duration: 1 }
$data merge entity $(bone_rightwing20) { transformation: [-0.4451922430864714f,1.9679022233174295f,2.1635389567255467f,-1.2800006695948185f,0.42404168449079743f,2.2087688016676545f,-1.9217869657443702f,0.26645362422124086f,-2.893739557669445f,0.020912468841898714f,-0.6144673727197351f,2.457735562720303f,0f,0f,0f,1f], start_interpolation: 0, interpolation_duration: 1 }
$data merge entity $(bone_rightwing21) { transformation: [-0.25493330745740594f,1.9679022233174295f,2.194107098416634f,-1.2800006695948185f,0.2549333074574065f,2.2087688016676545f,-1.9514316541041283f,0.26645362422124086f,-2.936282365272245f,0.020912468841898714f,-0.3599231183868046f,2.457735562720303f,0f,0f,0f,1f], start_interpolation: 0, interpolation_duration: 1 }
$data merge entity $(bone_rightwing22) { transformation: [-0.06273417542565007f,1.9679022233174295f,2.2079767602506815f,-1.2800006695948185f,0.0838847340213249f,2.2087688016676545f,-1.9662247692695047f,0.26645362422124086f,-2.9564782910995553f,0.020912468841898714f,-0.10263963179542948f,2.457735562720303f,0f,0f,0f,1f], start_interpolation: 0, interpolation_duration: 1 }
$data merge entity $(bone_rightwing23) { transformation: [0.1281122268911522f,1.9401852905946486f,2.1739854507161707f,-1.2800006695948185f,-0.08656560144246808f,2.1776593819258565f,-1.9383628291425847f,0.26645362422124086f,-2.9125655526378007f,0.020617927027224085f,0.15323591980082948f,2.457735562720303f,0f,0f,0f,1f], start_interpolation: 0, interpolation_duration: 1 }
$data merge entity $(bone_rightwing1) { transformation: [-0.2944633673992587f,1.3304127706934734f,-1.4639990385364348f,-0.8383056184959303f,0.24376533715020687f,1.4932521476063016f,1.307966545471716f,-0.09919438150406945f,1.9631275520617442f,0.01413800710438223f,-0.3820082866786807f,-0.48695576537231355f,0f,0f,0f,1f], start_interpolation: 0, interpolation_duration: 1 }
$data merge entity $(bone_rightwing) { transformation: [-0.10053707899728684f,0.7760741162378595f,0.8652816726150102f,-0.6875000000000001f,0.10053707899728705f,0.8710637527703426f,-0.7695786804917688f,-0.25f,-1.157970510248209f,0.008247170810889635f,-0.1419415114764862f,1.25f,0f,0f,0f,1f], start_interpolation: 0, interpolation_duration: 1 }
$data merge entity $(bone_head) { transformation: [-1.2269070000000002f,-4.3512173823995016e-18f,1.5018975568774782e-16f,-4.259493056368174e-16f,0f,1.2263924242672726f,0.035530386274875314f,-0.3851676165231069f,-1.5025277304014817e-16f,0.035530386274875314f,-1.2263924242672726f,3.4781400313411175f,0f,0f,0f,1f], start_interpolation: 0, interpolation_duration: 1 }
$data merge entity $(bone_neck4) { transformation: [-1.0497600000000002f,5.704207264458825e-17f,1.152106576095003e-16f,-4.1696607476608027e-16f,0f,0.9407664127298946f,-0.4657838707805644f,-0.38488015804908293f,-1.2855852238729257e-16f,-0.4657838707805644f,-0.9407664127298946f,3.4047863845836064f,0f,0f,0f,1f], start_interpolation: 0, interpolation_duration: 1 }
$data merge entity $(bone_neck3) { transformation: [-1.1664000000000003f,6.631981881343098e-17f,1.2651382494489783e-16f,-3.616162763526875e-16f,0f,1.0330637783316927f,-0.5415424174513453f,-0.6218049656840465f,-1.428428026525473e-16f,-0.5415424174513453f,-1.0330637783316927f,2.952820981563491f,0f,0f,0f,1f], start_interpolation: 0, interpolation_duration: 1 }
$data merge entity $(bone_neck2) { transformation: [-1.2960000000000003f,6.616034189867113e-17f,1.4426716338448166e-16f,-3.2554948550656706e-16f,0f,1.1780307880192564f,-0.5402401896182192f,-0.7568650130886013f,-1.58714225169497e-16f,-0.5402401896182192f,-1.1780307880192564f,2.6583132845586768f,0f,0f,0f,1f], start_interpolation: 0, interpolation_duration: 1 }
$data merge entity $(bone_neck1) { transformation: [-1.4400000000000002f,5.349216629524074e-17f,1.680404921390038e-16f,-2.835393624718161e-16f,0f,1.3721547490754078f,-0.4367966856442533f,-0.8660641844996646f,-1.7634913907721887e-16f,-0.4367966856442533f,-1.3721547490754078f,2.3152745972898248f,0f,0f,0f,1f], start_interpolation: 0, interpolation_duration: 1 }
$data merge entity $(bone_neck0) { transformation: [-1.6f,3.261521595274917e-17f,1.9320998453625292e-16f,-2.372753173347997e-16f,0f,1.5776792514443612f,-0.2663234491402513f,-1.03125f,-1.9594348786357652e-16f,-0.2663234491402513f,-1.5776792514443612f,1.9375f,0f,0f,0f,1f], start_interpolation: 0, interpolation_duration: 1 }
$data merge entity $(bone_frontlegl) { transformation: [-0.9659258262890683f,-0.11905310479688087f,0.22981221974908908f,0.4426437104004841f,0f,0.8879262330098548f,0.4599858744928247f,-0.809223556066864f,-0.2588190451025208f,0.4443122359007814f,-0.8576708803037838f,1.418302971116094f,0f,0f,0f,1f], start_interpolation: 0, interpolation_duration: 1 }
$data merge entity $(bone_frontlegtipleft) { transformation: [-0.9659258262890683f,0.2527851822644836f,0.05556032519066566f,0.8833359851420932f,0f,0.21466861207473237f,-0.9766869442098158f,-1.7543651984713464f,-0.2588190451025208f,-0.9434071436116114f,-0.20735395649661326f,0.7395428375663746f,0f,0f,0f,1f], start_interpolation: 0, interpolation_duration: 1 }
$data merge entity $(bone_frontfootleftd) { transformation: [-0.9659258262890679f,-0.11095478014528577f,0.23382971340420344f,0.40939194185636113f,1.997691126092838e-16f,0.9034486365235647f,0.4286963507702292f,-2.354326058375771f,-0.2588190451025205f,0.41408887684484186f,-0.8726643707437564f,2.4674481060847957f,0f,0f,0f,1f], start_interpolation: 0, interpolation_duration: 1 }
$data merge entity $(bone_frontfootleft) { transformation: [0.9659258262890681f,0.07733794745912143f,0.2469942104394166f,0.524329366555992f,-8.289955646717545e-17f,-0.9543123472292381f,0.29881088321181004f,-2.158293058159529f,0.25881904510252063f,-0.28862914927053396f,-0.9217949425352618f,2.079373778383205f,0f,0f,0f,1f], start_interpolation: 0, interpolation_duration: 1 }
$data merge entity $(bone_frontlegr) { transformation: [-0.9659258262890683f,0.18926711148520328f,-0.17653684776223974f,-0.8749948218686009f,-6.938893903907228e-18f,0.6820860021808359f,0.7312719642027613f,-0.8738749973124028f,0.2588190451025206f,0.7063544762645823f,-0.6588444852567312f,1.5625189259824952f,0f,0f,0f,1f], start_interpolation: 0, interpolation_duration: 1 }
$data merge entity $(bone_frontlegtipright) { transformation: [-0.9659258262890683f,-0.18128278280577048f,-0.18472642140737855f,-0.8893408206233557f,-6.938893903907228e-18f,0.7137280849413797f,-0.7004228870945828f,-1.4948975189801144f,0.2588190451025206f,-0.6765565559686095f,-0.6894083901927166f,0.5430531034553614f,0f,0f,0f,1f], start_interpolation: 0, interpolation_duration: 1 }
$data merge entity $(bone_frontfootrightd) { transformation: [-0.9659258262890683f,0.033127921017464146f,-0.2566901613947081f,-0.5731636718055854f,1.1100473972351485e-16f,0.9917746249818311f,0.12799645792813186f,-2.853789258298133f,0.25881904510252074f,0.12363508438630477f,-0.9579807241281062f,1.7639202680041006f,0f,0f,0f,1f], start_interpolation: 0, interpolation_duration: 1 }
$data merge entity $(bone_frontfootright) { transformation: [0.9659258262890683f,-0.15573641687587714f,-0.20672074537027874f,-0.648557819067316f,-1.3191265821396162e-17f,-0.7987076271315146f,0.601719308616522f,-2.5298266566613616f,-0.2588190451025207f,-0.5812162203695009f,-0.7714923247003894f,1.4416674988614382f,0f,0f,0f,1f], start_interpolation: 0, interpolation_duration: 1 }
$data merge entity $(bone_rearlegl) { transformation: [-1.0464196451464907f,-0.042674633791842734f,-0.27712075525542235f,-0.02184401208963338f,0f,1.0707123780077787f,-0.1648821236278765f,-0.5432877082356683f,0.2803872988610639f,-0.1592639015055529f,-1.034228738445097f,-1.4827835897691144f,0f,0f,0f,1f], start_interpolation: 0, interpolation_duration: 1 }
$data merge entity $(bone_rearfootleftd) { transformation: [-0.9659258262890683f,-0.016919647956089703f,-0.2582654131331227f,0.6247765915533486f,0f,0.9978609303299972f,-0.06537249973002424f,-2.958659998674068f,0.2588190451025205f,-0.06314498581830552f,-0.9638596436505811f,-1.7258586660475863f,0f,0f,0f,1f], start_interpolation: 0, interpolation_duration: 1 }
$data merge entity $(bone_rearfootleft) { transformation: [-0.9659258262890683f,0.21259528845497636f,-0.147616196382802f,0.5498648675970443f,0f,0.5703451858588299f,0.8214051186641441f,-2.322650831360115f,0.2588190451025205f,0.7934164179637337f,-0.5509111449206825f,-2.0054330259350888f,0f,0f,0f,1f], start_interpolation: 0, interpolation_duration: 1 }
$data merge entity $(bone_rearlegtipleft) { transformation: [-0.9659258262890683f,0.24509983707789842f,-0.08314666543023964f,0.739791007121266f,0f,0.32125404603554f,0.946993050611141f,-2.060583850987771f,0.2588190451025205f,0.9147250449015719f,-0.3103075798655853f,-1.0551375669730105f,0f,0f,0f,1f], start_interpolation: 0, interpolation_duration: 1 }
$data merge entity $(bone_rearlegr) { transformation: [-1.0464196451464907f,0.11846633805172477f,0.2541313914321059f,-1.2937467417327446f,0f,0.9818882970201898f,-0.4577187818802092f,-0.6080770114663454f,-0.2803872988610642f,-0.4421223925956668f,-0.9484312646227929f,-1.9019810603914349f,0f,0f,0f,1f], start_interpolation: 0, interpolation_duration: 1 }
$data merge entity $(bone_rearfootrightd) { transformation: [-0.9659258262890683f,-0.16715898595568818f,0.1975985109307425f,-0.7005575196563399f,0f,0.7634620197770676f,0.6458527265235631f,-2.546193227784408f,-0.25881904510252085f,0.6238458285283205f,-0.7374476822934849f,-1.4594973533878965f,0f,0f,0f,1f], start_interpolation: 0, interpolation_duration: 1 }
$data merge entity $(bone_rearfootright) { transformation: [-0.9659258262890683f,-0.22641252764550748f,0.12539802802657238f,-0.6426479413437599f,0f,0.48450077534634656f,0.874790831392733f,-1.8842119342836106f,-0.25881904510252085f,0.8449830566431267f,-0.467991811764114f,-1.675618841895334f,0f,0f,0f,1f], start_interpolation: 0, interpolation_duration: 1 }
$data merge entity $(bone_rearlegtipright) { transformation: [-0.9659258262890683f,-0.25822276056974636f,-0.017558588540089622f,-0.9601436542728174f,0f,-0.06784117657622335f,0.9976961334799056f,-2.014409119202328f,-0.25881904510252085f,0.9637004621169863f,0.06552954454081124f,-0.732190166631056f,0f,0f,0f,1f], start_interpolation: 0, interpolation_duration: 1 }
$data merge entity $(bone_tail11) { transformation: [-0.2895457106063004f,0.009256553581728014f,-0.048660618527829644f,0.5095397939830263f,-0.018266110633981612f,0.2487082234767778f,0.15795738697661052f,-2.0883480957944967f,0.05252778998651972f,0.19092245049860865f,-0.2659701943313227f,-8.028875350248644f,0f,0f,0f,1f], start_interpolation: 0, interpolation_duration: 1 }
$data merge entity $(bone_tail10) { transformation: [-0.38991114898573054f,-0.0002685747673053737f,-0.03706921999849798f,0.5303912302321814f,-0.013589642801640454f,0.3657133720115644f,0.14486044527001246f,-2.1698320962588786f,0.04025833188598069f,0.18219593382870047f,-0.4008139353943651f,-7.803417511589313f,0f,0f,0f,1f], start_interpolation: 0, interpolation_duration: 1 }
$data merge entity $(bone_tail9) { transformation: [-0.48949085603661674f,-0.00917722712021772f,-0.00310512096851788f,0.5321378607769727f,-0.009101727178876725f,0.48330603263836125f,0.09158549101384085f,-2.221348934954164f,0.003848155466222164f,0.12788830409252436f,-0.5376321892056141f,-7.500999405161155f,0f,0f,0f,1f], start_interpolation: 0, interpolation_duration: 1 }
$data merge entity $(bone_tail8) { transformation: [-0.5739895980464336f,-0.01129688849397953f,0.046543855952546176f,0.5059569418036655f,-0.010944845030829882f,0.5787049347758657f,-0.0023819298348290857f,-2.220009099422073f,-0.049696082107270875f,0.02637355872923698f,-0.6477340791074887f,-7.136648985663192f,0f,0f,0f,1f], start_interpolation: 0, interpolation_duration: 1 }
$data merge entity $(bone_tail7) { transformation: [-0.6700928875201762f,-0.0024559563725108403f,0.10074783126241364f,0.44928628671855775f,-0.02171658194601516f,0.6674488760462327f,-0.13320143726774675f,-2.1450832909589654f,-0.10808970795950942f,-0.11684935971065721f,-0.7481637090070111f,-6.715806899346748f,0f,0f,0f,1f], start_interpolation: 0, interpolation_duration: 1 }
$data merge entity $(bone_tail6) { transformation: [-0.7844910848591538f,0.012135000179694613f,0.14131741299722334f,0.36979524190761964f,-0.03311131242864338f,0.7590861643804732f,-0.25395715654406925f,-2.0022323904029267f,-0.15254060028760524f,-0.24776427684094887f,-0.8515585534690695f,-6.236805213020396f,0f,0f,0f,1f], start_interpolation: 0, interpolation_duration: 1 }
$data merge entity $(bone_tail5) { transformation: [-0.8714852512488976f,0.02285155526172053f,0.1568873737889996f,0.2815460941513074f,-0.037154509121068095f,0.8250400841058f,-0.33207987846484827f,-1.8154374587664495f,-0.17050706147949177f,-0.33139774728210014f,-0.9278283887841409f,-5.7149017443293175f,0f,0f,0f,1f], start_interpolation: 0, interpolation_duration: 1 }
$data merge entity $(bone_tail4) { transformation: [-0.9716727597077768f,0.01810679133148413f,0.1555435726248852f,0.19405283454980948f,-0.03456944481527819f,0.9312862879345986f,-0.3312385928277485f,-1.6291157503008409f,-0.1682040163072159f,-0.3249540474727537f,-1.0489933960733449f,-5.1248429590380615f,0f,0f,0f,1f], start_interpolation: 0, interpolation_duration: 1 }
$data merge entity $(bone_tail3) { transformation: [-1.0854695083079657f,0.013507613583237163f,0.132143480155728f,0.11972212696221247f,-0.025855530858588084f,1.0480559212897567f,-0.32950678941820644f,-1.4437681812530998f,-0.14178710041475248f,-0.31631063207524546f,-1.1847531966001292f,-4.458419285950489f,0f,0f,0f,1f], start_interpolation: 0, interpolation_duration: 1 }
$data merge entity $(bone_tail2) { transformation: [-1.2102754108497524f,0.009928985293894447f,0.10742573090480804f,0.05929515332825795f,-0.017978514114922486f,1.1764555861737471f,-0.32645487956951724f,-1.2601373114952463f,-0.11369452178788259f,-0.3057860564197859f,-1.332215537851808f,-3.709048045908847f,0f,0f,0f,1f], start_interpolation: 0, interpolation_duration: 1 }
$data merge entity $(bone_tail1) { transformation: [-1.3480979508342639f,0.00733671716537245f,0.07280697821720553f,0.01834122808107985f,-0.008760881725742185f,1.317762173829686f,-0.32264130361316096f,-1.0786515782128432f,-0.07443162455387711f,-0.2938365165114469f,-1.4935280230612047f,-2.8689385329369195f,0f,0f,0f,1f], start_interpolation: 0, interpolation_duration: 1 }
$data merge entity $(bone_tail0) { transformation: [-1.4996659627617595f,0.005926448564190133f,0.03524060483933713f,2.4492935982947064e-16f,0f,1.4734759802295985f,-0.31828014783189973f,-0.53125f,-0.03165438569685576f,-0.2807728848978124f,-1.6695675629535516f,-2f,0f,0f,0f,1f], start_interpolation: 0, interpolation_duration: 1 }