# This file was generated by Animated Java via MC-Build. It is not recommended to edit this file directly.
$data merge entity $(bone_leftwing20) { transformation: [-0.44658564884280433f,-1.9499299519663242f,-2.179465657399394f,1.2850106739545741f,-0.4224649167291566f,2.2246214304554544f,-1.9037644277595032f,0.2607843399339857f,2.8937554774879986f,0.023849207409283334f,-0.6142854083610246f,2.4576783228531687f,0f,0f,0f,1f], start_interpolation: 0, interpolation_duration: 1 }
$data merge entity $(bone_leftwing21) { transformation: [-0.25491962723344314f,-1.9498253148801692f,-2.209976038463529f,1.2850106739545741f,-0.25491962723344325f,2.2245020528829182f,-1.9332365261007731f,0.2607843399339857f,2.936124798570672f,0.023847927613787144f,-0.35972115457143017f,2.4576783228531687f,0f,0f,0f,1f], start_interpolation: 0, interpolation_duration: 1 }
$data merge entity $(bone_leftwing22) { transformation: [-0.061455917525396295f,-1.9535903275155924f,-2.2280781349142753f,1.2850106739545741f,-0.08562192866969366f,2.2287974522054697f,-1.951859363585843f,0.2607843399339857f,2.962012192475993f,0.023893976738346843f,-0.10264999923835236f,2.4576783228531687f,0f,0f,0f,1f], start_interpolation: 0, interpolation_duration: 1 }
$data merge entity $(bone_leftwing23) { transformation: [0.13084933223967035f,-1.9224661498259532f,-2.189508346517604f,1.2850106739545741f,0.08346831305095144f,2.193288734251856f,-1.920797233797665f,0.2607843399339857f,2.9125342808992487f,0.023513303079575117f,0.15341327064314642f,2.4576783228531687f,0f,0f,0f,1f], start_interpolation: 0, interpolation_duration: 1 }
$data merge entity $(bone_leftwing1) { transformation: [-0.2978033703057625f,-1.3182625027377965f,1.4742785104959004f,0.8383056184959305f,-0.2399858142920366f,1.5039694177727014f,1.2963343701927486f,-0.09919438150406923f,-1.9630893921503214f,0.016123407825994366f,-0.382125730809847f,-0.48695576537231355f,0f,0f,0f,1f], start_interpolation: 0, interpolation_duration: 1 }
$data merge entity $(bone_leftwing) { transformation: [-0.10053707899728713f,-0.7689864599303814f,-0.8715866172111322f,0.6874999999999999f,-0.10053707899728717f,0.8773154937007426f,-0.7624440513050298f,-0.25f,1.1579705102482092f,0.009405321231830048f,-0.14186947677051465f,1.25f,0f,0f,0f,1f], start_interpolation: 0, interpolation_duration: 1 }
$data merge entity $(bone_rightwing20) { transformation: [-0.44658564884280366f,1.9499299519663242f,2.1794656573993945f,-1.2850106739545748f,0.4224649167291566f,2.2246214304554544f,-1.9037644277595032f,0.2607843399339857f,-2.8937554774879986f,0.023849207409283816f,-0.6142854083610242f,2.4576783228531687f,0f,0f,0f,1f], start_interpolation: 0, interpolation_duration: 1 }
$data merge entity $(bone_rightwing21) { transformation: [-0.25493330745740594f,1.9499299519663242f,2.210094636499657f,-1.2850106739545748f,0.25493330745740683f,2.2246214304554544f,-1.9333402729520401f,0.2607843399339857f,-2.936282365272245f,0.023849207409283816f,-0.3597404589538046f,2.4576783228531687f,0f,0f,0f,1f], start_interpolation: 0, interpolation_duration: 1 }
$data merge entity $(bone_rightwing22) { transformation: [-0.06134076966931772f,1.9499299519663242f,2.223903460924529f,-1.2850106739545748f,0.08546150178296644f,2.2246214304554544f,-1.9482022312846374f,0.2607843399339857f,-2.956462371281003f,0.023849207409283816f,-0.10245766743671847f,2.4576783228531687f,0f,0f,0f,1f], start_interpolation: 0, interpolation_duration: 1 }
$data merge entity $(bone_rightwing23) { transformation: [0.13084933223967107f,1.9224661498259532f,2.1895083465176044f,-1.2850106739545748f,-0.08346831305095144f,2.193288734251856f,-1.920797233797665f,0.2607843399339857f,-2.912534280899249f,0.023513303079575592f,0.15341327064314697f,2.4576783228531687f,0f,0f,0f,1f], start_interpolation: 0, interpolation_duration: 1 }
$data merge entity $(bone_rightwing1) { transformation: [-0.297803370305763f,1.3182625027377965f,-1.4742785104959004f,-0.8383056184959303f,0.2399858142920366f,1.5039694177727014f,1.2963343701927486f,-0.09919438150406923f,1.9630893921503214f,0.016123407825994692f,-0.3821257308098474f,-0.48695576537231355f,0f,0f,0f,1f], start_interpolation: 0, interpolation_duration: 1 }
$data merge entity $(bone_rightwing) { transformation: [-0.10053707899728684f,0.7689864599303814f,0.8715866172111322f,-0.6875000000000001f,0.10053707899728717f,0.8773154937007426f,-0.7624440513050298f,-0.25f,-1.1579705102482092f,0.009405321231830239f,-0.14186947677051442f,1.25f,0f,0f,0f,1f], start_interpolation: 0, interpolation_duration: 1 }
$data merge entity $(bone_head) { transformation: [-1.2269070000000002f,-3.611069963131231e-18f,1.5020937380861307e-16f,-4.258158614329603e-16f,0f,1.2265526183810276f,0.029486623944515324f,-0.38356787065206566f,-1.5025277304014817e-16f,0.029486623944515324f,-1.2265526183810276f,3.4770503767243737f,0f,0f,0f,1f], start_interpolation: 0, interpolation_duration: 1 }
$data merge entity $(bone_neck4) { transformation: [-1.0497600000000002f,5.760910711052639e-17f,1.1492817085611298e-16f,-4.168325661572493e-16f,0f,0.9384597333380568f,-0.47041405857293783f,-0.38364188264606f,-1.2855852238729257e-16f,-0.47041405857293783f,-0.9384597333380568f,3.4036962040603407f,0f,0f,0f,1f], start_interpolation: 0, interpolation_duration: 1 }
$data merge entity $(bone_neck3) { transformation: [-1.1664000000000003f,6.737933937818003e-17f,1.2595273277938279e-16f,-3.617282455662693e-16f,0f,1.0284821131045783f,-0.55019405942262f,-0.6243517836434562f,-1.428428026525473e-16f,-0.55019405942262f,-1.0284821131045783f,2.9537352795770877f,0f,0f,0f,1f], start_interpolation: 0, interpolation_duration: 1 }
$data merge entity $(bone_neck2) { transformation: [-1.2960000000000003f,6.668470942586365e-17f,1.4402553523574187e-16f,-3.257218617573338e-16f,0f,1.176057744453487f,-0.5445219754160313f,-0.7604822774974641f,-1.58714225169497e-16f,-0.5445219754160313f,-1.176057744453487f,2.659720843463716f,0f,0f,0f,1f], start_interpolation: 0, interpolation_duration: 1 }
$data merge entity $(bone_neck1) { transformation: [-1.4400000000000002f,5.282004613289177e-17f,1.6825296900737137e-16f,-2.8365861950549097e-16f,0f,1.373889754372572f,-0.43130840802153847f,-0.8683093795028487f,-1.7634913907721887e-16f,-0.43130840802153847f,-1.373889754372572f,2.316248404870573f,0f,0f,0f,1f], start_interpolation: 0, interpolation_duration: 1 }
$data merge entity $(bone_neck0) { transformation: [-1.6f,3.1467841474331e-17f,1.9340016905134786e-16f,-2.372753173347997e-16f,0f,1.5792322258630047f,-0.2569544255228539f,-1.03125f,-1.9594348786357652e-16f,-0.2569544255228539f,-1.5792322258630047f,1.9375f,0f,0f,0f,1f], start_interpolation: 0, interpolation_duration: 1 }
$data merge entity $(bone_frontlegl) { transformation: [-0.9659258262890683f,-0.11809732908589507f,0.23030483922522887f,0.4427144383594275f,0f,0.8898295685080007f,0.4562930407193007f,-0.8092214798386839f,-0.25881904510252085f,0.440745232386742f,-0.8595093612175355f,1.4180390107798018f,0f,0f,0f,1f], start_interpolation: 0, interpolation_duration: 1 }
$data merge entity $(bone_frontlegtipleft) { transformation: [-0.9659258262890683f,0.252255857317195f,0.057916151088860196f,0.8818927455702914f,0f,0.22377082438395934f,-0.9746417896614754f,-1.7557007208852407f,-0.25881904510252085f,-0.9414316760146167f,-0.21614601844246184f,0.7449290809758329f,0f,0f,0f,1f], start_interpolation: 0, interpolation_duration: 1 }
$data merge entity $(bone_frontfootleftd) { transformation: [-0.9659258262890683f,-0.10971929432530116f,0.23441197614571357f,0.4087297404493094f,1.9907560231212067e-16f,0.905698327002407f,0.42392280012408096f,-2.3669016851515696f,-0.2588190451025207f,0.40947798099262833f,-0.8748374048784265f,2.469919475380757f,0f,0f,0f,1f], start_interpolation: 0, interpolation_duration: 1 }
$data merge entity $(bone_frontfootleft) { transformation: [0.9659258262890683f,0.07631114965448701f,0.2473133772083329f,0.5238770471723537f,-8.205502692728508e-17f,-0.9555455129291961f,0.29484364114031697f,-2.172551271697789f,0.25881904510252074f,-0.2847970876945381f,-0.9229860891329451f,2.0810618573041917f,0f,0f,0f,1f], start_interpolation: 0, interpolation_duration: 1 }
$data merge entity $(bone_frontlegr) { transformation: [-0.9659258262890683f,0.19479312836180254f,-0.17041987927117808f,-0.8749813046022898f,6.938893903907228e-18f,0.658451850804384f,0.7526228538732271f,-0.8728458945047132f,0.25881904510252063f,0.7269778520115336f,-0.6360156480597909f,1.5625693731071473f,0f,0f,0f,1f], start_interpolation: 0, interpolation_duration: 1 }
$data merge entity $(bone_frontlegtipright) { transformation: [-0.9659258262890683f,-0.1795185993556347f,-0.18644133284540662f,-0.8949529047648185f,6.938893903907228e-18f,0.7203539939325388f,-0.6936066056673909f,-1.4633985489553738f,0.25881904510252063f,-0.6699725336988306f,-0.6958085268099181f,0.5221085203030709f,0f,0f,0f,1f], start_interpolation: 0, interpolation_duration: 1 }
$data merge entity $(bone_frontfootrightd) { transformation: [-0.9659258262890683f,0.028125162873810422f,-0.2572863644290197f,-0.5840465316628455f,1.2133698050520562e-16f,0.9940781766160443f,0.10866728475359944f,-2.8414569369386515f,0.2588190451025208f,0.10496453681620987f,-0.960205784143783f,1.7233048820851538f,0f,0f,0f,1f], start_interpolation: 0, interpolation_duration: 1 }
$data merge entity $(bone_frontfootright) { transformation: [0.9659258262890683f,-0.16224068157054705f,-0.20165629013572822f,-0.6567270293299267f,-2.5919840647964026e-17f,-0.7791400747029654f,0.6268498576149291f,-2.5071244079958523f,-0.25881904510252074f,-0.6054904666758851f,-0.7525915204523883f,1.411179591103662f,0f,0f,0f,1f], start_interpolation: 0, interpolation_duration: 1 }
$data merge entity $(bone_rearlegl) { transformation: [-1.0464196451464907f,-0.03859164330914728f,-0.2777187829969431f,-0.021289570672207603f,0f,1.0730229797692674f,-0.14910665980496438f,-0.5406080936553814f,0.280387298861064f,-0.14402597357731323f,-1.036460608360788f,-1.4807143862294612f,0f,0f,0f,1f], start_interpolation: 0, interpolation_duration: 1 }
$data merge entity $(bone_rearfootleftd) { transformation: [-0.9659258262890683f,-0.008866394250896956f,-0.2586671319684205f,0.6159289247715793f,0f,0.9994130527216807f,-0.034257116772009155f,-2.953165522956713f,0.25881904510252063f,-0.0330898338242841f,-0.9653588787542697f,-1.758878608005589f,0f,0f,0f,1f], start_interpolation: 0, interpolation_duration: 1 }
$data merge entity $(bone_rearfootleft) { transformation: [-0.9659258262890683f,0.2148293787117511f,-0.1443455442682719f,0.5435450354261113f,0f,0.5577083564739036f,0.8300369805732618f,-2.3128015542533573f,0.25881904510252063f,0.8017541563107112f,-0.5387049050553736f,-2.0290189606923192f,0f,0f,0f,1f], start_interpolation: 0, interpolation_duration: 1 }
$data merge entity $(bone_rearlegtipleft) { transformation: [-0.9659258262890683f,0.24646945241016294f,-0.07899434876252251f,0.7345812704908652f,0f,0.30521072640242575f,0.9522848378972038f,-2.067108630219507f,0.25881904510252063f,0.919836518908408f,-0.29481092309254986f,-1.0745805687717191f,0f,0f,0f,1f], start_interpolation: 0, interpolation_duration: 1 }
$data merge entity $(bone_rearlegr) { transformation: [-1.0464196451464907f,0.12649935260461653f,0.25022979669339274f,-1.293124604736984f,-7.517135062566164e-18f,0.9668136925328433f,-0.4887559667585856f,-0.6160008666539205f,-0.2803872988610642f,-0.4721020110449992f,-0.9338703148273719f,-1.9043029072688817f,0f,0f,0f,1f], start_interpolation: 0, interpolation_duration: 1 }
$data merge entity $(bone_rearfootrightd) { transformation: [-0.9659258262890683f,0.053961432346617044f,0.2531313136039913f,-0.7187283510919191f,-6.938893903907228e-18f,0.9780242930102899f,-0.2084909645085909f,-2.5705918955899025f,-0.25881904510252085f,-0.20138680716676538f,-0.9446989233567461f,-1.3916828872545457f,0f,0f,0f,1f], start_interpolation: 0, interpolation_duration: 1 }
$data merge entity $(bone_rearfootright) { transformation: [-0.9659258262890683f,-0.2194097306582659f,0.13728316794220602f,-0.6517723894639358f,-6.938893903907228e-18f,0.5304214297206249f,0.8477341015277893f,-1.9214720220744692f,-0.25881904510252085f,0.8188482624916508f,-0.5123477577843235f,-1.6415659379198118f,0f,0f,0f,1f], start_interpolation: 0, interpolation_duration: 1 }
$data merge entity $(bone_rearlegtipright) { transformation: [-0.9659258262890683f,-0.25881796921472605f,0.0007462702900825227f,-0.9710073647148587f,-6.938893903907228e-18f,0.002883366986331848f,0.9999958430887711f,-1.9810883952811855f,-0.25881904510252085f,0.9659218110211547f,-0.0027851186387671738f,-0.6916462473026417f,0f,0f,0f,1f], start_interpolation: 0, interpolation_duration: 1 }
$data merge entity $(bone_tail11) { transformation: [-0.2887794794421574f,0.01456326417800544f,-0.0518437180911461f,0.4874545420289098f,-0.016465452859030845f,0.24564916647116058f,0.16278437871863943f,-2.0352326278887536f,0.05876866841141616f,0.19531006956002356f,-0.2614848280040903f,-8.039436788375248f,0f,0f,0f,1f], start_interpolation: 0, interpolation_duration: 1 }
$data merge entity $(bone_tail10) { transformation: [-0.38906309787441773f,0.00587077735843676f,-0.04478853879283601f,0.5126480950998801f,-0.011500042369242354f,0.3629298554198575f,0.15171650130868014f,-2.120573159874886f,0.05109433730677908f,0.18910135452403548f,-0.39640831035502594f,-7.8164571138005465f,0f,0f,0f,1f], start_interpolation: 0, interpolation_duration: 1 }
$data merge entity $(bone_tail9) { transformation: [-0.48935483689843573f,-0.0035065061285239046f,-0.014952220451173167f,0.521058719103665f,-0.005905563479644642f,0.48156203932095004f,0.10022341235758107f,-2.1769488293260255f,0.018604254874120166f,0.1372258255507418f,-0.5350762109675475f,-7.515476745131301f,0f,0f,0f,1f], start_interpolation: 0, interpolation_duration: 1 }
$data merge entity $(bone_tail8) { transformation: [-0.5750039053520234f,-0.00743422580448711f,0.03294711258058222f,0.5025259682770875f,-0.006352010686850428f,0.578645087448556f,0.007221668025218425f,-2.181011017590211f,-0.03381362324425674f,0.03724989415029449f,-0.6482929518770908f,-7.150811959700437f,0f,0f,0f,1f], start_interpolation: 0, interpolation_duration: 1 }
$data merge entity $(bone_tail7) { transformation: [-0.6718645811467004f,-0.0010454558542624271f,0.08828645817100739f,0.4528648355558958f,-0.016373210530664307f,0.6694275305922959f,-0.12312369212549464f,-2.11175394076962f,-0.09411440733363446f,-0.10525510358491326f,-0.751847360520611f,-6.727897819407594f,0f,0f,0f,1f], start_interpolation: 0, interpolation_duration: 1 }
$data merge entity $(bone_tail6) { transformation: [-0.7861268813234477f,0.012071190615552483f,0.13200922340959909f,0.3786096473879963f,-0.028189575128847278f,0.7625516648115436f,-0.24357108377886608f,-1.974745206144008f,-0.14215303447173225f,-0.2359978992085075f,-0.8567832819335439f,-6.245957223319976f,0f,0f,0f,1f], start_interpolation: 0, interpolation_duration: 1 }
$data merge entity $(bone_tail5) { transformation: [-0.8724452806647244f,0.02240376369923042f,0.15162021339053702f,0.2933232773558192f,-0.033552246330312875f,0.8290404327127319f,-0.32198304291270047f,-1.793629744505614f,-0.16441228614467399f,-0.32024528472498337f,-0.9329453212245712f,-5.721175480131154f,0f,0f,0f,1f], start_interpolation: 0, interpolation_duration: 1 }
$data merge entity $(bone_tail4) { transformation: [-0.9717808147828181f,0.018164324622735775f,0.15497586753107145f,0.2061493518695915f,-0.032534000193475104f,0.9346726326096356f,-0.3213072166696783f,-1.6128944351289198f,-0.1671390687435926f,-0.31426419432828945f,-1.0525398314433132f,-5.12912182494429f,0f,0f,0f,1f], start_interpolation: 0, interpolation_duration: 1 }
$data merge entity $(bone_tail3) { transformation: [-1.0849981771409418f,0.013929370244573622f,0.1360791620769104f,0.12960482320132938f,-0.02529999208699988f,1.050780176016304f,-0.320182574837941f,-1.432791736782578f,-0.14552035092108845f,-0.306573574315877f,-1.186994903845231f,-4.461437191531348f,0f,0f,0f,1f], start_interpolation: 0, interpolation_duration: 1 }
$data merge entity $(bone_tail2) { transformation: [-1.209728530736368f,0.01054089940949463f,0.1136036259930628f,0.06570278358023157f,-0.018103437519340487f,1.1785083025715062f,-0.3182440453750714f,-1.2537794612591004f,-0.11977033782434829f,-0.2974706273070294f,-1.333715282019974f,-3.7112223453951128f,0f,0f,0f,1f], start_interpolation: 0, interpolation_duration: 1 }
$data merge entity $(bone_tail1) { transformation: [-1.347738160918833f,0.008040577859967977f,0.07954456342785585f,0.02095896665206265f,-0.009099027017244712f,1.319172532349534f,-0.3159283137827484f,-1.0760697847563045f,-0.08098641284411608f,-0.2873373945182204f,-1.494616546789925f,-2.8705005378257797f,0f,0f,0f,1f], start_interpolation: 0, interpolation_duration: 1 }
$data merge entity $(bone_tail0) { transformation: [-1.499565415593035f,0.0066544053229292315f,0.04021789863607948f,2.4492935982947064e-16f,0f,1.4743029458045638f,-0.3133227525425131f,-0.53125f,-0.03610490766209122f,-0.27638115507715727f,-1.6703925806134559f,-2f,0f,0f,0f,1f], start_interpolation: 0, interpolation_duration: 1 }