# This file was generated by Animated Java via MC-Build. It is not recommended to edit this file directly.
$data merge entity $(bone_leftwing20) { transformation: [-0.4491478457002792f,-1.9160945292384788f,-2.2087517014902978f,1.2942230784305602f,-0.4194968784622021f,2.2537653756657128f,-1.869839595131617f,0.25011272860341033f,2.893790713367914f,0.029317189221907243f,-0.6138826604106524f,2.457551631893844f,0f,0f,0f,1f], start_interpolation: 0, interpolation_duration: 1 }
$data merge entity $(bone_leftwing21) { transformation: [-0.2549196272334435f,-1.915991707827825f,-2.2393723729352204f,1.2942230784305602f,-0.25491962723344325f,2.25364443417161f,-1.8991839335508889f,0.25011272860341033f,2.936124798570672f,0.02931561600372505f,-0.35931688988412114f,2.457551631893844f,0f,0f,0f,1f], start_interpolation: 0, interpolation_duration: 1 }
$data merge entity $(bone_leftwing22) { transformation: [-0.05888891095528617f,-1.9196913895040686f,-2.257419154272171f,1.2942230784305602f,-0.08859553848791875f,2.257996105937103f,-1.9178708478355255f,0.25011272860341033f,2.961976890451879f,0.029372222954012813f,-0.10224649525633475f,2.457551631893844f,0f,0f,0f,1f], start_interpolation: 0, interpolation_duration: 1 }
$data merge entity $(bone_leftwing23) { transformation: [0.1358823261760596f,-1.8891072823477957f,-2.2180518735272976f,1.2942230784305602f,0.07763811364337012f,2.222022201360562f,-1.887732529892703f,0.25011272860341033f,2.9124650660887466f,0.028904271063852207f,0.15380580733959692f,2.457551631893844f,0f,0f,0f,1f], start_interpolation: 0, interpolation_duration: 1 }
$data merge entity $(bone_leftwing1) { transformation: [-0.3039449732897529f,-1.2953878507527743f,1.493180420891595f,0.8383056184959308f,-0.23287140673831971f,1.5236723666472425f,1.2744384751879188f,-0.09919438150406923f,-1.9630049315107716f,0.019820071586641515f,-0.38238567392972883f,-0.48695576537231355f,0f,0f,0f,1f], start_interpolation: 0, interpolation_duration: 1 }
$data merge entity $(bone_leftwing) { transformation: [-0.10053707899728725f,-0.7556429129391183f,-0.8831801599802209f,0.6874999999999999f,-0.10053707899728717f,0.8888088805442248f,-0.7490141392013414f,-0.25f,1.1579705102482092f,0.011561708425540884f,-0.1417100398874276f,1.25f,0f,0f,0f,1f], start_interpolation: 0, interpolation_duration: 1 }
$data merge entity $(bone_rightwing20) { transformation: [-0.4491478457002785f,1.9160945292384788f,2.208751701490298f,-1.2942230784305606f,0.4194968784622021f,2.2537653756657128f,-1.869839595131617f,0.25011272860341033f,-2.893790713367914f,0.029317189221907715f,-0.6138826604106519f,2.457551631893844f,0f,0f,0f,1f], start_interpolation: 0, interpolation_duration: 1 }
$data merge entity $(bone_rightwing21) { transformation: [-0.25493330745740644f,1.9160945292384788f,2.2394925485212753f,-1.2942230784305606f,0.25493330745740683f,2.2537653756657128f,-1.8992858529748302f,0.25011272860341033f,-2.936282365272245f,0.029317189221907715f,-0.359336172571691f,2.457551631893844f,0f,0f,0f,1f], start_interpolation: 0, interpolation_duration: 1 }
$data merge entity $(bone_rightwing22) { transformation: [-0.05877857281184372f,1.9160945292384788f,2.2531895050154325f,-1.2942230784305606f,0.08842954004992083f,2.2537653756657128f,-1.9142773986567516f,0.25011272860341033f,-2.956427135401087f,0.029317189221907715f,-0.1020549194863463f,2.457551631893844f,0f,0f,0f,1f], start_interpolation: 0, interpolation_duration: 1 }
$data merge entity $(bone_rightwing23) { transformation: [0.13588232617606033f,1.8891072823477957f,2.218051873527297f,-1.2942230784305606f,-0.07763811364337012f,2.222022201360562f,-1.887732529892703f,0.25011272860341033f,-2.912465066088747f,0.028904271063852672f,0.15380580733959748f,2.457551631893844f,0f,0f,0f,1f], start_interpolation: 0, interpolation_duration: 1 }
$data merge entity $(bone_rightwing1) { transformation: [-0.30394497328975334f,1.2953878507527743f,-1.4931804208915949f,-0.8383056184959305f,0.23287140673831971f,1.5236723666472425f,1.2744384751879188f,-0.09919438150406923f,1.9630049315107716f,0.019820071586641834f,-0.3823856739297292f,-0.48695576537231355f,0f,0f,0f,1f], start_interpolation: 0, interpolation_duration: 1 }
$data merge entity $(bone_rightwing) { transformation: [-0.10053707899728696f,0.7556429129391183f,0.8831801599802209f,-0.6875000000000001f,0.10053707899728717f,0.8888088805442248f,-0.7490141392013414f,-0.25f,-1.1579705102482092f,0.01156170842554107f,-0.1417100398874274f,1.25f,0f,0f,0f,1f], start_interpolation: 0, interpolation_duration: 1 }
$data merge entity $(bone_head) { transformation: [-1.2269070000000002f,3.739120223799546e-18f,1.5020624083641217e-16f,-4.1813293858248294e-16f,0f,1.2265270357215776f,-0.030532233672621985f,-0.2667353876879137f,-1.5025277304014817e-16f,-0.030532233672621985f,-1.2265270357215776f,3.4143145507227337f,0f,0f,0f,1f], start_interpolation: 0, interpolation_duration: 1 }
$data merge entity $(bone_neck4) { transformation: [-1.0497600000000002f,6.31606466966231e-17f,1.119733289103631e-16f,-4.091608353163158e-16f,0f,0.9143316178046051f,-0.51574581945258f,-0.27039663834730604f,-1.2855852238729257e-16f,-0.51574581945258f,-0.9143316178046051f,3.341051767752053f,0f,0f,0f,1f], start_interpolation: 0, interpolation_duration: 1 }
$data merge entity $(bone_neck3) { transformation: [-1.1664000000000003f,8.327781307563294e-17f,1.1605547000884755e-16f,-3.58386567187445e-16f,0f,0.9476648294810378f,-0.6800149490744122f,-0.5679031785673614f,-1.428428026525473e-16f,-0.6800149490744122f,-0.9476648294810378f,2.926448404854099f,0f,0f,0f,1f], start_interpolation: 0, interpolation_duration: 1 }
$data merge entity $(bone_neck2) { transformation: [-1.2960000000000003f,8.594115189785512e-17f,1.3343284333935026e-16f,-3.250283563526074e-16f,0f,1.0895618510761744f,-0.7017627609665962f,-0.7433438688090104f,-1.58714225169497e-16f,-0.7017627609665962f,-1.0895618510761744f,2.654057942085055f,0f,0f,0f,1f], start_interpolation: 0, interpolation_duration: 1 }
$data merge entity $(bone_neck1) { transformation: [-1.4400000000000002f,6.327235674347434e-17f,1.6460749595751343e-16f,-2.8387648236322905e-16f,0f,1.3441222079061454f,-0.5166580012092222f,-0.8725083691113159f,-1.7634913907721887e-16f,-0.5166580012092222f,-1.3441222079061454f,2.3180273901085187f,0f,0f,0f,1f], start_interpolation: 0, interpolation_duration: 1 }
$data merge entity $(bone_neck0) { transformation: [-1.6f,2.9326877209669354e-17f,1.9373637941613479e-16f,-2.372753173347997e-16f,0f,1.5819775918331849f,-0.23947212559644027f,-1.03125f,-1.9594348786357652e-16f,-0.23947212559644027f,-1.5819775918331849f,1.9375f,0f,0f,0f,1f], start_interpolation: 0, interpolation_duration: 1 }
$data merge entity $(bone_frontlegl) { transformation: [-0.9659258262890683f,-0.1415483193259491f,0.21668265136780068f,0.4409334684687978f,0f,0.8371974762597956f,0.546900709218985f,-0.8096205973806712f,-0.25881904510252085f,0.5282655194504257f,-0.8086706640233657f,1.4246856808983823f,0f,0f,0f,1f], start_interpolation: 0, interpolation_duration: 1 }
$data merge entity $(bone_frontlegtipleft) { transformation: [-0.9659258262890683f,0.2186526599438454f,0.13848578413419133f,0.8944116191299119f,0f,0.5350679818764331f,-0.8448090049062458f,-1.647255404819134f,-0.25881904510252085f,-0.816022836120511f,-0.5168359825148179f,0.6982080087977988f,0f,0f,0f,1f], start_interpolation: 0, interpolation_duration: 1 }
$data merge entity $(bone_frontfootleftd) { transformation: [-0.9659258262890681f,-0.07579064008921438f,0.24747338641285815f,0.4833209479580758f,1.5976393289964802e-16f,0.9561637410215756f,0.292832546612608f,-2.73597617628679f,-0.25881904510252063f,0.2828545195511155f,-0.9235832516139121f,2.191541299160127f,0f,0f,0f,1f], start_interpolation: 0, interpolation_duration: 1 }
$data merge entity $(bone_frontfootleft) { transformation: [0.9659258262890683f,0.1017713347559853f,0.23797036271301902f,0.5926285964136448f,-4.716416541615574e-17f,-0.9194468769435289f,0.39321424246686626f,-2.5002702186920693f,0.25881904510252074f,-0.3798157920634378f,-0.8881174843405812f,1.824477582436619f,0f,0f,0f,1f], start_interpolation: 0, interpolation_duration: 1 }
$data merge entity $(bone_frontlegr) { transformation: [-0.9659258262890683f,0.2069113711544762f,-0.15548306208315804f,-0.8749168292217411f,0f,0.6007404208665161f,0.7994441486039666f,-0.8704545449823387f,0.2588190451025206f,0.7722037498122472f,-0.5802706874107323f,1.562809998503193f,0f,0f,0f,1f], start_interpolation: 0, interpolation_duration: 1 }
$data merge entity $(bone_frontlegtipright) { transformation: [-0.9659258262890683f,-0.20471767724074125f,-0.15836025616592145f,-0.9116148507682178f,0f,0.6118570451536652f,-0.7909683661789677f,-1.398492764568847f,0.2588190451025206f,-0.7640167726699336f,-0.591008521910842f,0.45992529126541526f,0f,0f,0f,1f], start_interpolation: 0, interpolation_duration: 1 }
$data merge entity $(bone_frontfootrightd) { transformation: [-0.9659258262890683f,0.08189985607443381f,-0.24551926947343194f,-0.570620027507648f,1.2582173244256715e-16f,0.9486136129440528f,0.3164367446066127f,-2.654503740821833f,0.25881904510252074f,0.3056544240023652f,-0.9162903879120425f,1.7734132777603855f,0f,0f,0f,1f], start_interpolation: 0, interpolation_duration: 1 }
$data merge entity $(bone_frontfootright) { transformation: [0.9659258262890683f,-0.1767685721105003f,-0.18905070754111314f,-0.6366453746276577f,-3.6369140661672844e-17f,-0.730435843568731f,0.6829813163110952f,-2.297307450029722f,-0.2588190451025207f,-0.6597092922977901f,-0.7055468457502792f,1.4861253467525841f,0f,0f,0f,1f], start_interpolation: 0, interpolation_duration: 1 }
$data merge entity $(bone_rearlegl) { transformation: [-1.0464196451464907f,-0.03122810908787926f,-0.2786428584503811f,-0.020266978439231864f,-1.879283765641541e-18f,1.0765933331529296f,-0.12065614829661982f,-0.535869365480603f,0.28038729886106395f,-0.11654488974026886f,-1.039909304903046f,-1.4768980200605706f,0f,0f,0f,1f], start_interpolation: 0, interpolation_duration: 1 }
$data merge entity $(bone_rearfootleftd) { transformation: [-0.9659258262890683f,0.12226580370293907f,-0.228119204260963f,0.5789233617823755f,-1.734723475976807e-18f,0.8813849234727023f,0.472398789874634f,-2.811300513057081f,0.2588190451025206f,0.45630219144761186f,-0.8513524604840972f,-1.8969852492439883f,0f,0f,0f,1f], start_interpolation: 0, interpolation_duration: 1 }
$data merge entity $(bone_rearfootleft) { transformation: [-0.9659258262890683f,0.23129390333697275f,-0.11614830341820623f,0.5279831410994803f,-1.734723475976807e-18f,0.44876258380521733f,0.8936510187855576f,-2.140820114666358f,0.2588190451025206f,0.8632005987345076f,-0.43347136956967186f,-2.087096740981324f,0f,0f,0f,1f], start_interpolation: 0, interpolation_duration: 1 }
$data merge entity $(bone_rearlegtipleft) { transformation: [-0.9659258262890683f,0.25776684042189096f,-0.02331424643208528f,0.7268367577803099f,-1.734723475976807e-18f,0.0900793309968758f,0.9959345932977502f,-2.1129866957505916f,0.2588190451025206f,0.9619989449609967f,-0.08700995222472376f,-1.1034834836873746f,0f,0f,0f,1f], start_interpolation: 0, interpolation_duration: 1 }
$data merge entity $(bone_rearlegr) { transformation: [-1.0464196451464907f,0.14473322764318167f,0.24014439443507882f,-1.2919289603337851f,0f,0.9278466904935654f,-0.5592062500108961f,-0.6347611379591008f,-0.2803872988610642f,-0.540151759107786f,-0.8962310811845746f,-1.9087651129294048f,0f,0f,0f,1f], start_interpolation: 0, interpolation_duration: 1 }
$data merge entity $(bone_rearfootrightd) { transformation: [-0.9659258262890683f,0.129077927406713f,0.22433498782884503f,-0.8098497499911774f,0f,0.8667638339365005f,-0.49871881474403845f,-2.805553433414249f,-0.25881904510252085f,-0.48172538321754005f,-0.8372295724925949f,-1.051613196905763f,0f,0f,0f,1f], start_interpolation: 0, interpolation_duration: 1 }
$data merge entity $(bone_rearfootright) { transformation: [-0.9659258262890683f,-0.16665868141503795f,0.19802066058061113f,-0.694542881018887f,0f,0.7650930807745355f,0.6439196982162683f,-2.2672220057937476f,-0.25881904510252085f,0.6219786665633564f,-0.739023166235192f,-1.481944290372038f,0f,0f,0f,1f], start_interpolation: 0, interpolation_duration: 1 }
$data merge entity $(bone_rearlegtipright) { transformation: [-0.9659258262890683f,-0.22666677008198083f,0.12493787835713856f,-0.9893886326412558f,0f,0.4827228935476885f,0.8757731487348461f,-1.8392349340419871f,-0.25881904510252085f,0.8459319023334854f,-0.4662745098187009f,-0.6230464214937914f,0f,0f,0f,1f], start_interpolation: 0, interpolation_duration: 1 }
$data merge entity $(bone_tail11) { transformation: [-0.2873026973523866f,0.05473093071082914f,-0.027608136652848836f,-0.11259244116174001f,0.019629031728755787f,0.20654019926915362f,0.20981123450019873f,-1.6918880336555648f,0.06898547453295287f,0.2381525595314666f,-0.22031761710819503f,-8.050410074293755f,0f,0f,0f,1f], start_interpolation: 0, interpolation_duration: 1 }
$data merge entity $(bone_tail10) { transformation: [-0.3808400212615458f,0.06388131498511657f,-0.06559885202371826f,-0.07569308689839849f,0.017839386356234794f,0.32687472182068733f,0.21821257819273698f,-1.8146326088889795f,0.105398766807785f,0.25059211188030445f,-0.34882343133381055f,-7.854196894168486f,0f,0f,0f,1f], start_interpolation: 0, interpolation_duration: 1 }
$data merge entity $(bone_tail9) { transformation: [-0.475752869487383f,0.060999254796508494f,-0.09829534864995805f,-0.020401953282797078f,0.021746131260867985f,0.4564865232235571f,0.18164284617386295f,-1.9168067098617774f,0.13324552337948797f,0.21544000883675135f,-0.49135508101232855f,-7.577809661099051f,0f,0f,0f,1f], start_interpolation: 0, interpolation_duration: 1 }
$data merge entity $(bone_tail8) { transformation: [-0.5636013403666653f,0.045611362898176536f,-0.10986632873120894f,0.04139785662850795f,0.028673880429808236f,0.5701435420082601f,0.09407673459170651f,-1.9697248730696122f,0.13645480762401468f,0.12512263917091432f,-0.6234566763732021f,-7.227115280639125f,0f,0f,0f,1f], start_interpolation: 0, interpolation_duration: 1 }
$data merge entity $(bone_tail7) { transformation: [-0.67039766489701f,0.024560877967494784f,-0.0959114024431254f,0.09534802050276599f,0.031384474138998524f,0.6788522390208851f,-0.0384378027899165f,-1.9481036090002841f,0.11329655234047062f,-0.01423546126103685f,-0.7565660123191948f,-6.801546898709578f,0f,0f,0f,1f], start_interpolation: 0, interpolation_duration: 1 }
$data merge entity $(bone_tail6) { transformation: [-0.7946039761651705f,0.01166547524461311f,-0.06393886806536003f,0.131313633789531f,0.02606919101515128f,0.7828629550111977f,-0.16641982508509864f,-1.8544924573899162f,0.07547644427570598f,-0.14989723861794182f,-0.8843749716487557f,-6.304085977157153f,0f,0f,0f,1f], start_interpolation: 0, interpolation_duration: 1 }
$data merge entity $(bone_tail5) { transformation: [-0.8854416838032397f,0.007014036874378221f,-0.025681853964943015f,0.14575967664481146f,0.015532422431876962f,0.8514762899361288f,-0.25770720578442835f,-1.7095321541361752f,0.033346031840110923f,-0.24762137552245006f,-0.968464509803021f,-5.759324690392954f,0f,0f,0f,1f], start_interpolation: 0, interpolation_duration: 1 }
$data merge entity $(bone_tail4) { transformation: [-0.9840843914320601f,0.008348190909405948f,0.01711928137615925f,0.13613008087072187f,0.004861560951317597f,0.9514871937627623f,-0.26835439416080586f,-1.558582807420722f,-0.012957054438499614f,-0.25410454823015055f,-1.0817879774372114f,-5.1508189530845225f,0f,0f,0f,1f], start_interpolation: 0, interpolation_duration: 1 }
$data merge entity $(bone_tail3) { transformation: [-1.0922406429257978f,0.008929415185476998f,0.05441805221702713f,0.10551992649864411f,-0.0035919627776854466f,1.0624396349703544f,-0.2789862216414564f,-1.4016530577474027f,-0.05328832972029012f,-0.26050188226705406f,-1.2058164206507649f,-4.472547216468468f,0f,0f,0f,1f], start_interpolation: 0, interpolation_duration: 1 }
$data merge entity $(bone_tail2) { transformation: [-1.2130454580557821f,0.008862232605424163f,0.07087499616245233f,0.06565274115726469f,-0.006433811455305076f,1.1857309681083001f,-0.2892406846520992f,-1.238955172630597f,-0.07056217154231488f,-0.26596261878670385f,-1.3441068713011273f,-3.7164871013615834f,0f,0f,0f,1f], start_interpolation: 0, interpolation_duration: 1 }
$data merge entity $(bone_tail1) { transformation: [-1.348281841380662f,0.0084576451545304f,0.07074007852823946f,0.025861446985129988f,-0.005341565459693912f,1.3229376785397684f,-0.29814956700089557f,-1.0712460411925933f,-0.06931836072884406f,-0.2691501695422765f,-1.4988754914628786f,-2.873369637413714f,0f,0f,0f,1f], start_interpolation: 0, interpolation_duration: 1 }
$data merge entity $(bone_tail0) { transformation: [-1.4993428186319449f,0.007941295621451192f,0.04950537047198674f,2.4492935982947064e-16f,0f,1.4758092796297433f,-0.30407772672916894f,-0.53125f,-0.04439720956113029f,-0.26818632698665085f,-1.671851056285114f,-2f,0f,0f,0f,1f], start_interpolation: 0, interpolation_duration: 1 }