# This file was generated by Animated Java via MC-Build. It is not recommended to edit this file directly.
$data merge entity $(bone_leftwing20) { transformation: [-0.447827234495831f,-1.9336637872561528f,-2.1936570463518508f,1.2894748076115565f,-0.4210379776587771f,2.238744932120396f,-1.8874544395522141f,0.25565376620754726f,2.8937715702045215f,0.026487692812854464f,-0.6141014677694793f,2.457620461329652f,0f,0f,0f,1f], start_interpolation: 0, interpolation_duration: 1 }
$data merge entity $(bone_leftwing21) { transformation: [-0.2549196272334428f,-1.9335600230444703f,-2.224220871769433f,1.2894748076115565f,-0.2549196272334431f,2.238624796652912f,-1.916865114957548f,0.25565376620754726f,2.9361247985706727f,0.02648627143102887f,-0.35953652126502633f,2.457620461329652f,0f,0f,0f,1f], start_interpolation: 0, interpolation_duration: 1 }
$data merge entity $(bone_leftwing22) { transformation: [-0.06021200118876562f,-1.9372936282359483f,-2.2422961637022185f,1.2894748076115565f,-0.08705154636597842f,2.2429474662690296f,-1.9355187585443534f,0.25565376620754726f,2.9619960695504957f,0.026537415062123437f,-0.10246571335663726f,2.457620461329652f,0f,0f,0f,1f], start_interpolation: 0, interpolation_duration: 1 }
$data merge entity $(bone_leftwing23) { transformation: [0.13328821317302433f,-1.9064290860271926f,-2.2033399276151453f,1.2894748076115565f,0.08066533728901283f,2.207213313358137f,-1.9049007683181525f,0.25565376620754726f,2.9125026695324485f,0.026114626716898768f,0.15359254761297766f,2.457620461329652f,0f,0f,0f,1f], start_interpolation: 0, interpolation_duration: 1 }
$data merge entity $(bone_leftwing1) { transformation: [-0.3007794594104175f,-1.307265658990075f,1.483437970938463f,0.8383056184959303f,-0.2365654318077444f,1.5135177005884368f,1.2858075153299995f,-0.09919438150406934f,-1.9630508178013109f,0.01790717260587344f,-0.38224445044875544f,-0.486955765372314f,0f,0f,0f,1f], start_interpolation: 0, interpolation_duration: 1 }
$data merge entity $(bone_leftwing) { transformation: [-0.100537078997287f,-0.7625716344108772f,-0.8772045994234918f,0.6874999999999999f,-0.10053707899728712f,0.8828853253432549f,-0.7559873736719017f,-0.25f,1.1579705102482094f,0.010445850686759508f,-0.14179665972808872f,1.25f,0f,0f,0f,1f], start_interpolation: 0, interpolation_duration: 1 }
$data merge entity $(bone_rightwing20) { transformation: [-0.4478272344958303f,1.9336637872561528f,2.1936570463518503f,-1.289474807611557f,0.4210379776587771f,2.238744932120396f,-1.8874544395522141f,0.25565376620754726f,-2.8937715702045215f,0.026487692812854936f,-0.6141014677694787f,2.457620461329652f,0f,0f,0f,1f], start_interpolation: 0, interpolation_duration: 1 }
$data merge entity $(bone_rightwing21) { transformation: [-0.2549333074574056f,1.9336637872561528f,2.224340234252426f,-1.289474807611557f,0.25493330745740667f,2.238744932120396f,-1.9169679832394655f,0.25565376620754726f,-2.9362823652722465f,0.026487692812854936f,-0.3595558157390816f,2.457620461329652f,0f,0f,0f,1f], start_interpolation: 0, interpolation_duration: 1 }
$data merge entity $(bone_rightwing22) { transformation: [-0.06009918401629037f,1.9336637872561528f,2.238094849876985f,-1.289474807611557f,0.08688844085334557f,2.238744932120396f,-1.9318922430773489f,0.25565376620754726f,-2.956446278564481f,0.026487692812854936f,-0.10227372684517289f,2.457620461329652f,0f,0f,0f,1f], start_interpolation: 0, interpolation_duration: 1 }
$data merge entity $(bone_rightwing23) { transformation: [0.133288213173025f,1.9064290860271926f,2.203339927615145f,-1.289474807611557f,-0.08066533728901283f,2.207213313358137f,-1.9049007683181525f,0.25565376620754726f,-2.9125026695324485f,0.026114626716899233f,0.1535925476129783f,2.457620461329652f,0f,0f,0f,1f], start_interpolation: 0, interpolation_duration: 1 }
$data merge entity $(bone_rightwing1) { transformation: [-0.30077945941041795f,1.307265658990075f,-1.4834379709384629f,-0.8383056184959301f,0.2365654318077444f,1.5135177005884368f,1.2858075153299995f,-0.09919438150406934f,1.9630508178013109f,0.01790717260587376f,-0.3822444504487559f,-0.486955765372314f,0f,0f,0f,1f], start_interpolation: 0, interpolation_duration: 1 }
$data merge entity $(bone_rightwing) { transformation: [-0.10053707899728671f,0.7625716344108772f,0.8772045994234918f,-0.6875000000000001f,0.10053707899728712f,0.8828853253432549f,-0.7559873736719017f,-0.25f,-1.1579705102482094f,0.010445850686759694f,-0.1417966597280885f,1.25f,0f,0f,0f,1f], start_interpolation: 0, interpolation_duration: 1 }
$data merge entity $(bone_head) { transformation: [-1.2269070000000002f,-2.8585098916589376e-18f,1.5022557947118582e-16f,-4.255937072381852e-16f,0f,1.2266849476582045f,0.02334150461707954f,-0.3804367073818858f,-1.5025277304014817e-16f,0.02334150461707954f,-1.2266849476582045f,3.475236350060279f,0f,0f,0f,1f], start_interpolation: 0, interpolation_duration: 1 }
$data merge entity $(bone_neck4) { transformation: [-1.0497600000000002f,5.818414813839567e-17f,1.1463812011636107e-16f,-4.1661057010158776e-16f,0f,0.936091289310327f,-0.4751096249049582f,-0.38087820614749796f,-1.2855852238729257e-16f,-0.4751096249049582f,-0.936091289310327f,3.401883468700104f,0f,0f,0f,1f], start_interpolation: 0, interpolation_duration: 1 }
$data merge entity $(bone_neck3) { transformation: [-1.1664000000000003f,6.853924082933014e-17f,1.2532533158214127e-16f,-3.6178073753440094e-16f,0f,1.023358993543262f,-0.5596653735350455f,-0.6257318070690804f,-1.428428026525473e-16f,-0.5596653735350455f,-1.023358993543262f,2.9541639090249268f,0f,0f,0f,1f], start_interpolation: 0, interpolation_duration: 1 }
$data merge entity $(bone_neck2) { transformation: [-1.2960000000000003f,6.743192808692037e-17f,1.4367720885942278e-16f,-3.2586143531954524e-16f,0f,1.173213443741138f,-0.550623478817477f,-0.7633876767734497f,-1.58714225169497e-16f,-0.550623478817477f,-1.173213443741138f,2.660860548089642f,0f,0f,0f,1f], start_interpolation: 0, interpolation_duration: 1 }
$data merge entity $(bone_neck1) { transformation: [-1.4400000000000002f,5.238784820752936e-17f,1.6838804058917353e-16f,-2.8376442517225186e-16f,0f,1.374992697538685f,-0.4277792441380145f,-0.8703324878079532f,-1.7634913907721887e-16f,-0.4277792441380145f,-1.374992697538685f,2.317112373704971f,0f,0f,0f,1f], start_interpolation: 0, interpolation_duration: 1 }
$data merge entity $(bone_neck0) { transformation: [-1.6f,3.043551873472561e-17f,1.9356531103349001e-16f,-2.372753173347997e-16f,0f,1.580580712481817f,-0.24852487064773288f,-1.03125f,-1.9594348786357652e-16f,-0.24852487064773288f,-1.580580712481817f,1.9375f,0f,0f,0f,1f], start_interpolation: 0, interpolation_duration: 1 }
$data merge entity $(bone_frontlegl) { transformation: [-0.9659258262890683f,-0.11758964586644868f,0.2305644666742556f,0.44275194666651f,0f,0.8908326919409143f,0.4543315033863534f,-0.8092208394720868f,-0.25881904510252085f,0.438850532817618f,-0.8604783040483427f,1.4178990278720638f,0f,0f,0f,1f], start_interpolation: 0, interpolation_duration: 1 }
$data merge entity $(bone_frontlegtipleft) { transformation: [-0.9659258262890683f,0.25152280967988844f,0.06102109732310085f,0.8808495631717808f,0f,0.23576741541152746f,-0.9718095110823768f,-1.7554095944669847f,-0.25881904510252085f,-0.9386959049878203f,-0.22773383554341758f,0.7488222906886366f,0f,0f,0f,1f], start_interpolation: 0, interpolation_duration: 1 }
$data merge entity $(bone_frontfootleftd) { transformation: [-0.9659258262890681f,-0.10823663292286362f,0.23510025393712772f,0.4089330445011029f,1.9802806854173652e-16f,0.908357628179959f,0.4181942363630552f,-2.382735602941826f,-0.25881904510252063f,0.40394461330831f,-0.8774060925657052f,2.469160734330079f,0f,0f,0f,1f], start_interpolation: 0, interpolation_duration: 1 }
$data merge entity $(bone_frontfootleft) { transformation: [0.9659258262890683f,0.0757660954505065f,0.24748090206714013f,0.524190918623556f,-8.09282258904467e-17f,-0.9561927792798651f,0.292737713410908f,-2.1892788409327784f,0.25881904510252074f,-0.28276291771240375f,-0.9236113004175444f,2.0798904731012593f,0f,0f,0f,1f], start_interpolation: 0, interpolation_duration: 1 }
$data merge entity $(bone_frontlegr) { transformation: [-0.9659258262890683f,0.20024817078799456f,-0.16397551098820437f,-0.8749586739449523f,0f,0.6335527237698144f,0.7736995193250731f,-0.8717941265031172f,0.2588190451025206f,0.7473363475035263f,-0.6119649382050479f,1.5626538318701397f,0f,0f,0f,1f], start_interpolation: 0, interpolation_duration: 1 }
$data merge entity $(bone_frontlegtipright) { transformation: [-0.9659258262890683f,-0.17751364520034943f,-0.18835127787053915f,-0.9004047881118731f,0f,0.7277334548388104f,-0.6858600576709286f,-1.430355831097493f,0.2588190451025206f,-0.6624899429244597f,-0.7029365386833762f,0.5017618146549241f,0f,0f,0f,1f], start_interpolation: 0, interpolation_duration: 1 }
$data merge entity $(bone_frontfootrightd) { transformation: [-0.9659258262890679f,0.023108401200643183f,-0.2577853756552741f,-0.5952687212226183f,1.1054789328329817e-16f,0.9960062079402336f,0.08928400609580212f,-2.82847149072176f,0.25881904510252063f,0.08624172736248575f,-0.9620681193937122f,1.6814231004759126f,0f,0f,0f,1f], start_interpolation: 0, interpolation_duration: 1 }
$data merge entity $(bone_frontfootright) { transformation: [0.9659258262890681f,-0.16873190245342462f,-0.19625708446379367f,-0.6650826523060696f,-1.7685480394256926e-17f,-0.7582791459030936f,0.6519300091946026f,-2.4838694028431343f,-0.25881904510252063f,-0.6297160328139366f,-0.7324414105642149f,1.3799959816278067f,0f,0f,0f,1f], start_interpolation: 0, interpolation_duration: 1 }
$data merge entity $(bone_rearlegl) { transformation: [-1.0464196451464907f,-0.03500136337798993f,-0.2781940724104047f,-0.020794610880626285f,0f,1.0748593570469651f,-0.13523488336851552f,-0.5382825738811954f,0.28038729886106395f,-0.13062686646083915f,-1.0382344126001264f,-1.4788671711395758f,0f,0f,0f,1f], start_interpolation: 0, interpolation_duration: 1 }
$data merge entity $(bone_rearfootleftd) { transformation: [-0.9659258262890683f,-0.00022749223600979085f,-0.25881894512392856f,0.6078653233037216f,0f,0.9999996137123836f,-0.0008789625041682458f,-2.946324076604204f,0.2588190451025206f,-0.0008490125831158712f,-0.9659254531638832f,-1.7889723783756222f,0f,0f,0f,1f], start_interpolation: 0, interpolation_duration: 1 }
$data merge entity $(bone_rearfootleft) { transformation: [-0.9659258262890683f,0.21692788770316054f,-0.1411721985534884f,0.5379254227610933f,0f,0.545447490147291f,0.8381449966992709f,-2.301918455105044f,0.2588190451025206f,0.8095858984867917f,-0.5268618176178206f,-2.0499916406770247f,0f,0f,0f,1f], start_interpolation: 0, interpolation_duration: 1 }
$data merge entity $(bone_rearlegtipleft) { transformation: [-0.9659258262890683f,0.24779628325290898f,-0.07472817483268729f,0.7300218527979785f,0f,0.2887274960893499f,0.9574113186097052f,-2.0730291664288005f,0.2588190451025206f,0.924788319026586f,-0.27888934523247905f,-1.091596547254501f,0f,0f,0f,1f], start_interpolation: 0, interpolation_duration: 1 }
$data merge entity $(bone_rearlegr) { transformation: [-1.0464196451464907f,0.13459394356008966f,0.24597054238169896f,-1.2925554276921278f,7.517135062566164e-18f,0.950357197571251f,-0.5200310645871351f,-0.6241918691228266f,-0.2803872988610642f,-0.5023114357573124f,-0.917974561333774f,-1.9064271049187864f,0f,0f,0f,1f], start_interpolation: 0, interpolation_duration: 1 }
$data merge entity $(bone_rearfootrightd) { transformation: [-0.9659258262890683f,-0.12257618427802416f,0.2279525765496425f,-0.7379611114595345f,6.938893903907228e-18f,0.8807411234337417f,0.47359800832844606f,-2.5918745990585643f,-0.25881904510252085f,0.4574605475235112f,-0.8507305973994992f,-1.3199052483928078f,0f,0f,0f,1f], start_interpolation: 0, interpolation_duration: 1 }
$data merge entity $(bone_rearfootright) { transformation: [-0.9659258262890683f,-0.2116785930540297f,0.1489277386870802f,-0.6620331152439205f,6.938893903907228e-18f,0.5754125961947213f,0.8178632796136838f,-1.9576670197998165f,-0.25881904510252085f,0.7899952641523347f,-0.5558058874365243f,-1.6032723879863764f,0f,0f,0f,1f], start_interpolation: 0, interpolation_duration: 1 }
$data merge entity $(bone_rearlegtipright) { transformation: [-0.9659258262890683f,-0.2581059343001354f,0.019199603819739012f,-0.9817093889258564f,6.938893903907228e-18f,0.07418157273601661f,0.9972447514358805f,-1.9458132440285425f,-0.25881904510252085f,0.9632644605431394f,-0.07165389694045958f,-0.651705749203366f,0f,0f,0f,1f], start_interpolation: 0, interpolation_duration: 1 }
$data merge entity $(bone_tail11) { transformation: [-0.28802169488856083f,0.01973395943702403f,-0.05432081374902073f,0.459399037065776f,-0.014617219383044845f,0.2423795233318393f,0.1677150095655251f,-1.9838046775863478f,0.06432833350718924f,0.19969785179522526f,-0.256859993913642f,-8.048651508398086f,0f,0f,0f,1f], start_interpolation: 0, interpolation_duration: 1 }
$data merge entity $(bone_tail10) { transformation: [-0.38804773693428607f,0.011995725756445617f,-0.051878420712011264f,0.4885806487162823f,-0.009552839953779023f,0.35993062089369066f,0.15869795083502097f,-2.073072274931047f,0.061322831425222796f,0.19595778794545746f,-0.39164486022043393f,-7.828351274524091f,0f,0f,0f,1f], start_interpolation: 0, interpolation_duration: 1 }
$data merge entity $(bone_tail9) { transformation: [-0.4888784511869807f,0.002275561125181632f,-0.026564498608083003f,0.503523179183329f,-0.0030236921978528857f,0.479612685382301f,0.10898944159794288f,-2.13437883582989f,0.03319124521299832f,0.14648006428131558f,-0.5319605209352238f,-7.5291234814980275f,0f,0f,0f,1f], start_interpolation: 0, interpolation_duration: 1 }
$data merge entity $(bone_tail8) { transformation: [-0.575684053524766f,-0.003417988699164029f,0.018943972617302345f,0.4928671945860964f,-0.002094531251746093f,0.5783956714578998f,0.01691532145830786f,-2.143893704150188f,-0.0173824576321088f,0.048031549953901714f,-0.6482928676746877f,-7.164458743431015f,0f,0f,0f,1f], start_interpolation: 0, interpolation_duration: 1 }
$data merge entity $(bone_tail7) { transformation: [-0.6735229104434239f,0.0004162023899992925f,0.07470948072600933f,0.4508431116777161f,-0.011200753637989622f,0.6712122231494645f,-0.11306671809438586f,-2.080293675222096f,-0.07881494487362248f,-0.09377915249679863f,-0.7551903466419845f,-6.739664173444899f,0f,0f,0f,1f], start_interpolation: 0, interpolation_duration: 1 }
$data merge entity $(bone_tail6) { transformation: [-0.7879060043195372f,0.011867898351001112f,0.12105654487885845f,0.38274880518335824f,-0.0232266774600106f,0.7657855492546989f,-0.23337968454796398f,-1.9490176026638664f,-0.12987780340066504f,-0.2244564732078069f,-0.8619053622925239f,-6.254842407155354f,0f,0f,0f,1f], start_interpolation: 0, interpolation_duration: 1 }
$data merge entity $(bone_tail5) { transformation: [-0.8736910956602605f,0.021665441273331636f,0.14448261421730377f,0.30147733468612486f,-0.029764883362737287f,0.8327731121272531f,-0.312242959881208f,-1.7733809377306868f,-0.1562035796556442f,-0.309453347655443f,-0.938082790224219f,-5.7271708376542305f,0f,0f,0f,1f], start_interpolation: 0, interpolation_duration: 1 }
$data merge entity $(bone_tail4) { transformation: [-0.9721946167852642f,0.017966537967516072f,0.15250080179714343f,0.2156956336752317f,-0.030237709825041183f,0.9377963587054129f,-0.31187969282813627f,-1.5979486105148601f,-0.16396381118894565f,-0.3040565299790671f,-1.0561397828226908f,-5.133092209816467f,0f,0f,0f,1f], start_interpolation: 0, interpolation_duration: 1 }
$data merge entity $(bone_tail3) { transformation: [-1.0847309022562248f,0.014140672149834083f,0.13833392198718952f,0.1378828025574376f,-0.024490260323892104f,1.0532660318253462f,-0.31144881653571804f,-1.4227586512135186f,-0.14743100095287073f,-0.2974020985057004f,-1.1892090846029926f,-4.464162099727283f,0f,0f,0f,1f], start_interpolation: 0, interpolation_duration: 1 }
$data merge entity $(bone_tail2) { transformation: [-1.209289998736567f,0.01098889887520234f,0.11837316370438516f,0.07129789797372094f,-0.018024430031865032f,1.1803614530241897f,-0.31065692974732756f,-1.248014128230647f,-0.12434949247348831f,-0.28975315466207513f,-1.3351248190313199f,-3.713154389022166f,0f,0f,0f,1f], start_interpolation: 0, interpolation_duration: 1 }
$data merge entity $(bone_tail1) { transformation: [-1.3474082279630888f,0.008620988277546888f,0.08529416714557031f,0.023319928954337633f,-0.009325616936857071f,1.3204323744229518f,-0.30981193736702994f,-1.0737449134616925f,-0.08653060260228532f,-0.28140051243896225f,-1.4955787502339037f,-2.871891342015595f,0f,0f,0f,1f], start_interpolation: 0, interpolation_duration: 1 }
$data merge entity $(bone_tail0) { transformation: [-1.4994637614338187f,0.007286508425497431f,0.044696099663487546f,2.4492935982947064e-16f,-6.505213034913027e-19f,1.4750352233750388f,-0.30886419132076925f,-0.53125f,-0.04010521346089328f,-0.27242980122944427f,-1.6711089641297f,-2f,0f,0f,0f,1f], start_interpolation: 0, interpolation_duration: 1 }