# This file was generated by Animated Java via MC-Build. It is not recommended to edit this file directly.
$data merge entity $(bone_leftwing20) { transformation: [-0.44890514564420136f,-1.9193444166732774f,-2.2059776271554505f,1.2933504479469162f,-0.4197819326794115f,2.251005097201524f,-1.8730977797434412f,0.2511376438978213f,2.8937870361035927f,0.028795375826466157f,-0.6139246917341864f,2.4575648535345636f,0f,0f,0f,1f], start_interpolation: 0, interpolation_duration: 1 }
$data merge entity $(bone_leftwing21) { transformation: [-0.25491962723344297f,-1.9192414208672557f,-2.2365878515180095f,1.2933504479469162f,-0.25491962723344325f,2.250884303829406f,-1.902454388390143f,0.2511376438978213f,2.936124798570673f,0.028793830609819694f,-0.3593590794963834f,2.4575648535345636f,0f,0f,0f,1f], start_interpolation: 0, interpolation_duration: 1 }
$data merge entity $(bone_leftwing22) { transformation: [-0.05913206660380617f,-1.922947377572632f,-2.254639872491868f,1.2933504479469162f,-0.08830994917175085f,2.2552306459248337f,-1.9211351486564354f,0.2511376438978213f,2.9619805746191f,0.028849430019285187f,-0.10228860548035872f,2.4575648535345636f,0f,0f,0f,1f], start_interpolation: 0, interpolation_duration: 1 }
$data merge entity $(bone_leftwing23) { transformation: [0.1354055837637684f,-1.8923113967201324f,-2.2153481329518256f,1.2933504479469162f,0.07819805350223426f,2.21930080005784f,-1.890908106634359f,0.2511376438978213f,2.9124722894404513f,0.028389807152853958f,0.15376484167640211f,2.4575648535345636f,0f,0f,0f,1f], start_interpolation: 0, interpolation_duration: 1 }
$data merge entity $(bone_leftwing1) { transformation: [-0.3033632196339906f,-1.297584957750948f,1.4913899672425626f,0.8383056184959303f,-0.23355468360126033f,1.5218062628968048f,1.276541385140324f,-0.09919438150406923f,-1.9630137459379182f,0.01946729633338557f,-0.3823585459124118f,-0.486955765372314f,0f,0f,0f,1f], start_interpolation: 0, interpolation_duration: 1 }
$data merge entity $(bone_leftwing) { transformation: [-0.100537078997287f,-0.756924558688053f,-0.8820819799274335f,0.6874999999999999f,-0.10053707899728717f,0.8877203200231362f,-0.7503039652539665f,-0.25f,1.1579705102482094f,0.011355922861141584f,-0.14172667893726026f,1.25f,0f,0f,0f,1f], start_interpolation: 0, interpolation_duration: 1 }
$data merge entity $(bone_rightwing20) { transformation: [-0.4489051456442005f,1.9193444166732774f,2.2059776271554505f,-1.2933504479469167f,0.4197819326794115f,2.251005097201524f,-1.8730977797434412f,0.2511376438978213f,-2.8937870361035922f,0.02879537582646663f,-0.6139246917341856f,2.457564853534563f,0f,0f,0f,1f], start_interpolation: 0, interpolation_duration: 1 }
$data merge entity $(bone_rightwing21) { transformation: [-0.2549333074574056f,1.9193444166732774f,2.2367078776731355f,-1.2933504479469167f,0.25493330745740683f,2.251005097201524f,-1.9025564833225581f,0.2511376438978213f,-2.936282365272246f,0.02879537582646663f,-0.3593783644480523f,2.457564853534563f,0f,0f,0f,1f], start_interpolation: 0, interpolation_duration: 1 }
$data merge entity $(bone_rightwing22) { transformation: [-0.05902127286792033f,1.9193444166732774f,2.2504154306805852f,-1.2933504479469167f,0.08814448583271166f,2.251005097201524f,-1.917535583268576f,0.2511376438978213f,-2.9564308126654097f,0.02879537582646663f,-0.10209695080987996f,2.457564853534563f,0f,0f,0f,1f], start_interpolation: 0, interpolation_duration: 1 }
$data merge entity $(bone_rightwing23) { transformation: [0.13540558376376924f,1.8923113967201324f,2.2153481329518256f,-1.2933504479469167f,-0.07819805350223426f,2.21930080005784f,-1.890908106634359f,0.2511376438978213f,-2.912472289440451f,0.028389807152854423f,0.15376484167640275f,2.457564853534563f,0f,0f,0f,1f], start_interpolation: 0, interpolation_duration: 1 }
$data merge entity $(bone_rightwing1) { transformation: [-0.3033632196339911f,1.297584957750948f,-1.4913899672425623f,-0.8383056184959301f,0.23355468360126033f,1.5218062628968048f,1.276541385140324f,-0.09919438150406923f,1.963013745937918f,0.01946729633338589f,-0.38235854591241225f,-0.486955765372314f,0f,0f,0f,1f], start_interpolation: 0, interpolation_duration: 1 }
$data merge entity $(bone_rightwing) { transformation: [-0.10053707899728671f,0.756924558688053f,0.8820819799274335f,-0.6875000000000001f,0.10053707899728717f,0.8877203200231362f,-0.7503039652539665f,-0.25f,-1.1579705102482094f,0.01135592286114177f,-0.14172667893726004f,1.25f,0f,0f,0f,1f], start_interpolation: 0, interpolation_duration: 1 }
$data merge entity $(bone_head) { transformation: [-1.2269070000000002f,-2.102933374574285e-18f,1.5023805602268813e-16f,-4.2528452835024637e-16f,0f,1.2267868264326476f,0.017171754141997585f,-0.3758191377634855f,-1.5025277304014817e-16f,0.017171754141997585f,-1.2267868264326476f,3.4727117128493377f,0f,0f,0f,1f], start_interpolation: 0, interpolation_duration: 1 }
$data merge entity $(bone_neck4) { transformation: [-1.0497600000000002f,5.875997004480217e-17f,1.143440405038144e-16f,-4.163017767548579e-16f,0f,0.9336899470396295f,-0.47981156759412724f,-0.3766295498931301f,-1.2855852238729257e-16f,-0.47981156759412724f,-0.9336899470396295f,3.3993619796720442f,0f,0f,0f,1f], start_interpolation: 0, interpolation_duration: 1 }
$data merge entity $(bone_neck3) { transformation: [-1.1664000000000003f,6.97835033232132e-17f,1.246367880425906e-16f,-3.6177318198622453e-16f,0f,1.017736608868513f,-0.5698255478379497f,-0.6259282270722331f,-1.428428026525473e-16f,-0.5698255478379497f,-1.017736608868513f,2.95410221329207f,0f,0f,0f,1f], start_interpolation: 0, interpolation_duration: 1 }
$data merge entity $(bone_neck2) { transformation: [-1.2960000000000003f,6.839107576084066e-17f,1.4322313370202712e-16f,-3.259673985607178e-16f,0f,1.1695056387012537f,-0.5584555139364035f,-0.765542105556334f,-1.58714225169497e-16f,-0.5584555139364035f,-1.1695056387012537f,2.661725803616757f,0f,0f,0f,1f], start_interpolation: 0, interpolation_duration: 1 }
$data merge entity $(bone_neck1) { transformation: [-1.4400000000000002f,5.2201546972788444e-17f,1.6844588848328724e-16f,-2.8385592643989596e-16f,0f,1.3754650614411097f,-0.42625797910983965f,-0.8721066003337938f,-1.7634913907721887e-16f,-0.42625797910983965f,-1.3754650614411097f,2.3178595382564793f,0f,0f,0f,1f], start_interpolation: 0, interpolation_duration: 1 }
$data merge entity $(bone_neck0) { transformation: [-1.6f,2.9531456844764846e-17f,1.937053006315763e-16f,-2.372753173347997e-16f,0f,1.5817238142984693f,-0.2411426450902072f,-1.03125f,-1.9594348786357652e-16f,-0.2411426450902072f,-1.5817238142984693f,1.9375f,0f,0f,0f,1f], start_interpolation: 0, interpolation_duration: 1 }
$data merge entity $(bone_frontlegl) { transformation: [-0.9659258262890683f,-0.11753316464263108f,0.23059326381503187f,0.44275611698600237f,0f,0.8909439555489107f,0.45411327669521007f,-0.8092207879969574f,-0.2588190451025208f,0.43863974202065703f,-0.8605857764408326f,1.4178834640278346f,0f,0f,0f,1f], start_interpolation: 0, interpolation_duration: 1 }
$data merge entity $(bone_frontlegtipleft) { transformation: [-0.9659258262890683f,0.25056073607618706f,0.06485842770789353f,0.8802080059378097f,0f,0.25059372150222736f,-0.968092344119952f,-1.7535220375618708f,-0.2588190451025208f,-0.9351053974181858f,-0.24205494750489165f,0.75121661488178f,0f,0f,0f,1f], start_interpolation: 0, interpolation_duration: 1 }
$data merge entity $(bone_frontfootleftd) { transformation: [-0.9659258262890681f,-0.10650935887257311f,0.2358878008298311f,0.41003726773186466f,1.9662250881865355e-16f,0.9114004757122627f,0.41152056190603725f,-2.4017606601245003f,-0.2588190451025206f,0.39749833879403057f,-0.8803452575826172f,2.465039717129978f,0f,0f,0f,1f], start_interpolation: 0, interpolation_duration: 1 }
$data merge entity $(bone_frontfootleft) { transformation: [0.9659258262890683f,0.07570547173237326f,0.24749945385305294f,0.5253074036235869f,-7.951388807098078e-17f,-0.956264457876413f,0.2925034813507858f,-2.208403315361541f,0.2588190451025207f,-0.28253666691618673f,-0.923680536625142f,2.0757236943552555f,0f,0f,0f,1f], start_interpolation: 0, interpolation_duration: 1 }
$data merge entity $(bone_frontlegr) { transformation: [-0.9659258262890683f,0.20559551736682102f,-0.15721889627665553f,-0.8749264364869899f,0f,0.6074471691771356f,0.7943600799755011f,-0.8707242784121993f,0.2588190451025206f,0.7672929166213862f,-0.5867489088143802f,1.5627741437011624f,0f,0f,0f,1f], start_interpolation: 0, interpolation_duration: 1 }
$data merge entity $(bone_frontlegtipright) { transformation: [-0.9659258262890683f,-0.17526767362280518f,-0.19044301166131145f,-0.9056546962978935f,0f,0.7358152935997241f,-0.6771822898634838f,-1.3958629757691792f,0.2588190451025206f,-0.654107862884709f,-0.7107429954664469f,0.48216889056962436f,0f,0f,0f,1f], start_interpolation: 0, interpolation_duration: 1 }
$data merge entity $(bone_frontfootrightd) { transformation: [-0.9659258262890683f,0.018095203715481428f,-0.25818571166948007f,-0.6067817620411998f,1.0640059660414112e-16f,0.9975529875214946f,0.06991449840298114f,-2.8147884771823772f,0.25881904510252074f,0.06753221963948552f,-0.9635621937388283f,1.6384558471913526f,0f,0f,0f,1f], start_interpolation: 0, interpolation_duration: 1 }
$data merge entity $(bone_frontfootright) { transformation: [0.9659258262890683f,-0.1751712846541545f,-0.19053167490051048f,-0.6735824500659987f,-1.6247259661464295e-17f,-0.7361578620500631f,0.676809871486727f,-2.4600840476908123f,-0.2588190451025207f,-0.6537481343564151f,-0.711073891179901f,1.3482743045336916f,0f,0f,0f,1f], start_interpolation: 0, interpolation_duration: 1 }
$data merge entity $(bone_rearlegl) { transformation: [-1.0464196451464907f,-0.0319181987716628f,-0.27856465308753053f,-0.020364045664774677f,-1.879283765641541e-18f,1.076291170834003f,-0.12332245008870851f,-0.53630836282533f,0.28038729886106395f,-0.11912033950192817f,-1.039617438515463f,-1.4772602798780459f,0f,0f,0f,1f], start_interpolation: 0, interpolation_duration: 1 }
$data merge entity $(bone_rearfootleftd) { transformation: [-0.9659258262890683f,0.008961451776229229f,-0.2586638561721427f,0.6006221217945951f,-1.734723475976807e-18f,0.999400396016775f,0.0346243908468154f,-2.93827563311507f,0.2588190451025206f,0.03344459333846578f,-0.9653466533161255f,-1.8160043744171404f,0f,0f,0f,1f], start_interpolation: 0, interpolation_duration: 1 }
$data merge entity $(bone_rearfootleft) { transformation: [-0.9659258262890683f,0.21888978253150504f,-0.13811068463768844f,0.5330322489226225f,-1.734723475976807e-18f,0.5336187087120328f,0.8457251762319142f,-2.290137235866625f,0.2588190451025206f,0.8169077896652797f,-0.515436092135976f,-2.0682532140524637f,0f,0f,0f,1f], start_interpolation: 0, interpolation_duration: 1 }
$data merge entity $(bone_rearlegtipleft) { transformation: [-0.9659258262890683f,0.24907143059959663f,-0.07036135705663236f,0.7261309001951919f,-1.734723475976807e-18f,0.2718554078149913f,0.9623381096276633f,-2.0784279599033626f,0.2588190451025206f,0.9295472337115606f,-0.2625921594248471f,-1.1061177800579427f,0f,0f,0f,1f], start_interpolation: 0, interpolation_duration: 1 }
$data merge entity $(bone_rearlegr) { transformation: [-1.0464196451464907f,0.14270707654559914f,0.24135394686313344f,-1.292046168943173f,1.5034270125132327e-17f,0.9325200422076f,-0.5513778033184206f,-0.6326205319215247f,-0.28038729886106417f,-0.5325900602677968f,-0.9007451923004929f,-1.9083276844440848f,0f,0f,0f,1f], start_interpolation: 0, interpolation_duration: 1 }
$data merge entity $(bone_rearfootrightd) { transformation: [-0.9659258262890683f,-0.0983284335854983f,0.2394134859534921f,-0.7581632524345178f,1.3877787807814457e-17f,0.9250226769774923f,0.37991189383512863f,-2.609594999932519f,-0.2588190451025208f,0.36696670996974146f,-0.8935032935956101f,-1.2445098318525012f,0f,0f,0f,1f], start_interpolation: 0, interpolation_duration: 1 }
$data merge entity $(bone_rearfootright) { transformation: [-0.9659258262890683f,-0.20324403263967283f,0.16024718813178696f,-0.6733988146738733f,1.3877787807814457e-17f,0.6191475904267844f,0.7852746406631931f,-1.9923252356732257f,-0.2588190451025208f,0.758517056146446f,-0.5980506478778772f,-1.560855020250236f,0f,0f,0f,1f], start_interpolation: 0, interpolation_duration: 1 }
$data merge entity $(bone_rearlegtipright) { transformation: [-0.9659258262890683f,-0.25606607545054544f,0.037649211295009755f,-0.9921883299734237f,1.3877787807814457e-17f,0.14546538211705612f,0.9893633420566678f,-1.9086950624347114f,-0.2588190451025208f,0.9556516036762008f,-0.14050876941787244f,-0.6125978088043258f,0f,0f,0f,1f], start_interpolation: 0, interpolation_duration: 1 }
$data merge entity $(bone_tail11) { transformation: [-0.2873120908789956f,0.024728321080596624f,-0.05603621128921138f,0.42573816028347194f,-0.012674084193403535f,0.2389411851288702f,0.17267296266957308f,-1.934738732255413f,0.0691492496231941f,0.20403419245324414f,-0.25219058530283844f,-8.056385544601822f,0f,0f,0f,1f], start_interpolation: 0, interpolation_duration: 1 }
$data merge entity $(bone_tail10) { transformation: [-0.38691820315856784f,0.018065370768357132f,-0.058221863459160826f,0.4584879584792499f,-0.007698263646391345f,0.3567554922839809f,0.16569982549668888f,-2.0279448840973004f,0.07081297549669699f,0.20267755334254214f,-0.38663111539347894f,-7.8389055421929905f,0f,0f,0f,1f], start_interpolation: 0, interpolation_duration: 1 }
$data merge entity $(bone_tail9) { transformation: [-0.4880871011583611f,0.008142364752634688f,-0.03776647884761557f,0.47973160283103367f,-0.000429255537084927f,0.47748678962676067f,0.11775326992155999f,-2.094181098428178f,0.047404273993557185f,0.15552462149838964f,-0.5283491990737124f,-7.541709117714027f,0f,0f,0f,1f], start_interpolation: 0, interpolation_duration: 1 }
$data merge entity $(bone_tail8) { transformation: [-0.5759962645833088f,0.0007538273944955789f,0.00472962139587263f,0.4770711907958553f,0.0018149189890034056f,0.5779662557085932f,0.02656229831835348f,-2.1091223912322516f,-0.000634946148721921f,0.0585682471179743f,-0.6477101640213727f,-7.177372150452005f,0f,0f,0f,1f], start_interpolation: 0, interpolation_duration: 1 }
$data merge entity $(bone_tail7) { transformation: [-0.6749853041402296f,0.001965727422226034f,0.060185571222543324f,0.44321680698317467f,-0.006246365128377803f,0.6727898612406391f,-0.103159599595683f,-2.05109511645968f,-0.06239483871011788f,-0.08257600950049618f,-0.7580887842625599f,-6.750947209304314f,0f,0f,0f,1f], start_interpolation: 0, interpolation_duration: 1 }
$data merge entity $(bone_tail6) { transformation: [-0.7897406779671912f,0.011579720876278149f,0.1085811505842717f,0.38213990977952184f,-0.018283446209363504f,0.7687613080865949f,-0.2235060946212464f,-1.9253729382352285f,-0.11586645995492545f,-0.21328769610826465f,-0.866798762434472f,-6.263372905434924f,0f,0f,0f,1f], start_interpolation: 0, interpolation_duration: 1 }
$data merge entity $(bone_tail5) { transformation: [-0.8751616389620388f,0.0206899397132791f,0.13554717925780752f,0.3058946214470051f,-0.025848628856427112f,0.8362083796086579f,-0.3029769923598568f,-1.754948380032809f,-0.14597729114018237f,-0.29915706489945726f,-0.9431398008616686f,-5.732856767450236f,0f,0f,0f,1f], start_interpolation: 0, interpolation_duration: 1 }
$data merge entity $(bone_tail4) { transformation: [-0.972894118894723f,0.01755283435923627f,0.1481400745869324f,0.2225658294918556f,-0.027724438305739525f,0.9406356322321048f,-0.3030723207230128f,-1.5844701996261144f,-0.15871372284736512f,-0.29446129153574535f,-1.0597460851080949f,-5.136749594576933f,0f,0f,0f,1f], start_interpolation: 0, interpolation_duration: 1 }
$data merge entity $(bone_tail3) { transformation: [-1.084681134141799f,0.014167912345211094f,0.13887598760027858f,0.1444480864666989f,-0.023452229000389985f,1.0554978352849698f,-0.30341688297886515f,-1.4137982029505027f,-0.14749387379667098f,-0.28891442787968186f,-1.1913920748045705f,-4.466591552499362f,0f,0f,0f,1f], start_interpolation: 0, interpolation_duration: 1 }
$data merge entity $(bone_tail2) { transformation: [-1.2089816815534977f,0.011288643819375492f,0.12167290287538193f,0.07600707859929656f,-0.01775518350283229f,1.1820039606429265f,-0.3037911045283692f,-1.242915706653295f,-0.1273741661262592f,-0.282733178419123f,-1.3364545229120157f,-3.714835883361353f,0f,0f,0f,1f], start_interpolation: 0, interpolation_duration: 1 }
$data merge entity $(bone_tail1) { transformation: [-1.3471245814162165f,0.009084432036915282f,0.08998238269762737f,0.02539198833188116f,-0.009444596106736279f,1.3215338468964464f,-0.30437044621306963f,-1.0717073306584433f,-0.09099454119122015f,-0.27610218214942217f,-1.4964228370056545f,-2.873098037545672f,0f,0f,0f,1f], start_interpolation: 0, interpolation_duration: 1 }
$data merge entity $(bone_tail0) { transformation: [-1.4993660525326218f,0.007822337402053256f,0.04861790699092307f,2.4492935982947064e-16f,-6.505213034913027e-19f,1.4756674022443252f,-0.30496085350642127f,-0.53125f,-0.04360551011905706f,-0.26896938299935413f,-1.6717162369697967f,-2f,0f,0f,0f,1f], start_interpolation: 0, interpolation_duration: 1 }