# This file was generated by Animated Java via MC-Build. It is not recommended to edit this file directly.
$data merge entity $(bone_leftwing20) { transformation: [-0.45053216473467905f,-1.8973731824815718f,-2.2245745404571973f,1.2992004113905535f,-0.4178548942878787f,2.2695081446265157f,-1.851071630138793f,0.24420895805084392f,2.8938130843180363f,0.03230942563364491f,-0.6136269592806973f,2.457471196918509f,0f,0f,0f,1f], start_interpolation: 0, interpolation_duration: 1 }
$data merge entity $(bone_leftwing21) { transformation: [-0.2549196272334434f,-1.8972713656953004f,-2.2552548002483435f,1.2992004113905535f,-0.25491962723344325f,2.2693863583443883f,-1.8803452889538397f,0.24420895805084392f,2.936124798570672f,0.03230769184615668f,-0.3590602257912303f,2.457471196918509f,0f,0f,0f,1f], start_interpolation: 0, interpolation_duration: 1 }
$data merge entity $(bone_leftwing22) { transformation: [-0.05750199330059165f,-1.9009348993514468f,-2.273271695604951f,1.2992004113905535f,-0.0902406049671824f,2.273768426957724f,-1.8990676519360221f,0.24420895805084392f,2.9619544775073874f,0.03237007634136958f,-0.10199031412854005f,2.457471196918509f,0f,0f,0f,1f], start_interpolation: 0, interpolation_duration: 1 }
$data merge entity $(bone_leftwing23) { transformation: [0.13860158222613211f,-1.870649616531127f,-2.233473540926959f,1.2992004113905535f,0.0744127188541641f,2.2375432411810716f,-1.8694404070635895f,0.24420895805084392f,2.912421122214573f,0.031854363300776664f,0.154055025434285f,2.457471196918509f,0f,0f,0f,1f], start_interpolation: 0, interpolation_duration: 1 }
$data merge entity $(bone_leftwing1) { transformation: [-0.3072631952630818f,-1.2827311656213443f,1.5033928580316025f,0.8383056184959308f,-0.22893555970327542f,1.5343153653813062f,1.262325183563323f,-0.09919438150406923f,-1.9629513081938816f,0.02184299197767543f,-0.3825507095293301f,-0.48695576537231355f,0f,0f,0f,1f], start_interpolation: 0, interpolation_duration: 1 }
$data merge entity $(bone_leftwing) { transformation: [-0.10053707899728725f,-0.7482598466124508f,-0.8894439885711277f,0.6874999999999999f,-0.10053707899728717f,0.8950172964724287f,-0.7415844158779156f,-0.25f,1.1579705102482092f,0.012741745320310667f,-0.14160881481322368f,1.25f,0f,0f,0f,1f], start_interpolation: 0, interpolation_duration: 1 }
$data merge entity $(bone_rightwing20) { transformation: [-0.4505321647346784f,1.8973731824815718f,2.2245745404571973f,-1.299200411390554f,0.4178548942878787f,2.2695081446265157f,-1.851071630138793f,0.24420895805084392f,-2.893813084318036f,0.03230942563364537f,-0.6136269592806965f,2.4574711969185086f,0f,0f,0f,1f], start_interpolation: 0, interpolation_duration: 1 }
$data merge entity $(bone_rightwing21) { transformation: [-0.2549333074574062f,1.8973731824815718f,2.2553758281625025f,-1.299200411390554f,0.25493330745740683f,2.2695081446265157f,-1.8804461974047146f,0.24420895805084392f,-2.936282365272245f,0.03230942563364537f,-0.35907949470495965f,2.4574711969185086f,0f,0f,0f,1f], start_interpolation: 0, interpolation_duration: 1 }
$data merge entity $(bone_rightwing22) { transformation: [-0.057394253777443546f,1.8973731824815718f,2.269012343982332f,-1.299200411390554f,0.09007152422424429f,2.2695081446265157f,-1.8955094336639278f,0.24420895805084392f,-2.9564047644509652f,0.03230942563364537f,-0.10179921835639105f,2.4574711969185086f,0f,0f,0f,1f], start_interpolation: 0, interpolation_duration: 1 }
$data merge entity $(bone_rightwing23) { transformation: [0.1386015822261328f,1.870649616531127f,2.2334735409269584f,-1.299200411390554f,-0.0744127188541641f,2.2375432411810716f,-1.8694404070635895f,0.24420895805084392f,-2.9124211222145724f,0.03185436330077712f,0.15405502543428565f,2.4574711969185086f,0f,0f,0f,1f], start_interpolation: 0, interpolation_duration: 1 }
$data merge entity $(bone_rightwing1) { transformation: [-0.3072631952630823f,1.2827311656213443f,-1.5033928580316023f,-0.8383056184959305f,0.22893555970327542f,1.5343153653813062f,1.262325183563323f,-0.09919438150406923f,1.9629513081938814f,0.02184299197767574f,-0.3825507095293305f,-0.48695576537231355f,0f,0f,0f,1f], start_interpolation: 0, interpolation_duration: 1 }
$data merge entity $(bone_rightwing) { transformation: [-0.10053707899728696f,0.7482598466124508f,0.8894439885711277f,-0.6875000000000001f,0.10053707899728717f,0.8950172964724287f,-0.7415844158779156f,-0.25f,-1.1579705102482092f,0.01274174532031085f,-0.14160881481322346f,1.25f,0f,0f,0f,1f], start_interpolation: 0, interpolation_duration: 1 }
$data merge entity $(bone_head) { transformation: [-1.2269070000000002f,-6.203996598866068e-19f,1.5025149220728653e-16f,-4.244156012268643e-16f,0f,1.2268965412059831f,0.005065947670124575f,-0.3624029214806088f,-1.5025277304014817e-16f,0.005065947670124575f,-1.2268965412059831f,3.4656163844331194f,0f,0f,0f,1f], start_interpolation: 0, interpolation_duration: 1 }
$data merge entity $(bone_neck4) { transformation: [-1.0497600000000002f,5.988536682024343e-17f,1.1375867667658974e-16f,-4.154342662214448e-16f,0f,0.9289100886540756f,-0.48900112964765013f,-0.3639370518131471f,-1.2855852238729257e-16f,-0.48900112964765013f,-0.9289100886540756f,3.3922782185907505f,0f,0f,0f,1f], start_interpolation: 0, interpolation_duration: 1 }
$data merge entity $(bone_neck3) { transformation: [-1.1664000000000003f,7.245645711224455e-17f,1.2310210433772458e-16f,-3.615770955736903e-16f,0f,1.0052049654107054f,-0.5916518718923005f,-0.6227847457660286f,-1.428428026525473e-16f,-0.5916518718923005f,-1.0052049654107054f,2.952501046223567f,0f,0f,0f,1f], start_interpolation: 0, interpolation_duration: 1 }
$data merge entity $(bone_neck2) { transformation: [-1.2960000000000003f,7.088648987924686e-17f,1.4200461550158577e-16f,-3.260759416982939e-16f,0f,1.1595556825074376f,-0.5788321165629209f,-0.7674927749067588f,-1.58714225169497e-16f,-0.5788321165629209f,-1.1595556825074376f,2.6626121255967075f,0f,0f,0f,1f], start_interpolation: 0, interpolation_duration: 1 }
$data merge entity $(bone_neck1) { transformation: [-1.4400000000000002f,5.257350466218955e-17f,1.6833016800565196e-16f,-2.8399339969688087e-16f,0f,1.3745201320319458f,-0.42929524413727516f,-0.8748165859410776f,-1.7634913907721887e-16f,-0.42929524413727516f,-1.3745201320319458f,2.3189820925887212f,0f,0f,0f,1f], start_interpolation: 0, interpolation_duration: 1 }
$data merge entity $(bone_neck0) { transformation: [-1.6f,2.815264899830549e-17f,1.9391049169790109e-16f,-2.372753173347997e-16f,0f,1.5833993265071131f,-0.2298838246089114f,-1.03125f,-1.9594348786357652e-16f,-0.2298838246089114f,-1.5833993265071131f,1.9375f,0f,0f,0f,1f], start_interpolation: 0, interpolation_duration: 1 }
$data merge entity $(bone_frontlegl) { transformation: [-0.9659258262890683f,-0.11877242617554215f,0.22995740668253353f,0.4426644962642937f,0f,0.8884871922444697f,0.4589014155758715f,-0.8092228280904972f,-0.25881904510252085f,0.4432647290253468f,-0.8582127253159938f,1.4182253972162775f,0f,0f,0f,1f], start_interpolation: 0, interpolation_duration: 1 }
$data merge entity $(bone_frontlegtipleft) { transformation: [-0.9659258262890683f,0.24782290748861452f,0.07463983274144147f,0.880116989273713f,0f,0.2883861684594188f,-0.957514186757197f,-1.7450645574082977f,-0.25881904510252085f,-0.9248876820269507f,-0.2785596480595025f,0.7515562936965241f,0f,0f,0f,1f], start_interpolation: 0, interpolation_duration: 1 }
$data merge entity $(bone_frontfootleftd) { transformation: [-0.9659258262890683f,-0.10233397324479246f,0.23772895496282057f,0.4151098906923683f,1.9271221596908587e-16f,0.9185141490211967f,0.395388110655679f,-2.4489379190655596f,-0.2588190451025207f,0.38191558748996035f,-0.8872165383514997f,2.4461084305137377f,0f,0f,0f,1f], start_interpolation: 0, interpolation_duration: 1 }
$data merge entity $(bone_frontfootleft) { transformation: [0.9659258262890683f,0.07703632153030872f,0.24708845232600327f,0.5301091849138668f,-7.579806765845751e-17f,-0.9546764699179269f,0.29764549011373553f,-2.2533990612776638f,0.25881904510252074f,-0.28750346597932463f,-0.9221466580442045f,2.057803202613097f,0f,0f,0f,1f], start_interpolation: 0, interpolation_duration: 1 }
$data merge entity $(bone_frontlegr) { transformation: [-0.9659258262890683f,0.21582880019466033f,-0.14284686595901924f,-0.8748317597516401f,0f,0.551917908137078f,0.8338984486600223f,-0.8685494568646114f,0.25881904510252063f,0.8054840480631043f,-0.5331117614610412f,1.5631274820877827f,0f,0f,0f,1f], start_interpolation: 0, interpolation_duration: 1 }
$data merge entity $(bone_frontlegtipright) { transformation: [-0.9659258262890683f,-0.17005390628315314f,-0.19511270349626442f,-0.9153943231879605f,0f,0.753857597376493f,-0.6570378397609543f,-1.3229801052712677f,0.25881904510252063f,-0.6346498182742842f,-0.7281705226501808f,0.44582010816913037f,0f,0f,0f,1f], start_interpolation: 0, interpolation_duration: 1 }
$data merge entity $(bone_frontfootrightd) { transformation: [-0.9659258262890683f,0.008149892558429295f,-0.25869069824612323f,-0.6304876700181878f,9.725617255979038e-17f,0.9995041058267304f,0.03148876681467133f,-2.7852121084517707f,0.25881904510252085f,0.030415813104285094f,-0.9654468293000007f,1.5499841941816808f,0f,0f,0f,1f], start_interpolation: 0, interpolation_duration: 1 }
$data merge entity $(bone_frontfootright) { transformation: [0.9659258262890683f,-0.18774477779580867f,-0.1781549789317804f,-0.6908549970115943f,-1.2959082052193843e-17f,-0.6883379809287662f,0.7253901184954961f,-2.4110581417637844f,-0.25881904510252074f,-0.700673049589687f,-0.6648834329947675f,1.2838122817566102f,0f,0f,0f,1f], start_interpolation: 0, interpolation_duration: 1 }
$data merge entity $(bone_rearlegl) { transformation: [-1.0464196451464907f,-0.027319252314922403f,-0.27905321323281196f,-0.019712373566887376f,1.879283765641541e-18f,1.0781788222820945f,-0.1055534854635639f,-0.5334025903340843f,0.280387298861064f,-0.10195683766408412f,-1.0414407698002066f,-1.4748282064988554f,0f,0f,0f,1f], start_interpolation: 0, interpolation_duration: 1 }
$data merge entity $(bone_rearfootleftd) { transformation: [-0.9659258262890683f,0.028818854283450032f,-0.25720958719606446f,0.5887210881697814f,1.734723475976807e-18f,0.9937815321673156f,0.1113475025457829f,-2.9190808744448487f,0.25881904510252063f,0.10755342840175963f,-0.9599192476095306f,-1.8604196365675305f,0f,0f,0f,1f], start_interpolation: 0, interpolation_duration: 1 }
$data merge entity $(bone_rearfootleft) { transformation: [-0.9659258262890683f,0.22240298095779615f,-0.13237904731817185f,0.5255108657582628f,1.734723475976807e-18f,0.5114733626566595f,0.8592991326032451f,-2.2643785504480354f,0.25881904510252063f,0.8300192246892693f,-0.49404533044898213f,-2.096323398165047f,0f,0f,0f,1f], start_interpolation: 0, interpolation_duration: 1 }
$data merge entity $(bone_rearlegtipleft) { transformation: [-0.9659258262890683f,0.2514350168256081f,-0.06138184113959751f,0.720411883512029f,1.734723475976807e-18f,0.23716122248764032f,0.9714703055411257f,-2.0879342220567154f,0.25881904510252063f,0.9383682575951054f,-0.22908014979509955f,-1.1274614408888404f,0f,0f,0f,1f], start_interpolation: 0, interpolation_duration: 1 }
$data merge entity $(bone_rearlegr) { transformation: [-1.0464196451464907f,0.1588184011417929f,0.2310708826775202f,-1.2912313066176722f,-1.5034270125132327e-17f,0.8927893331265119f,-0.61362718141118f,-0.6500608115047857f,-0.2803872988610642f,-0.5927183422380259f,-0.8623682743022922f,-1.9113687920440277f,0f,0f,0f,1f], start_interpolation: 0, interpolation_duration: 1 }
$data merge entity $(bone_rearfootrightd) { transformation: [-0.9659258262890683f,0.10756877426751077f,0.23540657788253505f,-0.80102188165364f,-1.3877787807814457e-17f,0.9095411730202779f,-0.4156138286689903f,-2.632788267461834f,-0.25881904510252085f,-0.4014521308742577f,-0.8785493090935403f,-1.084559250063981f,0f,0f,0f,1f], start_interpolation: 0, interpolation_duration: 1 }
$data merge entity $(bone_rearfootright) { transformation: [-0.9659258262890683f,-0.18441913652834085f,0.18159537491335484f,-0.6992274534667511f,-1.3877787807814457e-17f,0.7016306502538214f,0.7125408273386162f,-2.0552126173848078f,-0.25881904510252085f,0.6882615874117493f,-0.6777231655961587f,-1.4644612279848714f,0f,0f,0f,1f], start_interpolation: 0, interpolation_duration: 1 }
$data merge entity $(bone_rearlegtipright) { transformation: [-0.9659258262890683f,-0.2480371578343077f,0.07392473497591633f,-1.0122552713801203f,-1.3877787807814457e-17f,0.28562324285924945f,0.9583419865259825f,-1.8294857486834324f,-0.25881904510252085f,0.9256872752026167f,-0.2758908668661837f,-0.5377069639220258f,0f,0f,0f,1f], start_interpolation: 0, interpolation_duration: 1 }
$data merge entity $(bone_tail11) { transformation: [-0.28617522397629125f,0.034016668912136575f,-0.057023104807343857f,0.34340560948271376f,-0.008309558529503259f,0.23174799433804136f,0.18238084031766624f,-1.8462367657006888f,0.07639405346137551f,0.2123780869640638f,-0.2430975888058918f,-8.067096373435382f,0f,0f,0f,1f], start_interpolation: 0, interpolation_duration: 1 }
$data merge entity $(bone_tail10) { transformation: [-0.38455016623996324f,0.02985408143085645f,-0.06827197588295982f,0.38180859591687866f,-0.004026804722562645f,0.35006631700465746f,0.17936910046199273f,-1.9471318847105596f,0.08712228229693222f,0.21540241693113135f,-0.376341248060944f,-7.855404421401101f,0f,0f,0f,1f], start_interpolation: 0, interpolation_duration: 1 }
$data merge entity $(bone_tail9) { transformation: [-0.4857363770606727f,0.019991160022905508f,-0.05828131612073652f,0.41459183623479295f,0.004083133893578672f,0.472857716612925f,0.13477305395693656f,-2.0229417275613364f,0.07393104680151168f,0.17252745472737818f,-0.5200256213674541f,-7.562890009381908f,0f,0f,0f,1f], start_interpolation: 0, interpolation_duration: 1 }
$data merge entity $(bone_tail8) { transformation: [-0.5754736545114062f,0.009535752197115265f,-0.023535783461684362f,0.4278307144319904f,0.00863393542756725f,0.5766466747874578f,0.04517259584996347f,-2.048351312726941f,0.03285262999728146f,0.07834039182854327f,-0.6448564004900216f,-7.200158284106271f,0f,0f,0f,1f], start_interpolation: 0, interpolation_duration: 1 }
$data merge entity $(bone_tail7) { transformation: [-0.6770418952901001f,0.00544780435703124f,0.0290485687365094f,0.4114908945177039f,0.0029058570563533564f,0.675312311552544f,-0.0843180759377342f,-2.0009223950119654f,-0.02710450094018868f,-0.06158957939963426f,-0.7622447816595884f,-6.771395594422753f,0f,0f,0f,1f], start_interpolation: 0, interpolation_duration: 1 }
$data merge entity $(bone_tail6) { transformation: [-0.7932134232924383f,0.010956004835368321f,0.07965763542323011f,0.36668347459213696f,-0.00863109224915521f,0.7738707789692262f,-0.2052021688600313f,-1.8854961750281978f,-0.08337431500663449f,-0.19264168652980826f,-0.8754318149276519f,-6.278965198525949f,0f,0f,0f,1f], start_interpolation: 0, interpolation_duration: 1 }
$data merge entity $(bone_tail5) { transformation: [-0.8784788992156132f,0.01824316456720992f,0.11268845057801329f,0.3032962211420045f,-0.01780510064014622f,0.8421019615970582f,-0.28631695460384343f,-1.7244428880635359f,-0.11999485880143022f,-0.28056250773295777f,-0.9525926596990999f,-5.743131827445206f,0f,0f,0f,1f], start_interpolation: 0, interpolation_duration: 1 }
$data merge entity $(bone_tail4) { transformation: [-0.9750003952514457f,0.01623917992905499f,0.13396238707847366f,0.22794237841036308f,-0.022193013957607328f,0.9454016888978621f,-0.2877452971890624f,-1.5625861583946883f,-0.14226262373435397f,-0.27758832792689997f,-1.0667469736709283f,-5.143086654755309f,0f,0f,0f,1f], start_interpolation: 0, interpolation_duration: 1 }
$data merge entity $(bone_tail3) { transformation: [-1.085233745934466f,0.013780447365969742f,0.13479950260428133f,0.1521176581954548f,-0.02078401374312048f,1.0591579638104904f,-0.28985673258515543f,-1.3995417463155384f,-0.1420912790304119f,-0.2744170281945076f,-1.195615644828251f,-4.4705528545394175f,0f,0f,0f,1f], start_interpolation: 0, interpolation_duration: 1 }
$data merge entity $(bone_tail2) { transformation: [-1.2088100390853542f,0.011510272077223674f,0.12370908931890368f,0.0825312954535715f,-0.016698691009711872f,1.1846274359186029f,-0.29256523236571963f,-1.2349738031098212f,-0.12862714400825692f,-0.27113720538413705f,-1.3388969768216261f,-3.7174233050772525f,0f,0f,0f,1f], start_interpolation: 0, interpolation_duration: 1 }
$data merge entity $(bone_tail1) { transformation: [-1.3467496640252579f,0.0096904252429313f,0.09594880710133968f,0.02856009145906793f,-0.009377127495550237f,1.3232396265442061f,-0.29578120288196613f,-1.0685968764887153f,-0.09647198264204196f,-0.26768447997568995f,-1.4977869943728088f,-2.8749181207425476f,0f,0f,0f,1f], start_interpolation: 0, interpolation_duration: 1 }
$data merge entity $(bone_tail0) { transformation: [-1.4992014562455651f,0.008607733749855052f,0.05459915537161146f,2.4492935982947064e-16f,0f,1.4766152294300068f,-0.29900990067771316f,-0.53125f,-0.04893867173490646f,-0.2636918108987467f,-1.6726063528306385f,-2f,0f,0f,0f,1f], start_interpolation: 0, interpolation_duration: 1 }