# This file was generated by Animated Java via MC-Build. It is not recommended to edit this file directly.
$data merge entity $(bone_leftwing20) { transformation: [-0.4510670010695742f,-1.8900547197757778f,-2.2306877477384686f,1.3011234207920899f,-0.41721306464063473f,2.275589777605993f,-1.843735483701334f,0.24190125312261385f,2.8938223736695354f,0.03347284600278072f,-0.6135207815071985f,2.4574377969621066f,0f,0f,0f,1f], start_interpolation: 0, interpolation_duration: 1 }
$data merge entity $(bone_leftwing21) { transformation: [-0.25491962723344314f,-1.8899532957126461f,-2.261391029688456f,1.3011234207920899f,-0.2549196272334431f,2.275467664971448f,-1.872981514804642f,0.24190125312261385f,2.936124798570672f,0.03347104978386141f,-0.35895364815535924f,2.4574377969621066f,0f,0f,0f,1f], start_interpolation: 0, interpolation_duration: 1 }
$data merge entity $(bone_leftwing22) { transformation: [-0.05696615297996757f,-1.8936026985511538f,-2.279396378495609f,1.3011234207920899f,-0.09088363944619214f,2.2798614762758422f,-1.891717734208462f,0.24190125312261385f,2.9619451707180744f,0.033535680663558894f,-0.10188393703991963f,2.4574377969621066f,0f,0f,0f,1f], start_interpolation: 0, interpolation_duration: 1 }
$data merge entity $(bone_leftwing23) { transformation: [0.13965217598618504f,-1.8634342307648513f,-2.239431754218149f,1.3011234207920899f,0.07315195518046377f,2.243539217358021f,-1.8622902609620977f,0.24190125312261385f,2.9124028748852804f,0.03300139746753028f,0.15415851118115748f,2.4574377969621066f,0f,0f,0f,1f], start_interpolation: 0, interpolation_duration: 1 }
$data merge entity $(bone_leftwing1) { transformation: [-0.30854520153077286f,-1.2777834725244694f,1.50733846761623f,0.8383056184959305f,-0.22739708975112213f,1.5384268919026431f,1.2575902599191418f,-0.09919438150406934f,-1.9629290415562801f,0.022629529692020766f,-0.3826192391933044f,-0.48695576537231355f,0f,0f,0f,1f], start_interpolation: 0, interpolation_duration: 1 }
$data merge entity $(bone_leftwing) { transformation: [-0.10053707899728713f,-0.7453736923059405f,-0.8918640399051943f,0.6874999999999999f,-0.10053707899728712f,0.8974156869432086f,-0.7386802364257852f,-0.25f,1.1579705102482092f,0.013200558987012114f,-0.14156678194069366f,1.25f,0f,0f,0f,1f], start_interpolation: 0, interpolation_duration: 1 }
$data merge entity $(bone_rightwing20) { transformation: [-0.45106700106957354f,1.8900547197757778f,2.2306877477384686f,-1.3011234207920903f,0.41721306464063473f,2.275589777605993f,-1.843735483701334f,0.24190125312261385f,-2.8938223736695354f,0.03347284600278118f,-0.613520781507198f,2.457437796962106f,0f,0f,0f,1f], start_interpolation: 0, interpolation_duration: 1 }
$data merge entity $(bone_rightwing21) { transformation: [-0.25493330745740594f,1.8900547197757778f,2.2615123869024574f,-1.3011234207920903f,0.25493330745740667f,2.275589777605993f,-1.8730820280796703f,0.24190125312261385f,-2.936282365272245f,0.03347284600278118f,-0.3589729113496155f,2.457437796962106f,0f,0f,0f,1f], start_interpolation: 0, interpolation_duration: 1 }
$data merge entity $(bone_rightwing22) { transformation: [-0.05685941744254801f,1.8900547197757778f,2.2751255512636037f,-1.3011234207920903f,0.09071335387148804f,2.275589777605993f,-1.8881732872264687f,0.24190125312261385f,-2.9563954750994657f,0.03347284600278118f,-0.1016930405828924f,2.457437796962106f,0f,0f,0f,1f], start_interpolation: 0, interpolation_duration: 1 }
$data merge entity $(bone_rightwing23) { transformation: [0.13965217598618576f,1.8634342307648513f,2.2394317542181494f,-1.3011234207920903f,-0.07315195518046377f,2.243539217358021f,-1.8622902609620977f,0.24190125312261385f,-2.91240287488528f,0.03300139746753074f,0.15415851118115811f,2.457437796962106f,0f,0f,0f,1f], start_interpolation: 0, interpolation_duration: 1 }
$data merge entity $(bone_rightwing1) { transformation: [-0.30854520153077336f,1.2777834725244694f,-1.50733846761623f,-0.8383056184959303f,0.22739708975112213f,1.5384268919026431f,1.2575902599191418f,-0.09919438150406934f,1.96292904155628f,0.022629529692021078f,-0.38261923919330476f,-0.48695576537231355f,0f,0f,0f,1f], start_interpolation: 0, interpolation_duration: 1 }
$data merge entity $(bone_rightwing) { transformation: [-0.10053707899728684f,0.7453736923059405f,0.8918640399051943f,-0.6875000000000001f,0.10053707899728712f,0.8974156869432086f,-0.7386802364257852f,-0.25f,-1.1579705102482092f,0.013200558987012296f,-0.14156678194069344f,1.25f,0f,0f,0f,1f], start_interpolation: 0, interpolation_duration: 1 }
$data merge entity $(bone_head) { transformation: [-1.2269070000000002f,8.803949576969392e-20f,1.502527472471018e-16f,-4.2386312023022267e-16f,0f,1.226906789383793f,-0.0007188970389746183f,-0.35378869425228326f,-1.5025277304014817e-16f,-0.0007188970389746183f,-1.226906789383793f,3.461105034735996f,0f,0f,0f,1f], start_interpolation: 0, interpolation_duration: 1 }
$data merge entity $(bone_neck4) { transformation: [-1.0497600000000002f,6.042107065141107e-17f,1.1347505408564999e-16f,-4.1488277089201294e-16f,0f,0.92659413444477f,-0.49337548339226106f,-0.3556685952629005f,-1.2855852238729257e-16f,-0.49337548339226106f,-0.92659413444477f,3.38777491747719f,0f,0f,0f,1f], start_interpolation: 0, interpolation_duration: 1 }
$data merge entity $(bone_neck3) { transformation: [-1.1664000000000003f,7.384939497875014e-17f,1.2227155487237052e-16f,-3.613889656353508e-16f,0f,0.9984230143540224f,-0.6030260727433164f,-0.6194925020881015f,-1.428428026525473e-16f,-0.6030260727433164f,-0.9984230143540224f,2.9509648486973052f,0f,0f,0f,1f], start_interpolation: 0, interpolation_duration: 1 }
$data merge entity $(bone_neck2) { transformation: [-1.2960000000000003f,7.238672647586083e-17f,1.412457684366604e-16f,-3.2607752352618573e-16f,0f,1.1533592259825545f,-0.5910824780357837f,-0.7672631215970475f,-1.58714225169497e-16f,-0.5910824780357837f,-1.1533592259825545f,2.6626250422016664f,0f,0f,0f,1f], start_interpolation: 0, interpolation_duration: 1 }
$data merge entity $(bone_neck1) { transformation: [-1.4400000000000002f,5.3126619937309074e-17f,1.6815641857304465e-16f,-2.8403841888292456e-16f,0f,1.3731013602462498f,-0.4338117731112178f,-0.8757160648748519f,-1.7634913907721887e-16f,-0.4338117731112178f,-1.3731013602462498f,2.319349702140104f,0f,0f,0f,1f], start_interpolation: 0, interpolation_duration: 1 }
$data merge entity $(bone_neck0) { transformation: [-1.6f,2.7695579083103087e-17f,1.9397630096327526e-16f,-2.372753173347997e-16f,0f,1.583936699939355f,-0.22615156551575383f,-1.03125f,-1.9594348786357652e-16f,-0.22615156551575383f,-1.583936699939355f,1.9375f,0f,0f,0f,1f], start_interpolation: 0, interpolation_duration: 1 }
$data merge entity $(bone_frontlegl) { transformation: [-0.9659258262890683f,-0.120060567835446f,0.22928750109591883f,0.44256899546979833f,0f,0.8858988758153239f,0.4638784127647516f,-0.8092269825818047f,-0.25881904510252085f,0.44807213914745425f,-0.8557126036304735f,1.4185818110334973f,0f,0f,0f,1f], start_interpolation: 0, interpolation_duration: 1 }
$data merge entity $(bone_frontlegtipleft) { transformation: [-0.9659258262890683f,0.24597326103626377f,0.08052610112855814f,0.8806520610913648f,0f,0.31112896308175847f,-0.9503677016458787f,-1.7385409422826377f,-0.25881904510252085f,-0.9179847074907381f,-0.30052750074720846f,0.749559378487349f,0f,0f,0f,1f], start_interpolation: 0, interpolation_duration: 1 }
$data merge entity $(bone_frontfootleftd) { transformation: [-0.9659258262890683f,-0.0998938699362948f,0.2387645552776443f,0.419166193042651f,1.901914597508991e-16f,0.9225154013804018f,0.3859602754377141f,-2.476773907651276f,-0.2588190451025207f,0.3728089979669301f,-0.8910814513427562f,2.430970104051622f,0f,0f,0f,1f], start_interpolation: 0, interpolation_duration: 1 }
$data merge entity $(bone_frontfootleft) { transformation: [0.9659258262890683f,0.07842122130828492f,0.24665240756233794f,0.5338799321750478f,-7.34836335151768e-17f,-0.9529917223233573f,0.3029963319632126f,-2.278967074093967f,0.25881904510252074f,-0.29267198231412267f,-0.9205193168318311f,2.043730582251868f,0f,0f,0f,1f], start_interpolation: 0, interpolation_duration: 1 }
$data merge entity $(bone_frontlegr) { transformation: [-0.9659258262890683f,0.22065119374929387f,-0.1352787817981526f,-0.8747689496009473f,3.469446951953614e-18f,0.5226770763510368f,0.8525307465758243f,-0.867454283364232f,0.25881904510252063f,0.8234814658230895f,-0.5048672868567295f,1.5633618927613993f,0f,0f,0f,1f], start_interpolation: 0, interpolation_duration: 1 }
$data merge entity $(bone_frontlegtipright) { transformation: [-0.9659258262890683f,-0.16708821359800574f,-0.19765835925760336f,-0.9198149277573753f,3.469446951953614e-18f,0.7636932559553687f,-0.6455792831312726f,-1.284853893269447f,0.25881904510252063f,-0.6235817024936787f,-0.7376710392900785f,0.4293221873159028f,0f,0f,0f,1f], start_interpolation: 0, interpolation_duration: 1 }
$data merge entity $(bone_frontfootrightd) { transformation: [-0.9659258262890683f,0.010187925286425079f,-0.25861845310445053f,-0.6425859694853387f,9.575490853563026e-17f,0.9992249720340682f,0.039363120601845325f,-2.769292154422134f,0.25881904510252085f,0.038021854792653964f,-0.9651772067606785f,1.5048327258850895f,0f,0f,0f,1f], start_interpolation: 0, interpolation_duration: 1 }
$data merge entity $(bone_frontfootright) { transformation: [0.9659258262890683f,-0.19380809237945207f,-0.17153927082746506f,-0.6995537411105203f,-1.4588154032029763e-17f,-0.662776847660174f,0.7488169670925214f,-2.385908374180656f,-0.25881904510252074f,-0.723301647678118f,-0.6401932742214174f,1.251348126817378f,0f,0f,0f,1f], start_interpolation: 0, interpolation_duration: 1 }
$data merge entity $(bone_rearlegl) { transformation: [-1.0464196451464907f,-0.02582094453875105f,-0.27919583841047907f,-0.01949763381033387f,1.879283765641541e-18f,1.0787298836524455f,-0.09976446875662928f,-0.532465962985452f,0.280387298861064f,-0.09636507691803708f,-1.041973054209699f,-1.474026786816993f,0f,0f,0f,1f], start_interpolation: 0, interpolation_duration: 1 }
$data merge entity $(bone_rearfootleftd) { transformation: [-0.9659258262890683f,0.03938775409526102f,-0.25580442321256264f,0.5841147243745016f,1.734723475976807e-18f,0.9883523954399729f,0.1521825956805427f,-2.908171989535284f,0.25881904510252063f,0.14699709947954337f,-0.9546751042301358f,-1.8776108202896609f,0f,0f,0f,1f], start_interpolation: 0, interpolation_duration: 1 }
$data merge entity $(bone_rearfootleft) { transformation: [-0.9659258262890683f,0.22395534968368344f,-0.12973549805600496f,0.5229159881714587f,1.734723475976807e-18f,0.5012594726350819f,0.8652970247802771f,-2.250622850919459f,0.25881904510252063f,0.8358127436463616f,-0.4841794702902641f,-2.106007613158422f,0f,0f,0f,1f], start_interpolation: 0, interpolation_duration: 1 }
$data merge entity $(bone_rearlegtipleft) { transformation: [-0.9659258262890683f,0.2525098413681958f,-0.05679857498202914f,0.7186053763329646f,1.734723475976807e-18f,0.21945284188623254f,0.975623108678785f,-2.0921464533256504f,0.25881904510252063f,0.9423795573972649f,-0.21197516763044344f,-1.134203417465347f,0f,0f,0f,1f], start_interpolation: 0, interpolation_duration: 1 }
$data merge entity $(bone_rearlegr) { transformation: [-1.0464196451464907f,0.16673355911807075f,0.225426168903312f,-1.2909354053574535f,1.5034270125132327e-17f,0.8709798338604425f,-0.6442090034449587f,-0.6590022203625946f,-0.2803872988610642f,-0.6222581139554288f,-0.8413019157027635f,-1.9124731105811879f,0f,0f,0f,1f], start_interpolation: 0, interpolation_duration: 1 }
$data merge entity $(bone_rearfootrightd) { transformation: [-0.9659258262890683f,0.12037796739839701f,0.22912102276485055f,-0.8234146090406662f,1.3877787807814457e-17f,0.8852556529373388f,-0.46510475050518046f,-2.637626000008307f,-0.25881904510252085f,-0.4492566904426874f,-0.8550912980405674f,-1.0009884537355607f,0f,0f,0f,1f], start_interpolation: 0, interpolation_duration: 1 }
$data merge entity $(bone_rearfootright) { transformation: [-0.9659258262890683f,-0.17413164469619774f,0.19148229271443834f,-0.7135369883865146f,1.3877787807814457e-17f,0.7398307672396762f,0.672793011144997f,-2.0826019589411624f,-0.25881904510252085f,0.6498681452117414f,-0.7146216451600595f,-1.4110573166316338f,0f,0f,0f,1f], start_interpolation: 0, interpolation_duration: 1 }
$data merge entity $(bone_rearlegtipright) { transformation: [-0.9659258262890683f,-0.24212305204899143f,0.09145340766894416f,-1.0217462425578818f,1.3877787807814457e-17f,0.3533488334783035f,0.9354916364562124f,-1.7877213527413722f,-0.25881904510252085f,0.9036155319304795f,-0.34130876394580867f,-0.5022861772734488f,0f,0f,0f,1f], start_interpolation: 0, interpolation_duration: 1 }
$data merge entity $(bone_tail11) { transformation: [-0.2858008162334395f,0.03821859548320582f,-0.0562506131580524f,0.29578924365726955f,-0.005802068142637525f,0.22809762355543822f,0.1869940647113038f,-1.807965054664727f,0.07874981312942048f,0.21631514113514289f,-0.23885409352647116f,-8.070025677365969f,0f,0f,0f,1f], start_interpolation: 0, interpolation_duration: 1 }
$data merge entity $(bone_tail10) { transformation: [-0.38342951024039346f,0.03546785738452837f,-0.07182150809187515f,0.3361888419589493f,-0.0020845259932003608f,0.3466589689417833f,0.18585312232167478f,-1.912507435970669f,0.09374968847260166f,0.22128070031389585f,-0.3713239750113908f,-7.861155941422062f,0f,0f,0f,1f], start_interpolation: 0, interpolation_duration: 1 }
$data merge entity $(bone_tail9) { transformation: [-0.4842957981905538f,0.02588337326122702f,-0.06729797307414963f,0.37404395181315847f,0.006118965528459582f,0.4704459261431899f,0.14279470582929643f,-1.9928294579996484f,0.08588817259185912f,0.1802865036304805f,-0.5155586257667438f,-7.571154214428269f,0f,0f,0f,1f], start_interpolation: 0, interpolation_duration: 1 }
$data merge entity $(bone_tail8) { transformation: [-0.5746648208970702f,0.014107246740684818f,-0.03719297274281716f,0.39496499898099313f,0.011603469920232713f,0.5758133250561693f,0.05387476850218155f,-2.0231340152821256f,0.04911690431458546f,0.08731730115099615f,-0.6426901976586719f,-7.209640978245266f,0f,0f,0f,1f], start_interpolation: 0, interpolation_duration: 1 }
$data merge entity $(bone_tail7) { transformation: [-0.6775317448507138f,0.007417850985402439f,0.012841252338333685f,0.3877417945406804f,0.007091380437476866f,0.6762690829013918f,-0.0756400672693363f,-1.9805864774431239f,-0.00872611556213073f,-0.052091495990776795f,-0.7634124225152555f,-6.780221490580435f,0f,0f,0f,1f], start_interpolation: 0, interpolation_duration: 1 }
$data merge entity $(bone_tail6) { transformation: [-0.7946775243099307f,0.010709410073677202f,0.06355813457613801f,0.35199034384160277f,-0.0039763812260055036f,0.7759875501073299f,-0.19700861961519378f,-1.8697691289095775f,-0.06532198876497036f,-0.18343707744419302f,-0.8789690379569193f,-6.285801406729668f,0f,0f,0f,1f], start_interpolation: 0, interpolation_duration: 1 }
$data merge entity $(bone_tail5) { transformation: [-0.880160804082935f,0.016872855355377595f,0.09902506729628789f,0.29628874348744083f,-0.013740294464220608f,0.8445327810137256f,-0.27913249757487557f,-1.71275709902371f,-0.10456528353572415f,-0.2725008460580814f,-0.9567810613561482f,-5.747612059716834f,0f,0f,0f,1f], start_interpolation: 0, interpolation_duration: 1 }
$data merge entity $(bone_tail4) { transformation: [-0.9763030289886157f,0.015415289887908879f,0.12430278360316209f,0.22636842771066215f,-0.019231279268425862f,0.9473105715370731f,-0.281416094225259f,-1.5544605460220018f,-0.1312625443038093f,-0.27052623013770744f,-1.0700092468978972f,-5.1457318583367675f,0f,0f,0f,1f], start_interpolation: 0, interpolation_duration: 1 }
$data merge entity $(bone_tail3) { transformation: [-1.085808954012612f,0.013418085800860187f,0.13022251885321795f,0.15311826085572705f,-0.019192560351585588f,1.0605741109359983f,-0.2845001720955997f,-1.394429199218227f,-0.13669094975674492f,-0.2685934957929243f,-1.1976130122591262f,-4.472074538941009f,0f,0f,0f,1f], start_interpolation: 0, interpolation_duration: 1 }
$data merge entity $(bone_tail2) { transformation: [-1.2089553734274097f,0.011464116465819758f,0.12241586742378469f,0.08425933542984818f,-0.015934930025038877f,1.1855993366905553f,-0.2883486030352087f,-1.232233110010922f,-0.12683912496432606f,-0.2667103024839072f,-1.3400080818399625f,-3.7183199929060304f,0f,0f,0f,1f], start_interpolation: 0, interpolation_duration: 1 }
$data merge entity $(bone_tail1) { transformation: [-1.3466770821280258f,0.009847796383985592f,0.09715006832541973f,0.029612421996799587f,-0.009199217548972807f,1.3238366275263913f,-0.29274332924331914f,-1.0675649873115551f,-0.09741691662986274f,-0.2646732342174941f,-1.498318072454794f,-2.8755160771502086f,0f,0f,0f,1f], start_interpolation: 0, interpolation_duration: 1 }
$data merge entity $(bone_tail0) { transformation: [-1.4991427481164623f,0.008859627546218371f,0.056581918014851434f,2.4492935982947064e-16f,0f,1.4769250931922489f,-0.29703771380176514f,-0.53125f,-0.050705234146202635f,-0.2619423144488291f,-1.672891832466517f,-2f,0f,0f,0f,1f], start_interpolation: 0, interpolation_duration: 1 }