# This file was generated by Animated Java via MC-Build. It is not recommended to edit this file directly.
$data merge entity $(bone_leftwing20) { transformation: [-0.4514094742121264f,-1.8853430602887964f,-2.2346022336701266f,1.302354786407946f,-0.41679986569511385f,2.2794838553805343f,-1.8390125981425858f,0.24041559217346253f,2.8938285142107474f,0.03422001156462724f,-0.6134505947999807f,2.457415718584647f,0f,0f,0f,1f], start_interpolation: 0, interpolation_duration: 1 }
$data merge entity $(bone_leftwing21) { transformation: [-0.2549196272334434f,-1.8852418890626033f,-2.265320257459013f,1.302354786407946f,-0.25491962723344286f,2.2793615337820974f,-1.8682408429977724f,0.24041559217346253f,2.936124798570672f,0.034218175251330606f,-0.35888319712706596f,2.457415718584647f,0f,0f,0f,1f], start_interpolation: 0, interpolation_duration: 1 }
$data merge entity $(bone_leftwing22) { transformation: [-0.05662303695262119f,-1.888882194416617f,-2.2833182126340974f,1.302354786407946f,-0.09129761404178952f,2.2837628639473664f,-1.8869859829287658f,0.24041559217346253f,2.961939018649942f,0.034284248791969965f,-0.10181361857940115f,2.457415718584647f,0f,0f,0f,1f], start_interpolation: 0, interpolation_duration: 1 }
$data merge entity $(bone_leftwing23) { transformation: [0.14032490542335171f,-1.8587889326790947f,-2.243246992444676f,1.302354786407946f,0.07234029709835299f,2.2473784489667237f,-1.8576871192372757f,0.24041559217346253f,2.9123908128508598f,0.03373803957075925f,0.1542269183776699f,2.457415718584647f,0f,0f,0f,1f], start_interpolation: 0, interpolation_duration: 1 }
$data merge entity $(bone_leftwing1) { transformation: [-0.3093661119413436f,-1.274598125265665f,1.50986497007234f,0.8383056184959308f,-0.22640664911835467f,1.5410595078628964f,1.2545419970891234f,-0.09919438150406945f,-1.9629143226379737f,0.023134655705663486f,-0.3826645393658604f,-0.48695576537231355f,0f,0f,0f,1f], start_interpolation: 0, interpolation_duration: 1 }
$data merge entity $(bone_leftwing) { transformation: [-0.10053707899728725f,-0.743515573071638f,-0.8934136776755537f,0.6874999999999999f,-0.10053707899728705f,0.8989513795866896f,-0.7368105753835188f,-0.25f,1.157970510248209f,0.013495215828303701f,-0.14153899694558034f,1.25f,0f,0f,0f,1f], start_interpolation: 0, interpolation_duration: 1 }
$data merge entity $(bone_rightwing20) { transformation: [-0.45140947421212546f,1.8853430602887964f,2.2346022336701266f,-1.3023547864079468f,0.41679986569511385f,2.2794838553805343f,-1.8390125981425858f,0.24041559217346253f,-2.893828514210747f,0.03422001156462771f,-0.61345059479998f,2.4574157185846466f,0f,0f,0f,1f], start_interpolation: 0, interpolation_duration: 1 }
$data merge entity $(bone_rightwing21) { transformation: [-0.2549333074574063f,1.8853430602887964f,2.26544182553444f,-1.3023547864079468f,0.25493330745740644f,2.2794838553805343f,-1.8683411018653515f,0.24041559217346253f,-2.936282365272245f,0.03422001156462771f,-0.35890245654057834f,2.4574157185846466f,0f,0f,0f,1f], start_interpolation: 0, interpolation_duration: 1 }
$data merge entity $(bone_rightwing22) { transformation: [-0.056516944299996465f,1.8853430602887964f,2.2790400371952613f,-1.3023547864079468f,0.09112655281700853f,2.2794838553805343f,-1.88345040166772f,0.24041559217346253f,-2.9563893345582533f,0.03422001156462771f,-0.10162285387567453f,2.4574157185846466f,0f,0f,0f,1f], start_interpolation: 0, interpolation_duration: 1 }
$data merge entity $(bone_rightwing23) { transformation: [0.14032490542335246f,1.8587889326790947f,2.2432469924446754f,-1.3023547864079468f,-0.07234029709835299f,2.2473784489667237f,-1.8576871192372757f,0.24041559217346253f,-2.9123908128508598f,0.03373803957075971f,0.1542269183776704f,2.4574157185846466f,0f,0f,0f,1f], start_interpolation: 0, interpolation_duration: 1 }
$data merge entity $(bone_rightwing1) { transformation: [-0.3093661119413441f,1.274598125265665f,-1.5098649700723399f,-0.8383056184959305f,0.22640664911835467f,1.5410595078628964f,1.2545419970891234f,-0.09919438150406945f,1.9629143226379735f,0.0231346557056638f,-0.38266453936586076f,-0.48695576537231355f,0f,0f,0f,1f], start_interpolation: 0, interpolation_duration: 1 }
$data merge entity $(bone_rightwing) { transformation: [-0.10053707899728696f,0.743515573071638f,0.8934136776755537f,-0.6875000000000001f,0.10053707899728705f,0.8989513795866896f,-0.7368105753835188f,-0.25f,-1.157970510248209f,0.013495215828303883f,-0.14153899694558011f,1.25f,0f,0f,0f,1f], start_interpolation: 0, interpolation_duration: 1 }
$data merge entity $(bone_head) { transformation: [-1.2269070000000002f,7.626937230598163e-19f,1.5025083728398683e-16f,-4.2323824005552316e-16f,0f,1.2268911933514f,-0.006227866872234679f,-0.3440538077879822f,-1.5025277304014817e-16f,-0.006227866872234679f,-1.2268911933514f,3.456002500885954f,0f,0f,0f,1f], start_interpolation: 0, interpolation_duration: 1 }
$data merge entity $(bone_neck4) { transformation: [-1.0497600000000002f,6.092997987291222e-17f,1.132026114146247e-16f,-4.142590149710806e-16f,0f,0.9243694712095011f,-0.49753104254495284f,-0.3462629519717449f,-1.2855852238729257e-16f,-0.49753104254495284f,-0.9243694712095011f,3.3826815638558303f,0f,0f,0f,1f], start_interpolation: 0, interpolation_duration: 1 }
$data merge entity $(bone_neck3) { transformation: [-1.1664000000000003f,7.525576488475888e-17f,1.2141102141586846e-16f,-3.611416931016381e-16f,0f,0.9913962254292383f,-0.6145099545203963f,-0.6151110570744183f,-1.428428026525473e-16f,-0.6145099545203963f,-0.9913962254292383f,2.9489457152305385f,0f,0f,0f,1f], start_interpolation: 0, interpolation_duration: 1 }
$data merge entity $(bone_neck2) { transformation: [-1.2960000000000003f,7.40274774582633e-17f,1.4039279843467796e-16f,-3.2604349349296864e-16f,0f,1.146394197350819f,-0.6044802265420863f,-0.7662311137099399f,-1.58714225169497e-16f,-0.6044802265420863f,-1.146394197350819f,2.6623471658928337f,0f,0f,0f,1f], start_interpolation: 0, interpolation_duration: 1 }
$data merge entity $(bone_neck1) { transformation: [-1.4400000000000002f,5.3915422367879635e-17f,1.6790516991495358e-16f,-2.8406720101423024e-16f,0f,1.3710497592600226f,-0.44025283375923285f,-0.8762943221497481f,-1.7634913907721887e-16f,-0.44025283375923285f,-1.3710497592600226f,2.319584726077828f,0f,0f,0f,1f], start_interpolation: 0, interpolation_duration: 1 }
$data merge entity $(bone_neck0) { transformation: [-1.6f,2.7401888259931473e-17f,1.9401800678270508e-16f,-2.372753173347997e-16f,0f,1.5842772537991197f,-0.22375339795122753f,-1.03125f,-1.9594348786357652e-16f,-0.22375339795122753f,-1.5842772537991197f,1.9375f,0f,0f,0f,1f], start_interpolation: 0, interpolation_duration: 1 }
$data merge entity $(bone_frontlegl) { transformation: [-0.9659258262890683f,-0.12178470966336707f,0.22837640552384147f,0.44244074140397494f,0f,0.8823786728421752f,0.47053998524384844f,-0.8092358193484716f,-0.2588190451025208f,0.4545067240487103f,-0.8523123486649297f,1.4190604617234277f,0f,0f,0f,1f], start_interpolation: 0, interpolation_duration: 1 }
$data merge entity $(bone_frontlegtipleft) { transformation: [-0.9659258262890683f,0.24374848965527168f,0.08702856943874589f,0.8815581740029012f,0f,0.33625257138350473f,-0.9417718451079224f,-1.730513829748584f,-0.2588190451025208f,-0.9096817476616506f,-0.32479504285543553f,0.7461777190641015f,0f,0f,0f,1f], start_interpolation: 0, interpolation_duration: 1 }
$data merge entity $(bone_frontfootleftd) { transformation: [-0.9659258262890683f,-0.09722526275406464f,0.239863599552295f,0.4242970262912828f,1.8728150589885793e-16f,0.926761782376883f,0.3756495690475674f,-2.5071663655076937f,-0.25881904510252063f,0.36284962037740387f,-0.8951831404155203f,2.4118215736825643f,0f,0f,0f,1f], start_interpolation: 0, interpolation_duration: 1 }
$data merge entity $(bone_frontfootleft) { transformation: [0.9659258262890683f,0.08027737963348565f,0.24605454766567897f,0.538622065654907f,-7.085656734958545e-17f,-0.9506817690646155f,0.31016797701918375f,-2.306323237003668f,0.2588190451025207f,-0.29959925949066357f,-0.918288073321692f,2.0260326991687605f,0f,0f,0f,1f], start_interpolation: 0, interpolation_duration: 1 }
$data merge entity $(bone_frontlegr) { transformation: [-0.9659258262890683f,0.22523963901326416f,-0.12749275714704367f,-0.8746958017922744f,0f,0.492594187172519f,0.870259137707755f,-0.8663605245144756f,0.25881904510252063f,0.8406057766759754f,-0.47580944726980734f,1.563634884099829f,0f,0f,0f,1f], start_interpolation: 0, interpolation_duration: 1 }
$data merge entity $(bone_frontlegtipright) { transformation: [-0.9659258262890683f,-0.16388596450454046f,-0.2003214635185085f,-0.9238963061164281f,0f,0.7739827006902034f,-0.6332067427249168f,-1.2458029512104534f,0.25881904510252063f,-0.6116307461783749f,-0.7476098796976294f,0.41409027591500586f,0f,0f,0f,1f], start_interpolation: 0, interpolation_duration: 1 }
$data merge entity $(bone_frontfootrightd) { transformation: [-0.9659258262890681f,0.03300042445907932f,-0.25670658365788224f,-0.6547867714913607f,8.707040918355296e-17f,0.9918380757343348f,0.1275038490541041f,-2.752622233540319f,0.2588190451025208f,0.12315926075262235f,-0.9580420128486469f,1.4592987129055275f,0f,0f,0f,1f], start_interpolation: 0, interpolation_duration: 1 }
$data merge entity $(bone_frontfootright) { transformation: [0.9659258262890681f,-0.1996788578416173f,-0.1646683085443215f,-0.7082492888101168f,-9.154768586110698e-18f,-0.6362294879771879f,0.7714998630124862f,-2.360409103734689f,-0.2588190451025207f,-0.7452116426622389f,-0.6145504938838361f,1.2188959010028446f,0f,0f,0f,1f], start_interpolation: 0, interpolation_duration: 1 }
$data merge entity $(bone_rearlegl) { transformation: [-1.0464196451464907f,-0.024864848905834937f,-0.2792826107216373f,-0.019359982318300495f,1.879283765641541e-18f,1.0790651461178635f,-0.09607039889968584f,-0.5318708615702074f,0.280387298861064f,-0.09279687943909945f,-1.0422968928836316f,-1.4735130644549865f,0f,0f,0f,1f], start_interpolation: 0, interpolation_duration: 1 }
$data merge entity $(bone_rearfootleftd) { transformation: [-0.9659258262890683f,0.05030783551571162f,-0.2538826890386674f,0.5804316928188774f,1.734723475976807e-18f,0.9809273847606621f,0.1943745503573132f,-2.8965276401090705f,0.25881904510252063f,0.18775139816345382f,-0.9475030946545175f,-1.89135608118113f,0f,0f,0f,1f], start_interpolation: 0, interpolation_duration: 1 }
$data merge entity $(bone_rearfootleft) { transformation: [-0.9659258262890683f,0.22537305533441038f,-0.12725676420926862f,0.5211142993418065f,1.734723475976807e-18f,0.49168238047884405f,0.8707746187887294f,-2.2364097921319637f,0.25881904510252063f,0.8411036931650521f,-0.4749287096358036f,-2.1127316074101135f,0f,0f,0f,1f], start_interpolation: 0, interpolation_duration: 1 }
$data merge entity $(bone_rearlegtipleft) { transformation: [-0.9659258262890683f,0.2535058903395407f,-0.052173380865508115f,0.7175106618423747f,1.734723475976807e-18f,0.2015824640912409f,0.9794715463814676f,-2.0960442996895647f,0.25881904510252063f,0.9460968627651507f,-0.19471370819271833f,-1.1382889475640106f,0f,0f,0f,1f], start_interpolation: 0, interpolation_duration: 1 }
$data merge entity $(bone_rearlegr) { transformation: [-1.0464196451464907f,0.17450217336661844f,0.21946760319675968f,-1.29071867065639f,0f,0.8479577038460459f,-0.6742246239935564f,-0.6680415545678882f,-0.28038729886106417f,-0.6512509770354125f,-0.8190642457456728f,-1.91328197549732f,0f,0f,0f,1f], start_interpolation: 0, interpolation_duration: 1 }
$data merge entity $(bone_rearfootrightd) { transformation: [-0.9659258262890683f,0.1327884639365835f,0.22215877644860976f,-0.8462536291198033f,0f,0.8583555988339672f,-0.5130552269984022f,-2.6376500935367653f,-0.2588190451025208f,-0.495573294070357f,-0.8291078410535477f,-0.9157520704051348f,0f,0f,0f,1f], start_interpolation: 0, interpolation_duration: 1 }
$data merge entity $(bone_rearfootright) { transformation: [-0.9659258262890683f,-0.16334463340399913f,0.20076311624871196f,-0.7286470658743137f,0f,0.7756891158036214f,0.6311151999625713f,-2.106797254087045f,-0.2588190451025208f,0.6096104710074373f,-0.7492581501260498f,-1.3546657397408643f,0f,0f,0f,1f], start_interpolation: 0, interpolation_duration: 1 }
$data merge entity $(bone_rearlegtipright) { transformation: [-0.9659258262890683f,-0.2350291771127965f,0.10839088528775111f,-1.0308210374606614f,0f,0.41879022173509833f,0.908083008418871f,-1.744762220378126f,-0.2588190451025208f,0.8771408302460609f,-0.40452029097125697f,-0.4684185816280074f,0f,0f,0f,1f], start_interpolation: 0, interpolation_duration: 1 }
$data merge entity $(bone_tail11) { transformation: [-0.2855777160363837f,0.04206009982068306f,-0.05463015000721061f,0.24466213619823474f,-0.00303547218334523f,0.22448649382197716f,0.19136141563727901f,-1.7743668384280513f,0.08022838619093522f,0.2200594662092196f,-0.23492004881306605f,-8.07137463742594f,0f,0f,0f,1f], start_interpolation: 0, interpolation_duration: 1 }
$data merge entity $(bone_tail10) { transformation: [-0.38242427204983986f,0.04081521848329346f,-0.07431340668524286f,0.28646342745868386f,0.000005658949228722933f,0.34328734107053294f,0.19199122525415396f,-1.882361902633513f,0.09925510539344282f,0.22676932388413695f,-0.3665636145247372f,-7.865182604255775f,0f,0f,0f,1f], start_interpolation: 0, interpolation_duration: 1 }
$data merge entity $(bone_tail9) { transformation: [-0.4827715894168319f,0.03167938559583499f,-0.07531822149629509f,0.32882992705034986f,0.00809255490777537f,0.46803781124020244f,0.15034805733696904f,-1.9669326848855582f,0.0967633663408871f,0.18743988757825886f,-0.5110754515014616f,-7.577702662786203f,0f,0f,0f,1f], start_interpolation: 0, interpolation_duration: 1 }
$data merge entity $(bone_tail8) { transformation: [-0.5735387716600074f,0.018754333756023974f,-0.05028220836087017f,0.3571136692533393f,0.014336648782134883f,0.5749108425073631f,0.06201270928372894f,-2.001814833857656f,0.06475584380134562f,0.0955364543710358f,-0.6401458443818049f,-7.217620625321438f,0f,0f,0f,1f], start_interpolation: 0, interpolation_duration: 1 }
$data merge entity $(bone_tail7) { transformation: [-0.6776225610943994f,0.009546246278023357f,-0.0035085336021131452f,0.359087219404528f,0.011029314105656614f,0.6770403316430247f,-0.06761937709793499f,-1.9637789342400673f,0.009798828985192104f,-0.043431756315539485f,-0.7639589101242529f,-6.787893738376546f,0f,0f,0f,1f], start_interpolation: 0, interpolation_duration: 1 }
$data merge entity $(bone_tail6) { transformation: [-0.7958581553610149f,0.010550556756610652f,0.04662935484982522f,0.3328582073015013f,0.000547323153338778f,0.7778102135404698f,-0.1896018920746435f,-1.8571278699480804f,-0.04638417460663124f,-0.17514642216500342f,-0.8818802605674069f,-6.2918360918073795f,0f,0f,0f,1f], start_interpolation: 0, interpolation_duration: 1 }
$data merge entity $(bone_tail5) { transformation: [-0.8817460283184915f,0.01546248703340728f,0.08408215704541488f,0.2855619939634554f,-0.009672606802189274f,0.8466093041290523f,-0.2728378482601282f,-1.7036565803017583f,-0.08776775396468818f,-0.26540527413729487f,-0.9604812405588956f,-5.751565393993f,0f,0f,0f,1f], start_interpolation: 0, interpolation_duration: 1 }
$data merge entity $(bone_tail4) { transformation: [-0.9776881885487628f,0.014523670707818924f,0.11307159292663894f,0.22195922294222098f,-0.016165337514984647f,0.9488973526722256f,-0.2760852577360264f,-1.5483586228252435f,-0.11858772681033483f,-0.2645052897016338f,-1.0730170990807906f,-5.147993275760055f,0f,0f,0f,1f], start_interpolation: 0, interpolation_duration: 1 }
$data merge entity $(bone_tail3) { transformation: [-1.0865486417746788f,0.012973318481413818f,0.12401586536474063f,0.15220029867455437f,-0.017449521415014185f,1.0617103127127887f,-0.2801864936925907f,-1.3907537201231612f,-0.12957248523761788f,-0.26382392228235435f,-1.199492793283006f,-4.4732785795383645f,0f,0f,0f,1f], start_interpolation: 0, interpolation_duration: 1 }
$data merge entity $(bone_tail2) { transformation: [-1.2092477995313817f,0.01133148741179155f,0.11959392063825011f,0.08492871831553869f,-0.01502709030231797f,1.186341379802351f,-0.2851382208421377f,-1.2303634708994589f,-0.12346411814047628f,-0.26327722958676525f,-1.3410346285318335f,-3.7189466009892085f,0f,0f,0f,1f], start_interpolation: 0, interpolation_duration: 1 }
$data merge entity $(bone_tail1) { transformation: [-1.3466872301004165f,0.009916534649298186f,0.09713700454655479f,0.030289153258101616f,-0.008930279203217097f,1.3242600353748673f,-0.2905986392646326f,-1.066901736313103f,-0.09714524948972145f,-0.26251540090945796f,-1.4987515048998346f,-2.8758988794830516f,0f,0f,0f,1f], start_interpolation: 0, interpolation_duration: 1 }
$data merge entity $(bone_tail0) { transformation: [-1.49910393751242f,0.009019262167983055f,0.05785594453350601f,2.4492935982947064e-16f,-6.505213034913027e-19f,1.477123059644216f,-0.29577061582586506f,-0.53125f,-0.05183998972568102f,-0.2608181734029574f,-1.673072751704517f,-2f,0f,0f,0f,1f], start_interpolation: 0, interpolation_duration: 1 }