# This file was generated by Animated Java via MC-Build. It is not recommended to edit this file directly.
$data merge entity $(bone_leftwing20) { transformation: [-0.44811247676210236f,-1.9298925729404344f,-2.1969173803742814f,1.2905003990382518f,-0.42070716979674694f,2.241989413670338f,-1.8836732883870435f,0.25446434322469996f,2.8937755262913636f,0.02709680812557147f,-0.6140562494899476f,2.457606237179765f,0f,0f,0f,1f], start_interpolation: 0, interpolation_duration: 1 }
$data merge entity $(bone_leftwing21) { transformation: [-0.2549196272334434f,-1.9297890110995484f,-2.227493484113911f,1.2905003990382518f,-0.2549196272334432f,2.2418691040975762f,-1.913069724088287f,0.25446434322469996f,2.936124798570672f,0.02709535405741712f,-0.359491132694784f,2.457606237179765f,0f,0f,0f,1f], start_interpolation: 0, interpolation_duration: 1 }
$data merge entity $(bone_leftwing22) { transformation: [-0.05992622347053443f,-1.9335153346604552f,-2.2455626179685724f,1.2905003990382518f,-0.08738297521493636f,2.2461980383049007f,-1.9317305094661221f,0.25446434322469996f,2.961992106037352f,0.027147673795810564f,-0.10242041019411569f,2.457606237179765f,0f,0f,0f,1f], start_interpolation: 0, interpolation_duration: 1 }
$data merge entity $(bone_leftwing23) { transformation: [0.13384852242184425f,-1.902710987406062f,-2.206517599271345f,1.2905003990382518f,0.08001552228402913f,2.21041209798484f,-1.901215484294275f,0.25446434322469996f,2.912494898481978f,0.02671516294070426f,0.1536366194302272f,2.457606237179765f,0f,0f,0f,1f], start_interpolation: 0, interpolation_duration: 1 }
$data merge entity $(bone_leftwing1) { transformation: [-0.30146318702821395f,-1.304716105649871f,1.4855422681716688f,0.8383056184959308f,-0.23577248315251279f,1.5157111529038905f,1.2833670703079683f,-0.09919438150406923f,-1.963041335034719f,0.01831896887362578f,-0.3822736354033807f,-0.48695576537231355f,0f,0f,0f,1f], start_interpolation: 0, interpolation_duration: 1 }
$data merge entity $(bone_leftwing) { transformation: [-0.10053707899728725f,-0.7610843949624249f,-0.8784952763689079f,0.6874999999999999f,-0.10053707899728717f,0.8841648391939362f,-0.7544905194838206f,-0.25f,1.157970510248209f,0.010686065176281706f,-0.14177875904966092f,1.25f,0f,0f,0f,1f], start_interpolation: 0, interpolation_duration: 1 }
$data merge entity $(bone_rightwing20) { transformation: [-0.44811247676210153f,1.9298925729404344f,2.1969173803742814f,-1.2905003990382522f,0.42070716979674694f,2.241989413670338f,-1.8836732883870435f,0.25446434322469996f,-2.893775526291363f,0.027096808125571942f,-0.614056249489947f,2.4576062371797645f,0f,0f,0f,1f], start_interpolation: 0, interpolation_duration: 1 }
$data merge entity $(bone_rightwing21) { transformation: [-0.25493330745740633f,1.9298925729404344f,2.22761302222116f,-1.2905003990382522f,0.2549333074574068f,2.241989413670338f,-1.913172388691117f,0.25446434322469996f,-2.936282365272245f,0.027096808125571942f,-0.35951042473306843f,2.4576062371797645f,0f,0f,0f,1f], start_interpolation: 0, interpolation_duration: 1 }
$data merge entity $(bone_rightwing22) { transformation: [-0.059813941750020506f,1.9298925729404344f,2.241355183899416f,-1.2905003990382522f,0.08721924871537602f,2.241989413670338f,-1.928111091912178f,0.25446434322469996f,-2.9564423224776366f,0.027096808125571942f,-0.10222850856564147f,2.4576062371797645f,0f,0f,0f,1f], start_interpolation: 0, interpolation_duration: 1 }
$data merge entity $(bone_rightwing23) { transformation: [0.13384852242184492f,1.902710987406062f,2.2065175992713444f,-1.2905003990382522f,-0.08001552228402913f,2.21041209798484f,-1.901215484294275f,0.25446434322469996f,-2.9124948984819774f,0.026715162940704727f,0.15363661943022774f,2.4576062371797645f,0f,0f,0f,1f], start_interpolation: 0, interpolation_duration: 1 }
$data merge entity $(bone_rightwing1) { transformation: [-0.3014631870282144f,1.304716105649871f,-1.4855422681716686f,-0.8383056184959305f,0.23577248315251279f,1.5157111529038905f,1.2833670703079683f,-0.09919438150406923f,1.9630413350347187f,0.0183189688736261f,-0.3822736354033811f,-0.48695576537231355f,0f,0f,0f,1f], start_interpolation: 0, interpolation_duration: 1 }
$data merge entity $(bone_rightwing) { transformation: [-0.10053707899728696f,0.7610843949624249f,0.8784952763689079f,-0.6875000000000001f,0.10053707899728717f,0.8841648391939362f,-0.7544905194838206f,-0.25f,-1.157970510248209f,0.010686065176281892f,-0.1417787590496607f,1.25f,0f,0f,0f,1f], start_interpolation: 0, interpolation_duration: 1 }
$data merge entity $(bone_head) { transformation: [-1.2269070000000002f,3.957512090488964e-18f,1.5020064548565666e-16f,-4.172152872395652e-16f,0f,1.2264813462153512f,-0.032315538596470336f,-0.253316441379232f,-1.5025277304014817e-16f,-0.032315538596470336f,-1.2264813462153512f,3.4068213588607485f,0f,0f,0f,1f], start_interpolation: 0, interpolation_duration: 1 }
$data merge entity $(bone_neck4) { transformation: [-1.0497600000000002f,6.33233861318572e-17f,1.1188137667726346e-16f,-4.0824384538061568e-16f,0f,0.9135807708406998f,-0.5170746877870864f,-0.257084210277153f,-1.2855852238729257e-16f,-0.5170746877870864f,-0.9135807708406998f,3.333563976689858f,0f,0f,0f,1f], start_interpolation: 0, interpolation_duration: 1 }
$data merge entity $(bone_neck3) { transformation: [-1.1664000000000003f,8.428671246865314e-17f,1.1532482981067502e-16f,-3.5778923233844536e-16f,0f,0.941698699502327f,-0.6882532378097657f,-0.5581950018189255f,-1.428428026525473e-16f,-0.6882532378097657f,-0.941698699502327f,2.92157079565759f,0f,0f,0f,1f], start_interpolation: 0, interpolation_duration: 1 }
$data merge entity $(bone_neck2) { transformation: [-1.2960000000000003f,8.78588226741253e-17f,1.3217803353610006e-16f,-3.2474472395442035e-16f,0f,1.0793155514563673f,-0.7174217311905444f,-0.7375504346165616f,-1.58714225169497e-16f,-0.7174217311905444f,-1.0793155514563673f,2.651741907793498f,0f,0f,0f,1f], start_interpolation: 0, interpolation_duration: 1 }
$data merge entity $(bone_neck1) { transformation: [-1.4400000000000002f,6.527362952054267e-17f,1.6382421109985918e-16f,-2.8378867117945554e-16f,0f,1.337726201660103f,-0.5329996335758908f,-0.8708003430105342f,-1.7634913907721887e-16f,-0.5329996335758908f,-1.337726201660103f,2.317310357378472f,0f,0f,0f,1f], start_interpolation: 0, interpolation_duration: 1 }
$data merge entity $(bone_neck0) { transformation: [-1.6f,3.0196997362748397e-17f,1.9360266471931044e-16f,-2.372753173347997e-16f,0f,1.5808857284737456f,-0.24657719583942672f,-1.03125f,-1.9594348786357652e-16f,-0.24657719583942672f,-1.5808857284737456f,1.9375f,0f,0f,0f,1f], start_interpolation: 0, interpolation_duration: 1 }
$data merge entity $(bone_frontlegl) { transformation: [-0.9659258262890683f,-0.14594426475208805f,0.2137465080270392f,0.4405882605517978f,-1.3877787807814457e-17f,0.825853089529683f,0.5638853380912446f,-0.8097821894992144f,-0.25881904510252085f,0.5446714111280762f,-0.7977128278973391f,1.4259740143838013f,0f,0f,0f,1f], start_interpolation: 0, interpolation_duration: 1 }
$data merge entity $(bone_frontlegtipleft) { transformation: [-0.9659258262890683f,0.2124574330958105f,0.14781453659948304f,0.8973694618343272f,-1.3877787807814457e-17f,0.5711115136095652f,-0.8208724864573005f,-1.628793326974561f,-0.25881904510252085f,-0.7929019347592303f,-0.5516513606865199f,0.6871691895441239f,0f,0f,0f,1f], start_interpolation: 0, interpolation_duration: 1 }
$data merge entity $(bone_frontfootleftd) { transformation: [-0.9659258262890681f,-0.07168665932842805f,0.24869322665104998f,0.4973781491808872f,1.399461110736454e-16f,0.9608768417816401f,0.2769759825828595f,-2.774923967857603f,-0.25881904510252063f,0.2675382548385755f,-0.9281357573599611f,2.1390791099843764f,0f,0f,0f,1f], start_interpolation: 0, interpolation_duration: 1 }
$data merge entity $(bone_frontfootleft) { transformation: [0.9659258262890681f,0.10661035183395733f,0.23584217389945433f,0.605419174945771f,-2.83533327077742e-17f,-0.9112241867905624f,0.4119107687447339f,-2.531448002523828f,0.2588190451025207f,-0.39787524965712273f,-0.8801749755602583f,1.7767424934965255f,0f,0f,0f,1f], start_interpolation: 0, interpolation_duration: 1 }
$data merge entity $(bone_frontlegr) { transformation: [-0.9659258262890683f,0.20159650624155465f,-0.16231496166089984f,-0.8749515319998911f,-6.938893903907228e-18f,0.6271368538455329f,0.7789090874734526f,-0.8715281764305601f,0.2588190451025206f,0.7523684039218589f,-0.6057676837470731f,1.5626804859719734f,0f,0f,0f,1f], start_interpolation: 0, interpolation_duration: 1 }
$data merge entity $(bone_frontlegtipright) { transformation: [-0.9659258262890683f,-0.21167623102145802f,-0.1489310959079094f,-0.9072194012720934f,-6.938893903907228e-18f,0.5754255674999359f,-0.817854153420631f,-1.4361529050909185f,0.2588190451025206f,-0.7899864489267694f,-0.5558184167552317f,0.4763293321070545f,0f,0f,0f,1f], start_interpolation: 0, interpolation_duration: 1 }
$data merge entity $(bone_frontfootrightd) { transformation: [-0.9659258262890683f,0.08554847887301362f,-0.24427188923470955f,-0.5529273511137913f,1.268858221699273e-16f,0.9437941057929146f,0.3305339405727538f,-2.6331011216358404f,0.25881904510252074f,0.3192712696643191f,-0.9116351014847734f,1.8394432449841336f,0f,0f,0f,1f], start_interpolation: 0, interpolation_duration: 1 }
$data merge entity $(bone_frontfootright) { transformation: [0.9659258262890683f,-0.1703481050263644f,-0.19485589860639926f,-0.6220014423769832f,-3.468640445366741e-17f,-0.7528653794747409f,0.6581745364174721f,-2.2859552116085577f,-0.2588190451025207f,-0.6357477829314714f,-0.7272121137535721f,1.5407772459346982f,0f,0f,0f,1f], start_interpolation: 0, interpolation_duration: 1 }
$data merge entity $(bone_rearlegl) { transformation: [-1.0464196451464907f,-0.03418251939317859f,-0.2782958726437361f,-0.02068075513791401f,0f,1.0752526829449531f,-0.13207111315799258f,-0.5377561981331956f,0.28038729886106395f,-0.12757089910605102f,-1.0386143362431415f,-1.47844225572304f,0f,0f,0f,1f], start_interpolation: 0, interpolation_duration: 1 }
$data merge entity $(bone_rearfootleftd) { transformation: [-0.9659258262890683f,0.13363070056390755f,-0.22165318399377865f,0.5821187695851823f,0f,0.8564021395951744f,0.516309379439118f,-2.795986190713548f,0.2588190451025206f,0.4987165639555262f,-0.8272209443241949f,-1.8850598249730102f,0f,0f,0f,1f], start_interpolation: 0, interpolation_duration: 1 }
$data merge entity $(bone_rearfootleft) { transformation: [-0.9659258262890683f,0.23179002840608742f,-0.11515502958744708f,0.5319234402945734f,0f,0.44492486842238793f,0.8955678988548668f,-2.124667651698029f,0.2588190451025206f,0.8650521626993519f,-0.42976442116745006f,-2.072391344188213f,0f,0f,0f,1f], start_interpolation: 0, interpolation_duration: 1 }
$data merge entity $(bone_rearlegtipleft) { transformation: [-0.9659258262890683f,0.25813054777070227f,-0.018865800152069425f,0.7308627364317133f,0f,0.07289185440196835f,0.997339850583462f,-2.114109537957527f,0.2588190451025206f,0.9633563192658465f,-0.07040812469296374f,-1.0884583268101489f,0f,0f,0f,1f], start_interpolation: 0, interpolation_duration: 1 }
$data merge entity $(bone_rearlegr) { transformation: [-1.0464196451464907f,0.13662216844901967f,0.2448497916088381f,-1.2924222399156775f,0f,0.9460269491058921f,-0.5278675237940942f,-0.6262779620728615f,-0.2803872988610642f,-0.5098808740919749f,-0.9137918625068352f,-1.9069241684674463f,0f,0f,0f,1f], start_interpolation: 0, interpolation_duration: 1 }
$data merge entity $(bone_rearfootrightd) { transformation: [-0.9659258262890683f,0.12501973849023326f,0.22662162980530876f,-0.7959295949919133f,0f,0.8755987400986724f,-0.4830391768144869f,-2.833113854460297f,-0.25881904510252085f,-0.4665800159945247f,-0.8457634365274775f,-1.1035639226122504f,0f,0f,0f,1f], start_interpolation: 0, interpolation_duration: 1 }
$data merge entity $(bone_rearfootright) { transformation: [-0.9659258262890683f,-0.17019540436155728f,0.19498928801856458f,-0.6831488850243448f,0f,0.753380756587396f,0.6575845463541571f,-2.2868518842683896f,-0.25881904510252085f,0.6351778962920613f,-0.727709929816964f,-1.5244672623249054f,0f,0f,0f,1f], start_interpolation: 0, interpolation_duration: 1 }
$data merge entity $(bone_rearlegtipright) { transformation: [-0.9659258262890683f,-0.2274330581660005f,0.12353745246297314f,-0.9786733981123479f,0f,0.4773120633917751f,0.8787338585377747f,-1.8644606870352256f,-0.25881904510252085f,0.8487917283962814f,-0.4610480492294405f,-0.6630362211706917f,0f,0f,0f,1f], start_interpolation: 0, interpolation_duration: 1 }
$data merge entity $(bone_tail11) { transformation: [-0.2878795683066259f,0.05449535793411743f,-0.021285707724147097f,-0.16884967342969287f,0.023616594673809676f,0.204972742908346f,0.21098070575602756f,-1.7008821593188321f,0.06394725496353251f,0.24008656875582257f,-0.21970027377816312f,-8.043695754568914f,0f,0f,0f,1f], start_interpolation: 0, interpolation_duration: 1 }
$data merge entity $(bone_tail10) { transformation: [-0.38141946227175705f,0.06521888114750116f,-0.06069116894321211f,-0.13471089089913607f,0.021231955750668774f,0.3255724626478219f,0.2199284767258612f,-1.824591927477129f,0.10166116380237866f,0.25260259261668105f,-0.3484404615488429f,-7.847697994947689f,0f,0f,0f,1f], start_interpolation: 0, interpolation_duration: 1 }
$data merge entity $(bone_tail9) { transformation: [-0.4755714744031111f,0.06373648933463574f,-0.09738906789236274f,-0.07992954020968204f,0.024203295905756598f,0.45569792256907654f,0.1834524193591328f,-1.9277839133666412f,0.13334106357105913f,0.2170429038961138f,-0.49057657721633f,-7.571748670263503f,0f,0f,0f,1f], start_interpolation: 0, interpolation_duration: 1 }
$data merge entity $(bone_tail8) { transformation: [-0.5623444567213569f,0.04874639177516918f,-0.11479652564002915f,-0.015356494537165644f,0.03072354692867314f,0.569868303553249f,0.09548565775656873f,-1.9814945958547112f,0.14231746837444642f,0.1260088464123895f,-0.6219147958448974f,-7.221921597600748f,0f,0f,0f,1f], start_interpolation: 0, interpolation_duration: 1 }
$data merge entity $(bone_tail7) { transformation: [-0.6685801265807855f,0.026667894122653663f,-0.10727747419967457f,0.0449870847001513f,0.034095757617330774f,0.6788330372430449f,-0.0378136584687471f,-1.9602244129660409f,0.12567577831095272f,-0.014096210363068823f,-0.7545529500178512f,-6.797485563215706f,0f,0f,0f,1f], start_interpolation: 0, interpolation_duration: 1 }
$data merge entity $(bone_tail6) { transformation: [-0.7931203165182311f,0.011923315722950053f,-0.08009529195453599f,0.0900406864245778f,0.029737418695434795f,0.7827098887457776f,-0.16695584112057635f,-1.8663117523357167f,0.09288537839241767f,-0.15066346568935426f,-0.8825171423612661f,-6.301069670637494f,0f,0f,0f,1f], start_interpolation: 0, interpolation_duration: 1 }
$data merge entity $(bone_tail5) { transformation: [-0.8847345615939428f,0.0057031816520157885f,-0.043591303494273974f,0.1145607946401069f,0.01949937901874138f,0.8509566194083343f,-0.2594922578802326f,-1.7203473572780859f,0.05271024006496435f,-0.24942246651038502f,-0.9670636679321065f,-5.757096357425684f,0f,0f,0f,1f], start_interpolation: 0, interpolation_duration: 1 }
$data merge entity $(bone_tail4) { transformation: [-0.98422456257605f,0.00724042006059155f,-0.0004123988369571438f,0.1147927689858953f,0.008471194268641067f,0.9507276974777595f,-0.27134812938764724f,-1.5677140344975342f,0.005964823790271211f,-0.25701810815125614f,-1.0810751538723635f,-5.14899158337248f,0f,0f,0f,1f], start_interpolation: 0, interpolation_duration: 1 }
$data merge entity $(bone_tail3) { transformation: [-1.0928606622686754f,0.008051760379384288f,0.03973809892574509f,0.09244008834016368f,-0.0009501417036075644f,1.0615342249057353f,-0.28291148190162835f,-1.4085763259278683f,-0.037550140905554266f,-0.2642736728847423f,-1.205493802657219f,-4.470901319377794f,0f,0f,0f,1f], start_interpolation: 0, interpolation_duration: 1 }
$data merge entity $(bone_tail2) { transformation: [-1.2136606984105656f,0.008173775748562989f,0.059074156053437514f,0.059210875560105077f,-0.004629072059772064f,1.1847934234335673f,-0.2936606833930421f,-1.243392191519282f,-0.0580763619075104f,-0.27019570175953894f,-1.3437552158254076f,-3.7150390104760023f,0f,0f,0f,1f], start_interpolation: 0, interpolation_duration: 1 }
$data merge entity $(bone_tail1) { transformation: [-1.3486528483258806f,0.00789897592418873f,0.06283497005554797f,0.023866204903859344f,-0.004480293482570451f,1.3220972666654507f,-0.3025506069121128f,-1.0732074751312186f,-0.06124532835945125f,-0.2732927325815528f,-1.4983613830432811f,-2.8722107325141564f,0f,0f,0f,1f], start_interpolation: 0, interpolation_duration: 1 }
$data merge entity $(bone_tail0) { transformation: [-1.4994387693922784f,0.007429484671714008f,0.04573080190540017f,2.4492935982947064e-16f,0f,1.4752028384294387f,-0.30783424982019364f,-0.53125f,-0.04102897565586378f,-0.2715168286630508f,-1.671271003875412f,-2f,0f,0f,0f,1f], start_interpolation: 0, interpolation_duration: 1 }