# This file was generated by Animated Java via MC-Build. It is not recommended to edit this file directly.
$data merge entity $(bone_leftwing20) { transformation: [-0.44691077510937044f,-1.9456936560127838f,-2.1831818676312476f,1.286179668703997f,-0.4220932770687807f,2.2283200372126077f,-1.899516567003629f,0.2594481058110257f,2.89375951586437f,0.024538129910849762f,-0.6142392495078763f,2.4576638028304565f,0f,0f,0f,1f], start_interpolation: 0, interpolation_duration: 1 }
$data merge entity $(bone_leftwing21) { transformation: [-0.254919627233443f,-1.945589246254623f,-2.2137062438338275f,1.286179668703997f,-0.2549196272334431f,2.22820046116554f,-1.9289726680262158f,0.2594481058110257f,2.936124798570672f,0.0245368131464137f,-0.35967482188539845f,2.4576638028304565f,0f,0f,0f,1f], start_interpolation: 0, interpolation_duration: 1 }
$data merge entity $(bone_leftwing22) { transformation: [-0.061130180937297475f,-1.9493460792588875f,-2.2318013211531667f,1.286179668703997f,-0.08599426596575836f,2.232503001924716f,-1.947603528817553f,0.2594481058110257f,2.962008146518849f,0.02458419247358945f,-0.10260375373658503f,2.4576638028304565f,0f,0f,0f,1f], start_interpolation: 0, interpolation_duration: 1 }
$data merge entity $(bone_leftwing23) { transformation: [0.13148798673002107f,-1.9182895200126036f,-2.1931303361177474f,1.286179668703997f,0.08273829101859449f,2.196935247956092f,-1.916657073117638f,0.2594481058110257f,2.9125263482051884f,0.024192522447316667f,0.15345825918675055f,2.4576638028304565f,0f,0f,0f,1f], start_interpolation: 0, interpolation_duration: 1 }
$data merge entity $(bone_leftwing1) { transformation: [-0.298582700138711f,-1.3153985280086424f,1.4766770410927956f,0.8383056184959305f,-0.23909499154339667f,1.5064698843127489f,1.2935926996847178f,-0.09919438150406934f,-1.96307971213518f,0.01658915824958857f,-0.3821555228330875f,-0.48695576537231355f,0f,0f,0f,1f], start_interpolation: 0, interpolation_duration: 1 }
$data merge entity $(bone_leftwing) { transformation: [-0.10053707899728713f,-0.7673158080050415f,-0.873057763062316f,0.6874999999999999f,-0.10053707899728712f,0.8787740991824369f,-0.7607624395722368f,-0.25f,1.1579705102482092f,0.009677008978926668f,-0.1418512037447524f,1.25f,0f,0f,0f,1f], start_interpolation: 0, interpolation_duration: 1 }
$data merge entity $(bone_rightwing20) { transformation: [-0.4469107751093699f,1.9456936560127838f,2.183181867631248f,-1.2861796687039975f,0.4220932770687807f,2.2283200372126077f,-1.899516567003629f,0.2594481058110257f,-2.89375951586437f,0.024538129910850234f,-0.6142392495078758f,2.4576638028304565f,0f,0f,0f,1f], start_interpolation: 0, interpolation_duration: 1 }
$data merge entity $(bone_rightwing21) { transformation: [-0.25493330745740606f,1.9456936560127838f,2.2138250420508734f,-1.2861796687039975f,0.25493330745740667f,2.2283200372126077f,-1.929076186058172f,0.2594481058110257f,-2.9362823652722456f,0.024538129910850234f,-0.35969412378133614f,2.4576638028304565f,0f,0f,0f,1f], start_interpolation: 0, interpolation_duration: 1 }
$data merge entity $(bone_rightwing22) { transformation: [-0.061015643402751486f,1.9456936560127838f,2.2276196711563823f,-1.2861796687039975f,0.0858331414433419f,2.2283200372126077f,-1.9439543705287636f,0.2594481058110257f,-2.956458332904631f,0.024538129910850234f,-0.10241150858357022f,2.4576638028304565f,0f,0f,0f,1f], start_interpolation: 0, interpolation_duration: 1 }
$data merge entity $(bone_rightwing23) { transformation: [0.13148798673002174f,1.9182895200126036f,2.193130336117748f,-1.2861796687039975f,-0.08273829101859449f,2.196935247956092f,-1.916657073117638f,0.2594481058110257f,-2.912526348205189f,0.024192522447317132f,0.15345825918675104f,2.4576638028304565f,0f,0f,0f,1f], start_interpolation: 0, interpolation_duration: 1 }
$data merge entity $(bone_rightwing1) { transformation: [-0.29858270013871147f,1.3153985280086424f,-1.4766770410927956f,-0.8383056184959303f,0.23909499154339667f,1.5064698843127489f,1.2935926996847178f,-0.09919438150406934f,1.96307971213518f,0.01658915824958889f,-0.38215552283308785f,-0.48695576537231355f,0f,0f,0f,1f], start_interpolation: 0, interpolation_duration: 1 }
$data merge entity $(bone_rightwing) { transformation: [-0.10053707899728684f,0.7673158080050415f,0.873057763062316f,-0.6875000000000001f,0.10053707899728712f,0.8787740991824369f,-0.7607624395722368f,-0.25f,-1.1579705102482092f,0.009677008978926854f,-0.14185120374475219f,1.25f,0f,0f,0f,1f], start_interpolation: 0, interpolation_duration: 1 }
$data merge entity $(bone_head) { transformation: [-1.2269070000000002f,4.093907792333581e-18f,1.5019698973428914e-16f,-4.1629987153690985e-16f,0f,1.2264514947400518f,-0.03342929402325565f,-0.24006203991935393f,-1.5025277304014817e-16f,-0.03342929402325565f,-1.2264514947400518f,3.3993464223868797f,0f,0f,0f,1f], start_interpolation: 0, interpolation_duration: 1 }
$data merge entity $(bone_neck4) { transformation: [-1.0497600000000002f,6.342495959522605e-17f,1.1182382652524438e-16f,-4.0732885239173127e-16f,0f,0.9131108381869816f,-0.5179040980581909f,-0.2438963323546477f,-1.2855852238729257e-16f,-0.5179040980581909f,-0.9131108381869816f,3.3260924919358748f,0f,0f,0f,1f], start_interpolation: 0, interpolation_duration: 1 }
$data merge entity $(bone_neck3) { transformation: [-1.1664000000000003f,8.518542815459935e-17f,1.1466258805622767e-16f,-3.5716397011713164e-16f,0f,0.9362910852015472f,-0.6955918082985948f,-0.5482177484852829f,-1.428428026525473e-16f,-0.6955918082985948f,-0.9362910852015472f,2.916465142160198f,0f,0f,0f,1f], start_interpolation: 0, interpolation_duration: 1 }
$data merge entity $(bone_neck2) { transformation: [-1.2960000000000003f,8.971226765175297e-17f,1.3092713356647668e-16f,-3.2443218672551246e-16f,0f,1.0691011780509552f,-0.732556257969352f,-0.7313568129776209f,-1.58714225169497e-16f,-0.732556257969352f,-1.0691011780509552f,2.649189847647459f,0f,0f,0f,1f], start_interpolation: 0, interpolation_duration: 1 }
$data merge entity $(bone_neck1) { transformation: [-1.4400000000000002f,6.734590727967879e-17f,1.6298327406808707e-16f,-2.836863682084907e-16f,0f,1.330859429686685f,-0.5499210656212684f,-0.868837079382938f,-1.7634913907721887e-16f,-0.5499210656212684f,-1.330859429686685f,2.316474990225788f,0f,0f,0f,1f], start_interpolation: 0, interpolation_duration: 1 }
$data merge entity $(bone_neck0) { transformation: [-1.6f,3.1198432447860915e-17f,1.934438116067294e-16f,-2.372753173347997e-16f,0f,1.5795885943719652f,-0.25475453387525676f,-1.03125f,-1.9594348786357652e-16f,-0.25475453387525676f,-1.5795885943719652f,1.9375f,0f,0f,0f,1f], start_interpolation: 0, interpolation_duration: 1 }
$data merge entity $(bone_frontlegl) { transformation: [-0.9659258262890683f,-0.15060801889795092f,0.21048639564450516f,0.4402177139508871f,-1.3877787807814457e-17f,0.8132569825421053f,0.5819047003990513f,-0.809986531850847f,-0.2588190451025208f,0.5620767785544463f,-0.7855459228473376f,1.427356913124972f,0f,0f,0f,1f], start_interpolation: 0, interpolation_duration: 1 }
$data merge entity $(bone_frontlegtipleft) { transformation: [-0.9659258262890683f,0.20558091058460926f,0.1572379957611506f,0.9004957727949685f,-1.3877787807814457e-17f,0.6075209639185055f,-0.7943036437027908f,-1.6089650856597968f,-0.2588190451025208f,-0.7672384033680358f,-0.5868201890609136f,0.6755016381987512f,0f,0f,0f,1f], start_interpolation: 0, interpolation_duration: 1 }
$data merge entity $(bone_frontfootleftd) { transformation: [-0.9659258262890683f,-0.06742598192945495f,0.24988204230922528f,0.5127374211465086f,1.3358734822862472e-16f,0.9654700727693536f,0.26051398923424296f,-2.8132585070483085f,-0.25881904510252063f,0.2516371903109476f,-0.9325724777971045f,2.0817575266414092f,0f,0f,0f,1f], start_interpolation: 0, interpolation_duration: 1 }
$data merge entity $(bone_frontfootleft) { transformation: [0.9659258262890683f,0.1117693656491626f,0.23344144235795933f,0.6193694502406084f,-2.3130517256709552e-17f,-0.9019484723988951f,0.4318436674738898f,-2.5615324179070793f,0.2588190451025207f,-0.41712895133241856f,-0.8712153234720655f,1.7246793573166195f,0f,0f,0f,1f], start_interpolation: 0, interpolation_duration: 1 }
$data merge entity $(bone_frontlegr) { transformation: [-0.9659258262890683f,0.19616500063900938f,-0.16883894880055972f,-0.87497652249514f,0f,0.6523436045198339f,0.7579233613249236f,-0.87258490147899f,0.25881904510252063f,0.7320977490515648f,-0.6301155352202097f,1.5625872201739976f,0f,0f,0f,1f], start_interpolation: 0, interpolation_duration: 1 }
$data merge entity $(bone_frontlegtipright) { transformation: [-0.9659258262890683f,-0.21795144681836345f,-0.13958676490829164f,-0.902561512546125f,0f,0.5393218449322384f,-0.8420997254357032f,-1.4724876973885606f,0.25881904510252063f,-0.813405873109279f,-0.5209448987019171f,0.4937128094883709f,0f,0f,0f,1f], start_interpolation: 0, interpolation_duration: 1 }
$data merge entity $(bone_frontfootrightd) { transformation: [-0.9659258262890681f,0.08900219135825665f,-0.2430347877181556f,-0.5360722855206481f,1.413867538916191e-16f,0.9390143125745912f,0.3438780609170466f,-2.61048448932275f,0.25881904510252074f,0.33216070013398097f,-0.9070181757708733f,1.9023472061426494f,0f,0f,0f,1f], start_interpolation: 0, interpolation_duration: 1 }
$data merge entity $(bone_frontfootright) { transformation: [0.9659258262890681f,-0.16386623772052406f,-0.20033760067221865f,-0.6080502618870597f,-4.6593574620398665e-17f,-0.7740450498643292f,0.6331305242843123f,-2.273572512865183f,-0.2588190451025207f,-0.6115571248181554f,-0.747670104375165f,1.5928437603486563f,0f,0f,0f,1f], start_interpolation: 0, interpolation_duration: 1 }
$data merge entity $(bone_rearlegl) { transformation: [-1.0464196451464907f,-0.03764727836311072f,-0.277848375547625f,-0.021160051280164516f,-3.758567531283082e-18f,1.0735236869356608f,-0.1454579138416892f,-0.539993622682502f,0.28038729886106395f,-0.14050155561781774f,-1.0369442543442153f,-1.4802310132777907f,0f,0f,0f,1f], start_interpolation: 0, interpolation_duration: 1 }
$data merge entity $(bone_rearfootleftd) { transformation: [-0.9659258262890683f,0.1447469786565531f,-0.21455910672255313f,0.5862328602312833f,-3.469446951953614e-18f,0.8289927297953066f,0.559259379846709f,-2.7801960809474093f,0.2588190451025206f,0.5402030785883446f,-0.800745487515162f,-1.8697058296548186f,0f,0f,0f,1f], start_interpolation: 0, interpolation_duration: 1 }
$data merge entity $(bone_rearfootleft) { transformation: [-0.9659258262890683f,0.23216631445090535f,-0.11439449524371316f,0.5366074340575937f,-3.469446951953614e-18f,0.4419863893648184f,0.8970217564899143f,-2.108245324689991f,0.2588190451025206f,0.8664564813367921f,-0.4269260683557341f,-2.0549104414822867f,0f,0f,0f,1f], start_interpolation: 0, interpolation_duration: 1 }
$data merge entity $(bone_rearlegtipleft) { transformation: [-0.9659258262890683f,0.25841212389239115f,-0.014507664636462267f,0.735555922846697f,-3.469446951953614e-18f,0.05605331180599803f,0.9984277771754848f,-2.1145937489574607f,0.2588190451025206f,0.964407175658188f,-0.05414334152244744f,-1.070943116660038f,0f,0f,0f,1f], start_interpolation: 0, interpolation_duration: 1 }
$data merge entity $(bone_rearlegr) { transformation: [-1.0464196451464907f,0.1285189078089279f,0.2491985708189436f,-1.2929770615456f,0f,0.9628293417133716f,-0.496558928876429f,-0.6180246797155304f,-0.2803872988610642f,-0.47963909367617935f,-0.9300217274698481f,-1.9048535459554374f,0f,0f,0f,1f], start_interpolation: 0, interpolation_duration: 1 }
$data merge entity $(bone_rearfootrightd) { transformation: [-0.9659258262890683f,0.06016343168290579f,0.25172933797219f,-0.7818805439123313f,0f,0.9726074751279508f,-0.2324536498427867f,-2.858021608794541f,-0.25881904510252085f,-0.2245329837983035f,-0.9394666790678902f,-1.1559956950393808f,0f,0f,0f,1f], start_interpolation: 0, interpolation_duration: 1 }
$data merge entity $(bone_rearfootright) { transformation: [-0.9659258262890683f,-0.1737175628259997f,0.19185803729209672f,-0.6716928386272648f,0f,0.7412825328062694f,0.6711931216545074f,-2.3039160210562835f,-0.25881904510252085f,0.6483227706336692f,-0.7160239430145491f,-1.5672218095326746f,0f,0f,0f,1f], start_interpolation: 0, interpolation_duration: 1 }
$data merge entity $(bone_rearlegtipright) { transformation: [-0.9659258262890683f,-0.22830698579687006f,0.1219147995287221f,-0.9679898635377467f,0f,0.4710426138865879f,0.8821104556136329f,-1.8880053106455477f,-0.25881904510252085f,0.8520532707168248f,-0.45499222603576495f,-0.702907715007522f,0f,0f,0f,1f], start_interpolation: 0, interpolation_duration: 1 }
$data merge entity $(bone_tail11) { transformation: [-0.28846340865361675f,0.05355023860164455f,-0.014679618970743165f,-0.22298185867068523f,0.02746115731943171f,0.20388904247584697f,0.2116183831574664f,-1.7160116423145253f,0.05807764228008995f,0.24171682730480323f,-0.21949813006825777f,-8.036422722643211f,0f,0f,0f,1f], start_interpolation: 0, interpolation_duration: 1 }
$data merge entity $(bone_tail10) { transformation: [-0.3821822389127717f,0.0657416272005068f,-0.05501625093812474f,-0.19203521751799008f,0.024580266149823164f,0.324762351886245f,0.22086752643745436f,-1.8402496259355934f,0.09664102096021181f,0.2540967176365363f,-0.34873259418200064f,-7.840260638415836f,0f,0f,0f,1f], start_interpolation: 0, interpolation_duration: 1 }
$data merge entity $(bone_tail9) { transformation: [-0.4757223269685899f,0.06570638371001736f,-0.09527438961998567f,-0.13844337335674814f,0.02662478992580183f,0.45530624216529153f,0.184260093946653f,-1.9438959287805857f,0.13176922070413016f,0.21785053789097353f,-0.49058794618805857f,-7.564304918685053f,0f,0f,0f,1f], start_interpolation: 0, interpolation_duration: 1 }
$data merge entity $(bone_tail8) { transformation: [-0.5613784238033506f,0.05131723746218102f,-0.11829704678185046f,-0.07190128454195725f,0.03266225599617411f,0.5697940351354603f,0.09574344707052448f,-1.9977516177577557f,0.1463735014316316f,0.1258293712703748f,-0.620948536923384f,-7.21502136666565f,0f,0f,0f,1f], start_interpolation: 0, interpolation_duration: 1 }
$data merge entity $(bone_tail7) { transformation: [-0.6668086585671843f,0.02849040607813517f,-0.11728779292291372f,-0.005926901022818287f,0.03663314321230915f,0.678756405667428f,-0.03841362551057875f,-1.9761439534080552f,0.13641158916309679f,-0.015236300534572977f,-0.7525947967493336f,-6.79168679349415f,0f,0f,0f,1f], start_interpolation: 0, interpolation_duration: 1 }
$data merge entity $(bone_tail6) { transformation: [-0.7914283026492926f,0.012075586089286387f,-0.0952313455742568f,0.04764073086270117f,0.03325956176916562f,0.7822959411218826f,-0.16872434010068899f,-1.8812365121014176f,0.1090480557779254f,-0.15278712875842032f,-0.8802183032239886f,-6.296563997930656f,0f,0f,0f,1f], start_interpolation: 0, interpolation_duration: 1 }
$data merge entity $(bone_tail5) { transformation: [-0.8836997475430692f,0.004349780109797757f,-0.060947397213249835f,0.0819236417951542f,0.023413029488049887f,0.8500759444534914f,-0.2624373953417237f,-1.733615477221698f,0.07135114336507364f,-0.2525052045483185f,-0.9649737773492605f,-5.753766248171697f,0f,0f,0f,1f], start_interpolation: 0, interpolation_duration: 1 }
$data merge entity $(bone_tail4) { transformation: [-0.9840507574697258f,0.006055507149814491f,-0.017942777440822528f,0.09201645410561687f,0.012117775809727022f,0.9496418156014524f,-0.27545219574553514f,-1.5786736171148346f,0.024777867753752007f,-0.26114866247522983f,-1.0797153694287533f,-5.146426352868024f,0f,0f,0f,1f], start_interpolation: 0, interpolation_duration: 1 }
$data merge entity $(bone_tail3) { transformation: [-1.0932935930332748f,0.007075794277360256f,0.02455375271763095f,0.07820496820194947f,0.0017879767021705666f,1.0603461420046305f,-0.28787696491742076f,-1.4167428243487854f,-0.02135501484745602f,-0.2691508377802432f,-1.2046977467412396f,-4.468783870326076f,0f,0f,0f,1f], start_interpolation: 0, interpolation_duration: 1 }
$data merge entity $(bone_tail2) { transformation: [-1.2141887309417858f,0.0073790279220636665f,0.0465311185070856f,0.05203121404171382f,-0.0027194025948566827f,1.1836267819428596f,-0.29900386852388705f,-1.248553148304099f,-0.044870753289394986f,-0.27537392011399225f,-1.3430852105345155f,-3.713298439400411f,0f,0f,0f,1f], start_interpolation: 0, interpolation_duration: 1 }
$data merge entity $(bone_tail1) { transformation: [-1.3490082241193722f,0.007236391057479147f,0.054145101916516204f,0.02157459421367345f,-0.0035462730677554536f,1.3210896080322854f,-0.30771539958985344f,-1.0754632360348064f,-0.05241024492046756f,-0.27817638380223486f,-1.4976597490468215f,-2.8708648305615743f,0f,0f,0f,1f], start_interpolation: 0, interpolation_duration: 1 }
$data merge entity $(bone_tail0) { transformation: [-1.4995399074725662f,0.006821453061504467f,0.04138659107386546f,2.4492935982947064e-16f,-6.505213034913027e-19f,1.4744951236209567f,-0.31215903134145295f,-0.53125f,-0.03714923817748804f,-0.27534995586734606f,-1.6705819013838412f,-2f,0f,0f,0f,1f], start_interpolation: 0, interpolation_duration: 1 }