# This file was generated by Animated Java via MC-Build. It is not recommended to edit this file directly.
$data merge entity $(bone_leftwing20) { transformation: [-0.44555410505077997f,-1.9632632258371636f,-2.1676750579039665f,1.2813017479135875f,-0.4236346732192554f,2.212885878627057f,-1.9171348056228297f,0.26499021111588417f,2.8937434776133713f,0.021672686947502913f,-0.6144225675556378f,2.4577214685226365f,0f,0f,0f,1f], start_interpolation: 0, interpolation_duration: 1 }
$data merge entity $(bone_leftwing21) { transformation: [-0.25491962723344314f,-1.9631578732612418f,-2.198141035917146f,1.2813017479135875f,-0.25491962723344297f,2.212767130807373f,-1.9466572564139306f,0.26499021111588417f,2.936124798570672f,0.021671523948386433f,-0.35985883030353677f,2.4577214685226365f,0f,0f,0f,1f], start_interpolation: 0, interpolation_duration: 1 }
$data merge entity $(bone_leftwing22) { transformation: [-0.06248939771399238f,-1.966948630382791f,-2.216265402304753f,1.2813017479135875f,-0.08444997633248175f,2.217039870597527f,-1.9652548400965169f,0.26499021111588417f,2.962024214876582f,0.02171337054914183f,-0.10278741590588752f,2.4577214685226365f,0f,0f,0f,1f], start_interpolation: 0, interpolation_duration: 1 }
$data merge entity $(bone_leftwing23) { transformation: [0.12882304232551564f,-1.9356116311070624f,-2.1780166853661838f,1.2813017479135875f,0.08576609797897015f,2.1817184718858305f,-1.9338286196853283f,0.26499021111588417f,2.9125578525838596f,0.02136743783556625f,0.1532795889767555f,2.4577214685226365f,0f,0f,0f,1f], start_interpolation: 0, interpolation_duration: 1 }
$data merge entity $(bone_leftwing1) { transformation: [-0.29533075294510475f,-1.3272765470448429f,1.4666685767512704f,0.8383056184959305f,-0.24278972841330235f,1.4960355235788554f,1.3049639305234209f,-0.09919438150406934f,-1.9631181559299669f,0.014651957372959715f,-0.38203720499876526f,-0.48695576537231355f,0f,0f,0f,1f], start_interpolation: 0, interpolation_duration: 1 }
$data merge entity $(bone_leftwing) { transformation: [-0.10053707899728713f,-0.774244652442825f,-0.866919041791962f,0.6874999999999999f,-0.10053707899728712f,0.8726873887543324f,-0.7677370177130639f,-0.25f,1.1579705102482092f,0.008546975134226501f,-0.1419237743391445f,1.25f,0f,0f,0f,1f], start_interpolation: 0, interpolation_duration: 1 }
$data merge entity $(bone_rightwing20) { transformation: [-0.4455541050507793f,1.9632632258371636f,2.167675057903967f,-1.2813017479135882f,0.4236346732192554f,2.212885878627057f,-1.9171348056228297f,0.26499021111588417f,-2.8937434776133717f,0.021672686947503395f,-0.6144225675556374f,2.4577214685226365f,0f,0f,0f,1f], start_interpolation: 0, interpolation_duration: 1 }
$data merge entity $(bone_rightwing21) { transformation: [-0.25493330745740594f,1.9632632258371636f,2.1982589988296186f,-1.2813017479135882f,0.25493330745740655f,2.212885878627057f,-1.9467617234866983f,0.26499021111588417f,-2.9362823652722456f,0.021672686947503395f,-0.35987814207425883f,2.4577214685226365f,0f,0f,0f,1f], start_interpolation: 0, interpolation_duration: 1 }
$data merge entity $(bone_rightwing22) { transformation: [-0.062372313461342054f,1.9632632258371636f,2.2121128614291017f,-1.2813017479135882f,0.0842917452928672f,2.212885878627057f,-1.9615726091479646f,0.26499021111588417f,-2.95647437115563f,0.021672686947503395f,-0.10259482663133178f,2.4577214685226365f,0f,0f,0f,1f], start_interpolation: 0, interpolation_duration: 1 }
$data merge entity $(bone_rightwing23) { transformation: [0.12882304232551636f,1.9356116311070624f,2.178016685366184f,-1.2813017479135882f,-0.08576609797897015f,2.1817184718858305f,-1.9338286196853283f,0.26499021111588417f,-2.9125578525838596f,0.021367437835566726f,0.15327958897675598f,2.4577214685226365f,0f,0f,0f,1f], start_interpolation: 0, interpolation_duration: 1 }
$data merge entity $(bone_rightwing1) { transformation: [-0.29533075294510525f,1.3272765470448429f,-1.4666685767512704f,-0.8383056184959303f,0.24278972841330235f,1.4960355235788554f,1.3049639305234209f,-0.09919438150406934f,1.9631181559299669f,0.014651957372960041f,-0.3820372049987656f,-0.48695576537231355f,0f,0f,0f,1f], start_interpolation: 0, interpolation_duration: 1 }
$data merge entity $(bone_rightwing) { transformation: [-0.10053707899728684f,0.774244652442825f,0.866919041791962f,-0.6875000000000001f,0.10053707899728712f,0.8726873887543324f,-0.7677370177130639f,-0.25f,-1.1579705102482092f,0.00854697513422669f,-0.14192377433914427f,1.25f,0f,0f,0f,1f], start_interpolation: 0, interpolation_duration: 1 }
$data merge entity $(bone_head) { transformation: [-1.2269070000000002f,4.146613121968469e-18f,1.5019554389485394e-16f,-4.153988471825432e-16f,0f,1.2264396885651108f,-0.0338596656999841f,-0.2271327150456354f,-1.5025277304014817e-16f,-0.0338596656999841f,-1.2264396885651108f,3.3919890001897697f,0f,0f,0f,1f], start_interpolation: 0, interpolation_duration: 1 }
$data merge entity $(bone_neck4) { transformation: [-1.0497600000000002f,6.346419575645196e-17f,1.1180156320638252e-16f,-4.064279933647552e-16f,0f,0.9129290443924168f,-0.5182244856283316f,-0.2309927127601431f,-1.2855852238729257e-16f,-0.5182244856283316f,-0.9129290443924168f,3.3187364197393583f,0f,0f,0f,1f], start_interpolation: 0, interpolation_duration: 1 }
$data merge entity $(bone_neck3) { transformation: [-1.1664000000000003f,8.596459053394199e-17f,1.1407960134908544e-16f,-3.565181677745303e-16f,0f,0.9315306374745118f,-0.70195415195462f,-0.5380976542402893f,-1.428428026525473e-16f,-0.70195415195462f,-0.9315306374745118f,2.911191765844259f,0f,0f,0f,1f], start_interpolation: 0, interpolation_duration: 1 }
$data merge entity $(bone_neck2) { transformation: [-1.2960000000000003f,9.147966025741253e-17f,1.2969840797150195e-16f,-3.240935657816548e-16f,0f,1.0590678721554905f,-0.7469881138063992f,-0.7248446826918892f,-1.58714225169497e-16f,-0.7469881138063992f,-1.0590678721554905f,2.6464247978053868f,0f,0f,0f,1f], start_interpolation: 0, interpolation_duration: 1 }
$data merge entity $(bone_neck1) { transformation: [-1.4400000000000002f,6.946198628120766e-17f,1.6209272443618683e-16f,-2.835703846726081e-16f,0f,1.3235875400894537f,-0.5672001619533877f,-0.8666447231802361f,-1.7634913907721887e-16f,-0.5672001619533877f,-1.3235875400894537f,2.3155279127830233f,0f,0f,0f,1f], start_interpolation: 0, interpolation_duration: 1 }
$data merge entity $(bone_neck0) { transformation: [-1.6f,3.231836500162513e-17f,1.9325986060163991e-16f,-2.372753173347997e-16f,0f,1.5780865204252765f,-0.26389947717273615f,-1.03125f,-1.9594348786357652e-16f,-0.26389947717273615f,-1.5780865204252765f,1.9375f,0f,0f,0f,1f], start_interpolation: 0, interpolation_duration: 1 }
$data merge entity $(bone_frontlegl) { transformation: [-0.9659258262890683f,-0.1555078639150673f,0.206892731550322f,0.439823405899422f,1.3877787807814457e-17f,0.7993721307037887f,0.6008362477864373f,-0.8102394362851423f,-0.2588190451025208f,0.5803632491075379f,-0.7721341858625101f,1.4288284908068734f,0f,0f,0f,1f], start_interpolation: 0, interpolation_duration: 1 }
$data merge entity $(bone_frontlegtipleft) { transformation: [-0.9659258262890683f,0.19800951989777293f,0.16667191766351688f,0.9037586472569964f,1.3877787807814457e-17f,0.6439708391532643f,-0.765050036481432f,-1.5877968919027883f,-0.2588190451025208f,-0.7389815886408091f,-0.6220280649151816f,0.6633244249277439f,0f,0f,0f,1f], start_interpolation: 0, interpolation_duration: 1 }
$data merge entity $(bone_frontfootleftd) { transformation: [-0.9659258262890683f,-0.06302127729109795f,0.25102911527625466f,0.5293829620498427f,1.5457596372061183e-16f,0.9699020223833206f,0.24349551736478572f,-2.8504771123380266f,-0.25881904510252063f,0.23519860880826515f,-0.9368534123900473f,2.0196355222707005f,0f,0f,0f,1f], start_interpolation: 0, interpolation_duration: 1 }
$data merge entity $(bone_frontfootleft) { transformation: [0.9659258262890683f,0.11721880423167866f,0.23075322325435893f,0.6344589316829319f,-4.539110982415759e-17f,-0.8915619913633301f,0.4528986813364032f,-2.590075413763174f,0.2588190451025207f,-0.4374665329950949f,-0.8611827531955518f,1.6683646459140005f,0f,0f,0f,1f], start_interpolation: 0, interpolation_duration: 1 }
$data merge entity $(bone_frontlegr) { transformation: [-0.9659258262890683f,0.19065321340483712f,-0.17503899658701844f,-0.8749922658442449f,0f,0.6762987496445011f,0.7366274507709336f,-0.8736200898371809f,0.2588190451025207f,0.7115274790531242f,-0.6532544285686285f,1.5625284651952571f,0f,0f,0f,1f], start_interpolation: 0, interpolation_duration: 1 }
$data merge entity $(bone_frontlegtipright) { transformation: [-0.9659258262890683f,-0.22356386180315396f,-0.130408963662169f,-0.8976826537765672f,0f,0.5038615439235268f,-0.8637844317623466f,-1.5073651843612967f,0.2588190451025207f,-0.834351690985678f,-0.48669287814961837f,0.5119209582993138f,0f,0f,0f,1f], start_interpolation: 0, interpolation_duration: 1 }
$data merge entity $(bone_frontfootrightd) { transformation: [-0.9659258262890681f,0.09225229456144368f,-0.24181979293666045f,-0.5200793751095742f,1.484891519315189e-16f,0.9343199332215806f,0.35643549540529934f,-2.587031852986236f,0.2588190451025208f,0.3442902504181172f,-0.9024837535154022f,1.962033560357675f,0f,0f,0f,1f], start_interpolation: 0, interpolation_duration: 1 }
$data merge entity $(bone_frontfootright) { transformation: [0.9659258262890681f,-0.15736155991979117f,-0.2054863439924674f,-0.5948097254006217f,-5.1259756258883265e-17f,-0.7939382664481754f,0.6079983791666438f,-2.260471090856118f,-0.25881904510252074f,-0.5872813367789548f,-0.7668854760414642f,1.6422581152355127f,0f,0f,0f,1f], start_interpolation: 0, interpolation_duration: 1 }
$data merge entity $(bone_rearlegl) { transformation: [-1.0464196451464907f,-0.04160857238593369f,-0.277282823244802f,-0.02170011821133888f,0f,1.071338560634005f,-0.16076317865036616f,-0.542584465396107f,0.280387298861064f,-0.15528530617471203f,-1.0348335844157424f,-1.4822465705044212f,0f,0f,0f,1f], start_interpolation: 0, interpolation_duration: 1 }
$data merge entity $(bone_rearfootleftd) { transformation: [-0.9659258262890683f,0.1555437467863892f,-0.20686575585009775f,0.5912445210061998f,0f,0.7992679046016737f,0.6009748885549626f,-2.763891879825496f,0.25881904510252063f,0.5804971658064332f,-0.772033511178704f,-1.8510020570125294f,0f,0f,0f,1f], start_interpolation: 0, interpolation_duration: 1 }
$data merge entity $(bone_rearfootleft) { transformation: [-0.9659258262890683f,0.23242390015169723f,-0.11387022765435437f,0.5420117270127934f,0f,0.43996077494702646f,0.8980169912134246f,-2.0915101014978887f,0.25881904510252063f,0.8674178042594504f,-0.4249694750754854f,-2.0347413455944943f,0f,0f,0f,1f], start_interpolation: 0, interpolation_duration: 1 }
$data merge entity $(bone_rearlegtipleft) { transformation: [-0.9659258262890683f,0.2586158019280645f,-0.010255003699888252f,0.7408981025290342f,0f,0.03962229168964809f,0.9992147286751034f,-2.1143387303504344f,0.25881904510252063f,0.9651673124357065f,-0.03827219483978982f,-1.0510058306623935f,0f,0f,0f,1f], start_interpolation: 0, interpolation_duration: 1 }
$data merge entity $(bone_rearlegr) { transformation: [-1.0464196451464907f,0.12046647065249205f,0.2531893892151407f,-1.2935866488660213f,-7.517135062566164e-18f,0.978248679941037f,-0.4654467008205445f,-0.6100314165989764f,-0.28038729886106417f,-0.44958698908360517f,-0.9449156644882365f,-1.9025785351039757f,0f,0f,0f,1f], start_interpolation: 0, interpolation_duration: 1 }
$data merge entity $(bone_rearfootrightd) { transformation: [-0.9659258262890683f,0.1166498156921998f,0.2310413785596782f,-0.7677737606491748f,-6.938893903907228e-18f,0.8926753379688902f,-0.4507002784358223f,-2.8802479018536107f,-0.2588190451025208f,-0.4353430388568348f,-0.8622581634354735f,-1.2086429269088432f,0f,0f,0f,1f], start_interpolation: 0, interpolation_duration: 1 }
$data merge entity $(bone_rearfootright) { transformation: [-0.9659258262890683f,-0.17721129184677414f,0.18863577643113766f,-0.6602380758336144f,-6.938893903907228e-18f,0.7288326728677061f,0.684691854019394f,-2.318418168106814f,-0.2588190451025208f,0.6613615448470773f,-0.7039983017662093f,-1.6099715662672276f,0f,0f,0f,1f], start_interpolation: 0, interpolation_duration: 1 }
$data merge entity $(bone_rearlegtipright) { transformation: [-0.9659258262890683f,-0.22928120192730228f,0.12007259700094917f,-0.9573941792165428f,-6.938893903907228e-18f,0.46392488989126435f,0.8858745376967204f,-1.9098604368215948f,-0.2588190451025208f,0.855689094813151f,-0.4481170326042844f,-0.7424513472352163f,0f,0f,0f,1f], start_interpolation: 0, interpolation_duration: 1 }
$data merge entity $(bone_tail11) { transformation: [-0.2890266467736696f,0.05188614590447644f,-0.007903685886308853f,-0.27435259735440565f,0.03104897291925717f,0.20331348162430649f,0.21173718724070328f,-1.7371037283374127f,0.051426284689068874f,0.24302130556785856f,-0.2196652291366734f,-8.028697908933305f,0f,0f,0f,1f], start_interpolation: 0, interpolation_duration: 1 }
$data merge entity $(bone_tail10) { transformation: [-0.3830910172607621f,0.06540956495426214f,-0.04867401620502575f,-0.24697346323907868f,0.02777447503699662f,0.3244696800350132f,0.22102307554537792f,-1.8614292083316877f,0.09037846964602447f,0.2550645695352202f,-0.3496464036178736f,-7.832021806898251f,0f,0f,0f,1f], start_interpolation: 0, interpolation_duration: 1 }
$data merge entity $(bone_tail9) { transformation: [-0.47619783557255985f,0.06684114229484762f,-0.09200665504347677f,-0.195219719777123f,0.028925286996148162f,0.45533000779584826f,0.18404932331336704f,-1.9649569526954567f,0.12854101070190116f,0.21787303410089315f,-0.4913697082223905f,-7.555626346023156f,0f,0f,0f,1f], start_interpolation: 0, interpolation_duration: 1 }
$data merge entity $(bone_tail8) { transformation: [-0.5607508967974719f,0.05324266203997664f,-0.12035230346368639f,-0.1275215490787994f,0.0344343338745957f,0.5699289638158882f,0.0948341245471846f,-2.018301147753248f,0.14858049226475892f,0.12461092515900424f,-0.6205999082407389f,-7.20653889763774f,0f,0f,0f,1f], start_interpolation: 0, interpolation_duration: 1 }
$data merge entity $(bone_tail7) { transformation: [-0.6651716369992358f,0.029952342850648475f,-0.1258346611029515f,-0.056739552208389187f,0.0389580457772526f,0.6786221529590338f,-0.04024492052197043f,-1.9956633799596397f,0.14538010788349082f,-0.017623502869940813f,-0.7507814454834588f,-6.784224334553294f,0f,0f,0f,1f], start_interpolation: 0, interpolation_duration: 1 }
$data merge entity $(bone_tail6) { transformation: [-0.789612934572169f,0.012067697309358853f,-0.10915904118810414f,0.004662408459919394f,0.03660111232466952f,0.7816175732145019f,-0.1717141798953975f,-1.8990741537684785f,0.12376201552142738f,-0.15623334393685057f,-0.8775688215505186f,-6.290591872431127f,0f,0f,0f,1f], start_interpolation: 0, interpolation_duration: 1 }
$data merge entity $(bone_tail5) { transformation: [-0.8823893583105625f,0.002925366813149586f,-0.07752408400171962f,0.04826970571088668f,0.02724215460177722f,0.8488322042507045f,-0.26650979768038735f,-1.7491623925732607f,0.089026763493391f,-0.2568276541457464f,-0.9622537214974874f,-5.74932415408879f,0f,0f,0f,1f], start_interpolation: 0, interpolation_duration: 1 }
$data merge entity $(bone_tail4) { transformation: [-0.9835718368270467f,0.0047709085302527834f,-0.03524345695898873f,0.06809415025031784f,0.01577672753748092f,0.9482287174467606f,-0.2806134540584034f,-1.5913173246654087f,0.04323626654507602f,-0.2664403341779985f,-1.0777216329513373f,-5.143105735553663f,0f,0f,0f,1f], start_interpolation: 0, interpolation_duration: 1 }
$data merge entity $(bone_tail3) { transformation: [-1.0935178913399268f,0.005984690808033474f,0.009060353891570307f,0.06299770118630954f,0.004606913383426194f,1.058876513729624f,-0.2938160031191453f,-1.4260458229108894f,-0.004911779767345283f,-0.27506829665637456f,-1.2034095199510495f,-4.466187880581197f,0f,0f,0f,1f], start_interpolation: 0, interpolation_duration: 1 }
$data merge entity $(bone_tail2) { transformation: [-1.2146032755758975f,0.00646673140999659f,0.03340561305716016f,0.04420704384165695f,-0.0007144330245948253f,1.1822343625987581f,-0.3051995377723421f,-1.254371082913947f,-0.031113481034530006f,-0.281429299147408f,-1.3420746156084133f,-3.7112709093014646f,0f,0f,0f,1f], start_interpolation: 0, interpolation_duration: 1 }
$data merge entity $(bone_tail1) { transformation: [-1.349330292430806f,0.006464494208180584f,0.04478078505986304f,0.019017852245483986f,-0.002543890751760242f,1.3199196609544244f,-0.313577340666528f,-1.0779838287890249f,-0.042924428073824496f,-0.2837379683232965f,-1.4967584243976255f,-2.8693442955778004f,0f,0f,0f,1f], start_interpolation: 0, interpolation_duration: 1 }
$data merge entity $(bone_tail0) { transformation: [-1.4996412063568336f,0.006117355898994156f,0.03652833994707961f,2.4492935982947064e-16f,6.505213034913027e-19f,1.473691257703205f,-0.31699735886795305f,-0.53125f,-0.032806282883328486f,-0.27963664803803956f,-1.6697839245996628f,-2f,0f,0f,0f,1f], start_interpolation: 0, interpolation_duration: 1 }