# This file was generated by Animated Java via MC-Build. It is not recommended to edit this file directly.
$data merge entity $(bone_leftwing20) { transformation: [-0.9070252249433417f,-2.437363464574136f,1.4100711662844374f,1.603831153230387f,-2.6262402288202034f,1.2666652814817319f,0.5001574115479258f,4.134497694097479f,-1.015826566375381f,-1.0984327550465152f,-2.5521124545752363f,2.301463568652922f,0f,0f,0f,1f], start_interpolation: 0, interpolation_duration: 1 }
$data merge entity $(bone_leftwing21) { transformation: [-1.644304734573129f,-2.437232670844558f,0.3270408437911547f,1.603831153230387f,-2.1840056860058707f,1.2665973097250776f,-1.5416378575951484f,4.134497694097479f,1.1301229883662025f,-1.0983738109789556f,-2.5034364118149974f,2.301463568652922f,0f,0f,0f,1f], start_interpolation: 0, interpolation_duration: 1 }
$data merge entity $(bone_leftwing22) { transformation: [-1.3801433927727673f,-2.4419388420749586f,-0.9574774565470062f,1.603831153230387f,-0.40896452984853965f,1.2690430441397018f,-2.647055333439564f,4.134497694097479f,2.5908640260646414f,-1.1004947144492276f,-0.9278788470257707f,2.301463568652922f,0f,0f,0f,1f], start_interpolation: 0, interpolation_duration: 1 }
$data merge entity $(bone_leftwing23) { transformation: [-0.2656753104333157f,-2.40303440169281f,-1.6314983108025212f,1.603831153230387f,1.5942314691704957f,1.2488249254045243f,-2.099001375139927f,4.134497694097479f,2.427918263981941f,-1.0829618711726205f,1.199729525123748f,2.301463568652922f,0f,0f,0f,1f], start_interpolation: 0, interpolation_duration: 1 }
$data merge entity $(bone_leftwing1) { transformation: [-0.5101952949280538f,-1.6477950183036412f,1.0121622096714427f,0.8385382108383063f,-1.7304153630000974f,0.8563370917059595f,0.5218711113501292f,1.5388746495973327f,-0.8633443302220244f,-0.7426024259469398f,-1.6441344849042014f,1.0064470733198856f,0f,0f,0f,1f], start_interpolation: 0, interpolation_duration: 1 }
$data merge entity $(bone_leftwing) { transformation: [-0.10069214055887094f,-1.0945873612363684f,0.39096126734292685f,0.6874999999999999f,-1.1509164330648884f,0.0390755544984005f,-0.187017582737419f,-0.1875f,0.162368617786743f,-0.40182424114699383f,-1.0831827280268904f,1.25f,0f,0f,0f,1f], start_interpolation: 0, interpolation_duration: 1 }
$data merge entity $(bone_rightwing20) { transformation: [-0.9070252249433417f,2.437363464574136f,-1.4100711662844367f,-1.6038311532303875f,2.6262402288202034f,1.2666652814817319f,0.5001574115479258f,4.134497694097479f,1.0158265663753807f,-1.0984327550465147f,-2.5521124545752367f,2.301463568652922f,0f,0f,0f,1f], start_interpolation: 0, interpolation_duration: 1 }
$data merge entity $(bone_rightwing21) { transformation: [-1.6443929759426827f,2.437363464574136f,-0.327058394389501f,-1.6038311532303875f,2.184122890346888f,1.2666652814817319f,-1.541720589361986f,4.134497694097479f,-1.130183636248655f,-1.0984327550465147f,-2.5035707583585096f,2.301463568652922f,0f,0f,0f,1f], start_interpolation: 0, interpolation_duration: 1 }
$data merge entity $(bone_rightwing22) { transformation: [-1.377557465181789f,2.437363464574136f,0.9556834637013429f,-1.6038311532303875f,0.40819826696092626f,1.2666652814817319f,-2.64209563616649f,4.134497694097479f,-2.5860096125272105f,-1.0984327550465147f,-0.9261403120850005f,2.301463568652922f,0f,0f,0f,1f], start_interpolation: 0, interpolation_duration: 1 }
$data merge entity $(bone_rightwing23) { transformation: [-0.26567531043331505f,2.40303440169281f,1.631498310802521f,-1.6038311532303875f,-1.5942314691704957f,1.2488249254045243f,-2.099001375139927f,4.134497694097479f,-2.427918263981941f,-1.08296187117262f,1.1997295251237485f,2.301463568652922f,0f,0f,0f,1f], start_interpolation: 0, interpolation_duration: 1 }
$data merge entity $(bone_rightwing1) { transformation: [-0.5101952949280539f,1.6477950183036412f,-1.0121622096714422f,-0.8385382108383065f,1.7304153630000974f,0.8563370917059595f,0.5218711113501292f,1.5388746495973327f,0.8633443302220243f,-0.7426024259469395f,-1.6441344849042017f,1.0064470733198856f,0f,0f,0f,1f], start_interpolation: 0, interpolation_duration: 1 }
$data merge entity $(bone_rightwing) { transformation: [-0.10069214055887091f,1.0945873612363684f,-0.39096126734292663f,-0.6875000000000001f,1.1509164330648884f,0.0390755544984005f,-0.187017582737419f,-0.1875f,-0.162368617786743f,-0.40182424114699355f,-1.0831827280268904f,1.25f,0f,0f,0f,1f], start_interpolation: 0, interpolation_duration: 1 }
$data merge entity $(bone_head) { transformation: [-1.2269070000000002f,-6.2469032523705684e-18f,1.5012285637440358e-16f,-4.3787406698749163e-16f,0f,1.225846149917878f,0.051009836115359176f,-0.754127058112631f,-1.5025277304014817e-16f,0.051009836115359176f,-1.225846149917878f,3.5755130972649134f,0f,0f,0f,1f], start_interpolation: 0, interpolation_duration: 1 }
$data merge entity $(bone_neck4) { transformation: [-1.0497600000000002f,-6.901671430652241e-18f,1.283731304045645e-16f,-4.300664235694142e-16f,0f,1.0482461595779524f,0.05635642403554603f,-0.7178470891235984f,-1.2855852238729257e-16f,0.05635642403554603f,-1.0482461595779524f,3.511758850542402f,0f,0f,0f,1f], start_interpolation: 0, interpolation_duration: 1 }
$data merge entity $(bone_neck3) { transformation: [-1.1664000000000003f,3.0877653372619894e-18f,1.4280942537121482e-16f,-3.6758729996950773e-16f,0f,1.1661274538148003f,-0.025213517394662793f,-0.7288780029837634f,-1.428428026525473e-16f,-0.025213517394662793f,-1.1661274538148003f,3.001578089498427f,0f,0f,0f,1f], start_interpolation: 0, interpolation_duration: 1 }
$data merge entity $(bone_neck2) { transformation: [-1.2960000000000003f,1.9637977871580046e-17f,1.574946192613231e-16f,-3.2821364515417694e-16f,0f,1.2860411619985206f,-0.16035625851676394f,-0.7689670676129543f,-1.58714225169497e-16f,-0.16035625851676394f,-1.2860411619985206f,2.680067798998797f,0f,0f,0f,1f], start_interpolation: 0, interpolation_duration: 1 }
$data merge entity $(bone_neck1) { transformation: [-1.4400000000000002f,2.8666217561354695e-17f,1.7400364026077548e-16f,-2.8471273508898306e-16f,0f,1.4208475487130132f,-0.234077430172628f,-0.8274864251561113f,-1.7634913907721887e-16f,-0.234077430172628f,-1.4208475487130132f,2.324855911820544f,0f,0f,0f,1f], start_interpolation: 0, interpolation_duration: 1 }
$data merge entity $(bone_neck0) { transformation: [-1.6f,2.048167167368376e-17f,1.9487008893515436e-16f,-2.372753173347997e-16f,0f,1.5912350325892373f,-0.16724554122824553f,-0.96875f,-1.9594348786357652e-16f,-0.16724554122824553f,-1.5912350325892373f,1.9375f,0f,0f,0f,1f], start_interpolation: 0, interpolation_duration: 1 }
$data merge entity $(bone_frontlegl) { transformation: [-0.9925461516413221f,-0.11218132209150047f,0.047618146076940156f,0.4291714991578945f,0f,0.3907311284892739f,0.9205048534524402f,-0.7622342509124077f,-0.12186934340514757f,0.9136435498613786f,-0.3878186779084997f,1.5033557975800915f,0f,0f,0f,1f], start_interpolation: 0, interpolation_duration: 1 }
$data merge entity $(bone_frontlegtipleft) { transformation: [-0.9925461516413221f,-0.07334280172289379f,0.09732918522949872f,0.7984026643315375f,0f,0.7986355100472929f,0.6018150231520482f,-1.130402704106797f,-0.12186934340514757f,0.5973291852294985f,-0.7926826020615451f,0.5475865384325049f,0f,0f,0f,1f], start_interpolation: 0, interpolation_duration: 1 }
$data merge entity $(bone_frontfootleftd) { transformation: [-0.9925461516413221f,-0.11920620585474916f,-0.025338061246214443f,0.8987063330431658f,-8.892227298220557e-17f,-0.20791169081775923f,0.9781476007338057f,-2.671567748611979f,-0.1218693434051474f,0.9708566368455313f,0.20636194860240753f,-0.3561355732809558f,0f,0f,0f,1f], start_interpolation: 0, interpolation_duration: 1 }
$data merge entity $(bone_frontfootleft) { transformation: [0.9925461516413221f,0.1187458400290077f,0.02741463729118236f,0.9135401264740256f,1.1647083184890923e-16f,-0.22495105434386506f,0.9743700647852352f,-2.223387676528092f,0.12186934340514753f,-0.967107258077091f,-0.22327430329666095f,-0.39013284009372806f,0f,0f,0f,1f], start_interpolation: 0, interpolation_duration: 1 }
$data merge entity $(bone_frontlegr) { transformation: [-0.9925461516413221f,0.11218132209150025f,-0.047618146076940066f,-0.8734963122451704f,0f,0.3907311284892739f,0.9205048534524402f,-0.8003807933430566f,0.12186934340514732f,0.9136435498613786f,-0.3878186779084997f,1.54744154141179f,0f,0f,0f,1f], start_interpolation: 0, interpolation_duration: 1 }
$data merge entity $(bone_frontlegtipright) { transformation: [-0.9925461516413221f,0.07334280172289365f,-0.09732918522949854f,-0.7499381529819376f,0f,0.7986355100472929f,0.6018150231520482f,-1.0920921673354878f,0.12186934340514732f,0.5973291852294985f,-0.7926826020615451f,0.5023647324231458f,0f,0f,0f,1f], start_interpolation: 0, interpolation_duration: 1 }
$data merge entity $(bone_frontfootrightd) { transformation: [-0.9925461516413221f,0.11920620585474928f,0.025338061246214287f,-0.8628361397485076f,-8.892227298220557e-17f,-0.20791169081775923f,0.9781476007338057f,-2.626563694928498f,0.12186934340514749f,0.9708566368455313f,0.20636194860240753f,-0.3303012970955295f,0f,0f,0f,1f], start_interpolation: 0, interpolation_duration: 1 }
$data merge entity $(bone_frontfootright) { transformation: [0.9925461516413221f,-0.1187458400290075f,-0.027414637291182542f,-0.8578315755505457f,1.1647083184890923e-16f,-0.22495105434386506f,0.9743700647852352f,-2.165763577608348f,-0.12186934340514737f,-0.967107258077091f,-0.22327430329666095f,-0.37635667827545216f,0f,0f,0f,1f], start_interpolation: 0, interpolation_duration: 1 }
$data merge entity $(bone_rearlegl) { transformation: [-1.080694387781476f,0.04957806146623694f,-0.057033035602020325f,0.0012518442378546268f,3.758567531283082e-18f,0.8176020452413364f,0.710730614739716f,-0.3920433633956727f,0.07556951322280225f,0.7089993106834059f,-0.8156104077516637f,-1.4559072162302482f,0f,0f,0f,1f], start_interpolation: 0, interpolation_duration: 1 }
$data merge entity $(bone_rearfootleftd) { transformation: [-0.9975640502598242f,0.03381860954561294f,0.06101038663716368f,0.5278760383580379f,3.469446951953614e-18f,-0.8746197071393954f,0.4848096202463375f,-2.243685438530732f,0.06975647374412516f,0.4836286483778638f,0.8724891774910368f,-3.780546453922661f,0f,0f,0f,1f], start_interpolation: 0, interpolation_duration: 1 }
$data merge entity $(bone_rearfootleft) { transformation: [-0.9975640502598242f,0.052645879017249556f,0.04576436443037254f,0.5659197737810752f,3.469446951953614e-18f,-0.6560590289905067f,0.7547095802227722f,-1.8068299807513895f,0.06975647374412516f,0.7528711456169206f,0.6544609021692975f,-3.236495690479154f,0f,0f,0f,1f], start_interpolation: 0, interpolation_duration: 1 }
$data merge entity $(bone_rearlegtipleft) { transformation: [-0.9975640502598242f,0.06889765579810328f,-0.010912316653255169f,0.5731516962287678f,3.469446951953614e-18f,0.15643446504023129f,0.9876883405951375f,-1.7121260369983542f,0.06975647374412516f,0.9852823814384905f,-0.15605339854576195f,-2.2371001920225457f,0f,0f,0f,1f], start_interpolation: 0, interpolation_duration: 1 }
$data merge entity $(bone_rearlegr) { transformation: [-1.080694387781476f,-0.04957806146623712f,0.05703303560202052f,-1.3757619874572973f,-3.758567531283082e-18f,0.8176020452413364f,0.710730614739716f,-0.3665492421682008f,-0.07556951322280253f,0.7089993106834059f,-0.8156104077516637f,-1.571989193603466f,0f,0f,0f,1f], start_interpolation: 0, interpolation_duration: 1 }
$data merge entity $(bone_rearfootrightd) { transformation: [-0.9975640502598242f,-0.03381860954561307f,-0.0610103866371639f,-0.5307356124702217f,-3.469446951953614e-18f,-0.8746197071393954f,0.4848096202463375f,-2.21819131730326f,-0.06975647374412541f,0.4836286483778638f,0.8724891774910368f,-3.800713279897707f,0f,0f,0f,1f], start_interpolation: 0, interpolation_duration: 1 }
$data merge entity $(bone_rearfootright) { transformation: [-0.9975640502598242f,-0.052645879017249736f,-0.0457643644303727f,-0.5687793478932591f,-3.469446951953614e-18f,-0.6560590289905067f,0.7547095802227722f,-1.7813358595239175f,-0.06975647374412541f,0.7528711456169206f,0.6544609021692975f,-3.2566625164542f,0f,0f,0f,1f], start_interpolation: 0, interpolation_duration: 1 }
$data merge entity $(bone_rearlegtipright) { transformation: [-0.9975640502598242f,-0.06889765579810352f,0.0109123166532552f,-0.7007067766234301f,-3.469446951953614e-18f,0.15643446504023129f,0.9876883405951375f,-1.6866319157708822f,-0.06975647374412541f,0.9852823814384905f,-0.15605339854576195f,-2.265986577215607f,0f,0f,0f,1f], start_interpolation: 0, interpolation_duration: 1 }
$data merge entity $(bone_tail11) { transformation: [-0.2937340837125001f,2.52943578661554e-18f,4.066776594233268e-17f,1.02006038802501e-15f,0f,0.29364428184541147f,-0.01312124822113216f,-0.3557461663649331f,-3.5972050541899386e-17f,-0.020654410629878203f,-0.3320775097819809f,-8.32942517577489f,0f,0f,0f,1f], start_interpolation: 0, interpolation_duration: 1 }
$data merge entity $(bone_tail10) { transformation: [-0.39164544495000014f,5.6993522433905725e-18f,5.4028696254115506e-17f,9.8966924638207e-16f,0f,0.3904123885132724f,-0.03430193500285808f,-0.33645132792582544f,-4.796273405586585e-17f,-0.04653874282249122f,-0.4411777852335252f,-8.081262671581033f,0f,0f,0f,1f], start_interpolation: 0, interpolation_duration: 1 }
$data merge entity $(bone_tail9) { transformation: [-0.48955680618750014f,7.94237936397714e-18f,6.74445437162366e-17f,9.51731690541687e-16f,0f,0.4874598381750125f,-0.048790300586870984f,-0.3090067838457105f,-5.99534175698323e-17f,-0.06485444921349515f,-0.5507264932484544f,-7.771479019128777f,0f,0f,0f,1f], start_interpolation: 0, interpolation_duration: 1 }
$data merge entity $(bone_tail8) { transformation: [-0.5759491837500001f,7.630155475549432e-18f,7.952962445684112e-17f,9.069962767847138e-16f,0f,0.5745869423694888f,-0.045015964153593935f,-0.2836853040093139f,-7.053343243509683e-17f,-0.06230494768664603f,-0.6494086663372063f,-7.406186644314099f,0f,0f,0f,1f], start_interpolation: 0, interpolation_duration: 1 }
$data merge entity $(bone_tail7) { transformation: [-0.6775872750000002f,4.2685707164439346e-18f,9.389691753452145e-17f,8.541792606715455e-16f,0f,0.6777909039673384f,-0.01895991969320493f,-0.2730203491818861f,-8.298050874717275e-17f,-0.03485552503314329f,-0.7667265173917585f,-6.974902978281235f,0f,0f,0f,1f], start_interpolation: 0, interpolation_duration: 1 }
$data merge entity $(bone_tail6) { transformation: [-0.7971615000000002f,-2.3971899617478883e-18f,1.1055506359788762e-16f,7.919920373977338e-16f,0f,0.7971019467598331f,0.031216833614833454f,-0.2905798180902299f,-9.76241279378503e-17f,0.01957454152019098f,-0.9027506026624196f,-6.467105764283624f,0f,0f,0f,1f], start_interpolation: 0, interpolation_duration: 1 }
$data merge entity $(bone_tail5) { transformation: [-0.8857350000000002f,-1.1039194453513935e-17f,1.2237091418598379e-16f,7.231583981681178e-16f,0f,0.8812378694196035f,0.09503772093810468f,-0.3440385361179138f,-1.0847125326427811e-16f,0.09014186344340139f,-0.999234344720316f,-5.905036445378446f,0f,0f,0f,1f], start_interpolation: 0, interpolation_duration: 1 }
$data merge entity $(bone_tail4) { transformation: [-0.9841500000000002f,-1.9516319760125174e-17f,1.351176268345864e-16f,6.47154733073663e-16f,0f,0.9721086193125374f,0.15778663914674196f,-0.4327935206379561f,-1.205236147380868e-16f,0.15936284464805028f,-1.1033191523356822f,-5.284419422189625f,0f,0f,0f,1f], start_interpolation: 0, interpolation_duration: 1 }
$data merge entity $(bone_tail3) { transformation: [-1.0935000000000001f,-2.560322603533019e-17f,1.4951231180908603e-16f,5.630540576810522e-16f,0f,1.0751668443569935f,0.2035031447545584f,-0.5472640395623952f,-1.339151274867631e-16f,0.20906620629847025f,-1.2208606752018814f,-4.597685292388567f,0f,0f,0f,1f], start_interpolation: 0, interpolation_duration: 1 }
$data merge entity $(bone_tail2) { transformation: [-1.215f,-2.723499264129931e-17f,1.6632796420613176e-16f,4.69494577815103e-16f,0f,1.1962480668178277f,0.21739089462573832f,-0.6695464177893731f,-1.4879458609640342e-16f,0.22239059180378673f,-1.3581708972900248f,-3.833714162662928f,0f,0f,0f,1f], start_interpolation: 0, interpolation_duration: 1 }
$data merge entity $(bone_tail1) { transformation: [-1.35f,-2.3025120602321314e-17f,1.858491024577988e-16f,3.6495445768259125e-16f,0f,1.3375790979217708f,0.18948528540487314f,-0.7761318908296142f,-1.6532731788489269e-16f,0.1880143778463496f,-1.517573087907421f,-2.980079300715004f,0f,0f,0f,1f], start_interpolation: 0, interpolation_duration: 1 }
$data merge entity $(bone_tail0) { transformation: [-1.5f,-1.2814056343582416e-17f,2.0768281558617773e-16f,2.4492935982947064e-16f,0f,1.4963460753897362f,0.11858600536501301f,-0.46875f,-1.8369701987210297e-16f,0.10463471061618795f,-1.6958588854417012f,-2f,0f,0f,0f,1f], start_interpolation: 0, interpolation_duration: 1 }
$data merge entity $(bone_body) { transformation: [-2.6666666666666665f,0f,3.265724797726275e-16f,-2.4492935982947064e-16f,0f,2.6666666666666665f,0f,-0.1875f,-3.265724797726275e-16f,0f,-2.6666666666666665f,2f,0f,0f,0f,1f], start_interpolation: 0, interpolation_duration: 1 }