# This file was generated by Animated Java via MC-Build. It is not recommended to edit this file directly.
$data merge entity $(bone_leftwing20) { transformation: [-0.7344017423950232f,-2.6232831675522545f,1.1535924820816397f,1.5107514848219057f,-2.736422690328906f,0.9956195365278739f,0.5219853536721539f,4.237748546042531f,-0.8511057817518202f,-0.9374770783502634f,-2.6736663566996515f,2.1482226380575318f,0f,0f,0f,1f], start_interpolation: 0, interpolation_duration: 1 }
$data merge entity $(bone_leftwing21) { transformation: [-1.3399113972208716f,-2.623142397004812f,0.2730536176519203f,1.5107514848219057f,-2.2762416128727865f,0.9955661096203504f,-1.6057300852512648f,4.237748546042531f,1.3319753874990505f,-0.9374267714816926f,-2.4693864583506375f,2.1482226380575318f,0f,0f,0f,1f], start_interpolation: 0, interpolation_duration: 1 }
$data merge entity $(bone_leftwing22) { transformation: [-1.1293755659925244f,-2.6282075503772027f,-0.7756675034599376f,1.5107514848219057f,-0.4269675942556994f,0.9974884966944715f,-2.758140595629988f,4.237748546042531f,2.706812456975734f,-0.9392368944770593f,-0.7586992498075403f,2.1482226380575318f,0f,0f,0f,1f], start_interpolation: 0, interpolation_duration: 1 }
$data merge entity $(bone_leftwing23) { transformation: [-0.22295215160662699f,-2.5863355173050393f,-1.3297012350392459f,1.5107514848219057f,1.6605597049248377f,0.9815967261542419f,-2.1876822845257147f,4.237748546042531f,2.3874208361573697f,-0.9242731758382877f,1.397456722747397f,2.1482226380575318f,0f,0f,0f,1f], start_interpolation: 0, interpolation_duration: 1 }
$data merge entity $(bone_leftwing1) { transformation: [-0.41225602033984143f,-1.7734872118663128f,0.8275192342418449f,0.8923674543121435f,-1.802954334859998f,0.6730948979343373f,0.5443334683668696f,1.5333170437525345f,-0.7611837098250976f,-0.6337873205748259f,-1.737501940193301f,1.0064470733198856f,0f,0f,0f,1f], start_interpolation: 0, interpolation_duration: 1 }
$data merge entity $(bone_leftwing) { transformation: [-0.1365783028747624f,-1.113311180986059f,0.3209294199452395f,0.6874999999999999f,-1.1472113625016898f,0.08465413241902528f,-0.19455302290766371f,-0.1875f,0.162368617786743f,-0.33835337040869023f,-1.1046558467695782f,1.25f,0f,0f,0f,1f], start_interpolation: 0, interpolation_duration: 1 }
$data merge entity $(bone_rightwing20) { transformation: [-0.7344017423950233f,2.6232831675522545f,-1.1535924820816392f,-1.5107514848219061f,2.736422690328906f,0.9956195365278739f,0.5219853536721539f,4.237748546042531f,0.8511057817518198f,-0.9374770783502627f,-2.6736663566996515f,2.1482226380575318f,0f,0f,0f,1f], start_interpolation: 0, interpolation_duration: 1 }
$data merge entity $(bone_rightwing21) { transformation: [-1.3399833033671507f,2.6232831675522545f,-0.273068271033788f,-1.5107514848219061f,2.276363767041131f,0.9956195365278739f,-1.6058162565179879f,4.237748546042531f,-1.3320468677605461f,-0.9374770783502627f,-2.46951897760845f,2.1482226380575318f,0f,0f,0f,1f], start_interpolation: 0, interpolation_duration: 1 }
$data merge entity $(bone_rightwing22) { transformation: [-1.127259493523555f,2.6232831675522545f,0.7742141617208652f,-1.5107514848219061f,0.42616759964048706f,0.9956195365278739f,-2.7529727616908595f,4.237748546042531f,-2.701740794818925f,-0.9374770783502627f,-0.7572777009064583f,2.1482226380575318f,0f,0f,0f,1f], start_interpolation: 0, interpolation_duration: 1 }
$data merge entity $(bone_rightwing23) { transformation: [-0.22295215160662651f,2.5863355173050393f,1.3297012350392452f,-1.5107514848219061f,-1.6605597049248377f,0.9815967261542419f,-2.1876822845257147f,4.237748546042531f,-2.3874208361573688f,-0.924273175838287f,1.397456722747397f,2.1482226380575318f,0f,0f,0f,1f], start_interpolation: 0, interpolation_duration: 1 }
$data merge entity $(bone_rightwing1) { transformation: [-0.4122560203398416f,1.7734872118663128f,-0.8275192342418446f,-0.8923674543121436f,1.802954334859998f,0.6730948979343373f,0.5443334683668696f,1.5333170437525345f,0.7611837098250974f,-0.6337873205748255f,-1.737501940193301f,1.0064470733198854f,0f,0f,0f,1f], start_interpolation: 0, interpolation_duration: 1 }
$data merge entity $(bone_rightwing) { transformation: [-0.13657830287476236f,1.113311180986059f,-0.3209294199452392f,-0.6875000000000001f,1.1472113625016898f,0.08465413241902528f,-0.19455302290766371f,-0.1875f,-0.16236861778674305f,-0.33835337040868996f,-1.1046558467695782f,1.25f,0f,0f,0f,1f], start_interpolation: 0, interpolation_duration: 1 }
$data merge entity $(bone_head) { transformation: [-1.2269070000000002f,-8.225964241610524e-18f,1.5002742855408153e-16f,-4.3811919623453833e-16f,0f,1.225066922630561f,0.06717009547028381f,-0.8028531742148568f,-1.5025277304014817e-16f,0.06717009547028381f,-1.225066922630561f,3.577514729467908f,0f,0f,0f,1f], start_interpolation: 0, interpolation_duration: 1 }
$data merge entity $(bone_neck4) { transformation: [-1.0497600000000002f,-1.0508025506812033e-17f,1.2812835392040357e-16f,-4.3043954991160097e-16f,0f,1.0462474079025192f,0.08580453984061466f,-0.7647951589778647f,-1.2855852238729257e-16f,0.08580453984061466f,-1.0462474079025192f,3.51480565834402f,0f,0f,0f,1f], start_interpolation: 0, interpolation_duration: 1 }
$data merge entity $(bone_neck3) { transformation: [-1.1664000000000003f,-3.4975698995146435e-18f,1.4279997645109255e-16f,-3.67964560214248e-16f,0f,1.166050297526727f,0.028559825591752533f,-0.7523002352814729f,-1.428428026525473e-16f,0.028559825591752533f,-1.166050297526727f,3.0046586531760773f,0f,0f,0f,1f], start_interpolation: 0, interpolation_duration: 1 }
$data merge entity $(bone_neck2) { transformation: [-1.2960000000000003f,1.271866538474857e-17f,1.5820379521991435e-16f,-3.2841361140926943e-16f,0f,1.2918320231601632f,-0.1038557843257648f,-0.7782641813629141f,-1.58714225169497e-16f,-0.1038557843257648f,-1.2918320231601632f,2.6817006473860365f,0f,0f,0f,1f], start_interpolation: 0, interpolation_duration: 1 }
$data merge entity $(bone_neck1) { transformation: [-1.4400000000000002f,2.4605974809209308e-17f,1.746240672329128e-16f,-2.8475759460104124e-16f,0f,1.4259137194045897f,-0.2009230320639465f,-0.8284949393789007f,-1.7634913907721887e-16f,-0.2009230320639465f,-1.4259137194045897f,2.325222217534889f,0f,0f,0f,1f], start_interpolation: 0, interpolation_duration: 1 }
$data merge entity $(bone_neck0) { transformation: [-1.6f,1.9974482028515144e-17f,1.9492272957209502e-16f,-2.372753173347997e-16f,0f,1.5916648760100285f,-0.1631040234818901f,-0.96875f,-1.9594348786357652e-16f,-0.1631040234818901f,-1.5916648760100285f,1.9375f,0f,0f,0f,1f], start_interpolation: 0, interpolation_duration: 1 }
$data merge entity $(bone_frontlegl) { transformation: [-0.992546151641322f,-0.11213997347318518f,0.04771543996899863f,0.4291768149818315f,0f,0.3915294744008869f,0.9201655669907265f,-0.7621974639250357f,-0.12186934340514757f,0.9133067923895007f,-0.3886110730707498f,1.5033125036683985f,0f,0f,0f,1f], start_interpolation: 0, interpolation_duration: 1 }
$data merge entity $(bone_frontlegtipleft) { transformation: [-0.992546151641322f,-0.07325834582299212f,0.09739276990249678f,0.7983690134124907f,0f,0.7991572546569004f,0.6011220195012373f,-1.1312277153350663f,-0.12186934340514757f,0.5966413471228129f,-0.7932004576659506f,0.5478606031748425f,0f,0f,0f,1f], start_interpolation: 0, interpolation_duration: 1 }
$data merge entity $(bone_frontfootleftd) { transformation: [-0.992546151641322f,-0.1192281405334133f,-0.025234646162496585f,0.8985097151059971f,-8.878590260168018e-17f,-0.20706311741259975f,0.9783275859380517f,-2.673180875051543f,-0.1218693434051474f,0.9710352804673581f,0.20551970033473133f,-0.3545342486866986f,0f,0f,0f,1f], start_interpolation: 0, interpolation_duration: 1 }
$data merge entity $(bone_frontfootleft) { transformation: [0.992546151641322f,0.11872201449616854f,0.027517633182621768f,0.9133908865732838f,1.1643796049878173e-16f,-0.2257961880629908f,0.9741745641599469f,-2.2250318108979976f,0.12186934340514753f,-0.9669132146838176f,-0.22411313751720155f,-0.3889173786412099f,0f,0f,0f,1f], start_interpolation: 0, interpolation_duration: 1 }
$data merge entity $(bone_frontlegr) { transformation: [-0.992546151641322f,0.11213997347318494f,-0.04771543996899853f,-0.8734975920600969f,0f,0.3915294744008869f,0.9201655669907265f,-0.800406818511138f,0.12186934340514732f,0.9133067923895007f,-0.3886110730707498f,1.5474311181556653f,0f,0f,0f,1f], start_interpolation: 0, interpolation_duration: 1 }
$data merge entity $(bone_frontlegtipright) { transformation: [-0.992546151641322f,0.07325834582299195f,-0.09739276990249657f,-0.7499085474562157f,0f,0.7991572546569004f,0.6011220195012373f,-1.0930048164010038f,0.12186934340514732f,0.5966413471228129f,-0.7932004576659506f,0.5026058500808069f,0f,0f,0f,1f], start_interpolation: 0, interpolation_duration: 1 }
$data merge entity $(bone_frontfootrightd) { transformation: [-0.992546151641322f,0.11922814053341337f,0.025234646162496422f,-0.8626442779778114f,-8.878590260168018e-17f,-0.20706311741259975f,0.9783275859380517f,-2.628204614904159f,0.12186934340514749f,0.9710352804673581f,0.20551970033473133f,-0.32873870836869645f,0f,0f,0f,1f], start_interpolation: 0, interpolation_duration: 1 }
$data merge entity $(bone_frontfootright) { transformation: [0.992546151641322f,-0.1187220144961683f,-0.02751763318262195f,-0.8576884255151858f,1.1643796049878173e-16f,-0.2257961880629908f,0.9741745641599469f,-2.1674437948950027f,-0.12186934340514737f,-0.9669132146838176f,-0.22411313751720155f,-0.375190814796305f,0f,0f,0f,1f], start_interpolation: 0, interpolation_duration: 1 }
$data merge entity $(bone_rearlegl) { transformation: [-1.080694387781476f,0.0495285694455285f,-0.05707602068654355f,0.0012377481718184313f,0f,0.8182182616613476f,0.7100211175697477f,-0.392050602877166f,0.07556951322280225f,0.7082915418128843f,-0.8162251230994466f,-1.456108799366164f,0f,0f,0f,1f], start_interpolation: 0, interpolation_duration: 1 }
$data merge entity $(bone_rearfootleftd) { transformation: [-0.9975640502598242f,0.033871520346917414f,0.06098102769389169f,0.5279740456578556f,0f,-0.8741988294531224f,0.4855681276430638f,-2.24567171382727f,0.06975647374412516f,0.4843853080886942f,0.8720693250416541f,-3.7791448842372466f,0f,0f,0f,1f], start_interpolation: 0, interpolation_duration: 1 }
$data merge entity $(bone_rearfootleft) { transformation: [-0.9975640502598242f,0.052685557556809454f,0.04571867948818013f,0.5659913325005805f,0f,-0.6554041085259208f,0.7552783953797059f,-1.808343330569462f,0.06975647374412516f,0.7534385751687204f,0.6538075770580468f,-3.2354723531137495f,0f,0f,0f,1f], start_interpolation: 0, interpolation_duration: 1 }
$data merge entity $(bone_rearlegtipleft) { transformation: [-0.9975640502598242f,0.06888816397560213f,-0.010972077892786624f,0.5732174982032429f,0f,0.15729117749032812f,0.9875522697476353f,-1.7127741699383612f,0.06975647374412516f,0.9851466420527335f,-0.1569080240873887f,-2.2361591799465463f,0f,0f,0f,1f], start_interpolation: 0, interpolation_duration: 1 }
$data merge entity $(bone_rearlegr) { transformation: [-1.080694387781476f,-0.04952856944552868f,0.057076020686543744f,-1.3757463492563833f,0f,0.8182182616613476f,0.7100211175697477f,-0.36657376932860786f,-0.07556951322280253f,0.7082915418128843f,-0.8162251230994466f,-1.572212830295594f,0f,0f,0f,1f], start_interpolation: 0, interpolation_duration: 1 }
$data merge entity $(bone_rearfootrightd) { transformation: [-0.9975640502598242f,-0.03387152034691754f,-0.060981027693891895f,-0.5308320776351615f,0f,-0.8741988294531224f,0.4855681276430638f,-2.220194880278712f,-0.06975647374412541f,0.4843853080886942f,0.8720693250416541f,-3.7993337637685043f,0f,0f,0f,1f], start_interpolation: 0, interpolation_duration: 1 }
$data merge entity $(bone_rearfootright) { transformation: [-0.9975640502598242f,-0.052685557556809634f,-0.0457186794881803f,-0.5688493644778867f,0f,-0.6554041085259208f,0.7552783953797059f,-1.782866497020904f,-0.06975647374412541f,0.7534385751687204f,0.6538075770580468f,-3.255661232645007f,0f,0f,0f,1f], start_interpolation: 0, interpolation_duration: 1 }
$data merge entity $(bone_rearlegtipright) { transformation: [-0.9975640502598242f,-0.06888816397560238f,0.010972077892786656f,-0.7007710364630273f,0f,0.15729117749032812f,0.9875522697476353f,-1.6872973363898032f,-0.06975647374412541f,0.9851466420527335f,-0.1569080240873887f,-2.2650676186958196f,0f,0f,0f,1f], start_interpolation: 0, interpolation_duration: 1 }
$data merge entity $(bone_tail11) { transformation: [-0.2937340837125001f,2.703724178650223e-18f,4.065763004753044e-17f,1.0210042225820893e-15f,0f,0.2935691984599006f,-0.01450533127090687f,-0.5445155843537375f,-3.5972050541899386e-17f,-0.02207758335327919f,-0.3319947439199439f,-8.337132169805631f,0f,0f,0f,1f], start_interpolation: 0, interpolation_duration: 1 }
$data merge entity $(bone_tail10) { transformation: [-0.39164544495000014f,6.531103123167066e-18f,5.3935919093564796e-17f,9.906652680919591e-16f,0f,0.38980706199848353f,-0.040478461295511615f,-0.5217464498750122f,-4.796273405586585e-17f,-0.05333050417242161f,-0.44042020222579353f,-8.089395806053622f,0f,0f,0f,1f], start_interpolation: 0, interpolation_duration: 1 }
$data merge entity $(bone_tail9) { transformation: [-0.48955680618750014f,9.98462616867104e-18f,6.717439186372264e-17f,9.528796726686151e-16f,0f,0.48571182767859755f,-0.06376010339958214f,-0.48588139171274725f,-5.99534175698323e-17f,-0.08153065990637243f,-0.5485205359658971f,-7.780853004572805f,0f,0f,0f,1f], start_interpolation: 0, interpolation_duration: 1 }
$data merge entity $(bone_tail8) { transformation: [-0.5759491837500001f,1.1246345176733978e-17f,7.910143879293582e-17f,9.083851133475887e-16f,0f,0.5718888641747241f,-0.07139479993965757f,-0.44572181674668987f,-7.053343243509683e-17f,-0.09183337746494846f,-0.6459122650547844f,-7.417527355479488f,0f,0f,0f,1f], start_interpolation: 0, interpolation_duration: 1 }
$data merge entity $(bone_tail7) { transformation: [-0.6775872750000002f,9.66475861312283e-18f,9.349818892484464e-17f,8.557923820773635e-16f,0f,0.6755289576147846f,-0.058219174705927f,-0.41297353097460593f,-8.298050874717275e-17f,-0.07891874310088276f,-0.7634706512109595f,-6.9880751141733235f,0f,0f,0f,1f], start_interpolation: 0, interpolation_duration: 1 }
$data merge entity $(bone_tail6) { transformation: [-0.7971615000000002f,4.6238080541390686e-18f,1.1048726385203299e-16f,7.93643296160595e-16f,0f,0.7974408137571303f,-0.019774934681099136f,-0.4018501302164877f,-9.76241279378503e-17f,-0.03775625802768885f,-0.902196975723601f,-6.480589315328798f,0f,0f,0f,1f], start_interpolation: 0, interpolation_duration: 1 }
$data merge entity $(bone_tail5) { transformation: [-0.8857350000000002f,-3.437672209590207e-18f,1.228229822582258e-16f,7.245553686403429e-16f,0f,0.8854199577890409f,0.039882747126161494f,-0.4242841754749535f,-1.0847125326427811e-16f,0.028070723836322836f,-1.0029257606661772f,-5.916443574954073f,0f,0f,0f,1f], start_interpolation: 0, interpolation_duration: 1 }
$data merge entity $(bone_tail4) { transformation: [-0.9841500000000002f,-1.2280657919532279e-17f,1.3596996204357553e-16f,6.480722649908317e-16f,0f,0.9791541929417271f,0.10527658451174057f,-0.4835022542628076f,-1.205236147380868e-16f,0.100279181949298f,-1.110278997489261f,-5.291911638866364f,0f,0f,0f,1f], start_interpolation: 0, interpolation_duration: 1 }
$data merge entity $(bone_tail3) { transformation: [-1.0935000000000001f,-1.965219267232187e-17f,1.5041430893334513e-16f,5.634642162158251e-16f,0f,1.082426263913464f,0.160217187415106f,-0.5736244221838047f,-1.339151274867631e-16f,0.16047233117340032f,-1.2282260406679661f,-4.601034490990633f,0f,0f,0f,1f], start_interpolation: 0, interpolation_duration: 1 }
$data merge entity $(bone_tail2) { transformation: [-1.215f,-2.3216505894481346e-17f,1.6694080428831386e-16f,4.695600138036485e-16f,0f,1.2011832423822226f,0.187954573941805f,-0.67934887002607f,-1.4879458609640342e-16f,0.189577157353823f,-1.3631751163236987f,-3.834248488058553f,0f,0f,0f,1f], start_interpolation: 0, interpolation_duration: 1 }
$data merge entity $(bone_tail1) { transformation: [-1.35f,-2.110549043490296e-17f,1.8608185668556898e-16f,3.64888969418016e-16f,0f,1.3394945458853016f,0.17508070976853535f,-0.7778317692708712f,-1.6532731788489269e-16f,0.17233940797948782f,-1.5194736704095124f,-2.979544548453202f,0f,0f,0f,1f], start_interpolation: 0, interpolation_duration: 1 }
$data merge entity $(bone_tail0) { transformation: [-1.5f,-1.2496117154756519e-17f,2.0770769831085553e-16f,2.4492935982947064e-16f,0f,1.4965253543893566f,0.11564367880260965f,-0.46875f,-1.8369701987210297e-16f,0.1020385401199497f,-1.6960620683079375f,-2f,0f,0f,0f,1f], start_interpolation: 0, interpolation_duration: 1 }