# This file was generated by Animated Java via MC-Build. It is not recommended to edit this file directly.
$data merge entity $(bone_leftwing20) { transformation: [-2.467238084866253f,1.0718885843791992f,1.2310675068306252f,4.525604247577704f,1.4320690569869852f,2.4921165811332977f,0.7001923115630464f,-2.6070288431067734f,-0.7833585128898652f,1.179892333998807f,-2.5972946755354767f,2.071802084780364f,0f,0f,0f,1f], start_interpolation: 0, interpolation_duration: 1 }
$data merge entity $(bone_leftwing21) { transformation: [-2.599303950873743f,1.0718310647241782f,-0.9195618549851455f,4.525604247577704f,0.49109620530793596f,2.4919828492435214f,1.5164573392244263f,-2.6070288431067734f,1.3240998276503293f,1.1798290186496163f,-2.367606385919752f,2.071802084780364f,0f,0f,0f,1f], start_interpolation: 0, interpolation_duration: 1 }
$data merge entity $(bone_leftwing22) { transformation: [-1.146360102175703f,1.0739007155133689f,-2.513408033369041f,4.525604247577704f,-0.7511516699156024f,2.4967947402591206f,1.409401066638533f,-2.6070288431067734f,2.627975239184562f,1.1821072079463473f,-0.693536490747659f,2.071802084780364f,0f,0f,0f,1f], start_interpolation: 0, interpolation_duration: 1 }
$data merge entity $(bone_leftwing23) { transformation: [0.9955481522146379f,1.0567915620639992f,-2.52962841449427f,4.525604247577704f,-1.5111667194381868f,2.457016347596209f,0.4317293806910263f,-2.6070288431067734f,2.2874010289253803f,1.1632741321114999f,1.3861941678119225f,2.071802084780364f,0f,0f,0f,1f], start_interpolation: 0, interpolation_duration: 1 }
$data merge entity $(bone_leftwing1) { transformation: [-1.571858502637675f,0.7246570711295994f,1.0020643576874273f,2.1678164936211908f,1.0123362653560317f,1.6848112097802577f,0.36957607233665307f,-1.0885244450727258f,-0.7102366743069857f,0.7976736905907428f,-1.6909407292417722f,1.0064470733198856f,0f,0f,0f,1f], start_interpolation: 0, interpolation_duration: 1 }
$data merge entity $(bone_leftwing) { transformation: [-0.9868776624141272f,0.6133937181351692f,0.10455494771387765f,0.6874999999999999f,0.6006829633818174f,0.8879878238218275f,0.4601833475454374f,-0.1875f,0.1623686177867429f,0.4430991789741876f,-1.0669632892754721f,1.25f,0f,0f,0f,1f], start_interpolation: 0, interpolation_duration: 1 }
$data merge entity $(bone_rightwing20) { transformation: [-2.467238084866253f,-1.0718885843791992f,-1.2310675068306245f,-4.525604247577704f,-1.4320690569869852f,2.4921165811332977f,0.7001923115630464f,-2.6070288431067734f,0.7833585128898646f,1.179892333998807f,-2.597294675535477f,2.071802084780363f,0f,0f,0f,1f], start_interpolation: 0, interpolation_duration: 1 }
$data merge entity $(bone_rightwing21) { transformation: [-2.599443442134511f,-1.0718885843791992f,0.9196112031356245f,-4.525604247577704f,-0.4911225599129116f,2.4921165811332977f,1.5165387196824827f,-2.6070288431067734f,-1.3241708852710752f,1.179892333998807f,-2.3677334431650823f,2.071802084780363f,0f,0f,0f,1f], start_interpolation: 0, interpolation_duration: 1 }
$data merge entity $(bone_rightwing22) { transformation: [-1.14421220636072f,-1.0718885843791992f,2.508698746482686f,-4.525604247577704f,0.749744262657476f,2.4921165811332977f,1.4067603199421685f,-2.6070288431067734f,-2.6230512916331703f,1.179892333998807f,-0.6922370350851775f,2.071802084780363f,0f,0f,0f,1f], start_interpolation: 0, interpolation_duration: 1 }
$data merge entity $(bone_rightwing23) { transformation: [0.9955481522146385f,-1.0567915620639992f,2.5296284144942693f,-4.525604247577704f,1.5111667194381868f,2.457016347596209f,0.4317293806910263f,-2.6070288431067734f,-2.28740102892538f,1.1632741321114997f,1.3861941678119234f,2.071802084780363f,0f,0f,0f,1f], start_interpolation: 0, interpolation_duration: 1 }
$data merge entity $(bone_rightwing1) { transformation: [-1.5718585026376752f,-0.7246570711295994f,-1.0020643576874269f,-2.1678164936211908f,-1.0123362653560317f,1.6848112097802577f,0.36957607233665307f,-1.0885244450727258f,0.7102366743069852f,0.7976736905907427f,-1.6909407292417724f,1.0064470733198854f,0f,0f,0f,1f], start_interpolation: 0, interpolation_duration: 1 }
$data merge entity $(bone_rightwing) { transformation: [-0.9868776624141272f,-0.6133937181351692f,-0.10455494771387738f,-0.6875000000000001f,-0.6006829633818174f,0.8879878238218275f,0.4601833475454374f,-0.1875f,-0.1623686177867432f,0.44309917897418744f,-1.0669632892754721f,1.25f,0f,0f,0f,1f], start_interpolation: 0, interpolation_duration: 1 }
$data merge entity $(bone_head) { transformation: [-1.2269070000000002f,-3.752260316068079e-18f,1.5020591316181513e-16f,-4.383805142059897e-16f,0f,1.2265243600554403f,0.030639530668602106f,-1.1528370263977703f,-1.5025277304014817e-16f,0.030639530668602106f,-1.2265243600554403f,3.57964855263744f,0f,0f,0f,1f], start_interpolation: 0, interpolation_duration: 1 }
$data merge entity $(bone_neck4) { transformation: [-1.0497600000000002f,-9.20843089463809e-18f,1.282283060749953e-16f,-4.306540085417599e-16f,0f,1.0470635791827718f,0.07519254450384677f,-1.1154167555168182f,-1.2855852238729257e-16f,0.07519254450384677f,-1.0470635791827718f,3.5165568459542618f,0f,0f,0f,1f], start_interpolation: 0, interpolation_duration: 1 }
$data merge entity $(bone_neck3) { transformation: [-1.1664000000000003f,-2.492499815314986e-17f,1.40651380145024e-16f,-3.691190297283119e-16f,0f,1.1485056772528286f,0.20352805535852136f,-1.0263732312974652f,-1.428428026525473e-16f,0.20352805535852136f,-1.1485056772528286f,3.014085612156149f,0f,0f,0f,1f], start_interpolation: 0, interpolation_duration: 1 }
$data merge entity $(bone_neck2) { transformation: [-1.2960000000000003f,-3.483692344570806e-17f,1.5484377299714596e-16f,-3.3040808647902543e-16f,0f,1.26439535958412f,0.2844650675604009f,-0.955256964407365f,-1.58714225169497e-16f,0.2844650675604009f,-1.26439535958412f,2.697986772260119f,0f,0f,0f,1f], start_interpolation: 0, interpolation_duration: 1 }
$data merge entity $(bone_neck1) { transformation: [-1.4400000000000002f,-2.9650315249774647e-17f,1.738386540987512e-16f,-2.8694842295433763e-16f,0f,1.4195003344620214f,0.24211319762088424f,-0.8947286650021439f,-1.7634913907721887e-16f,0.24211319762088424f,-1.4195003344620214f,2.3431116886446137f,0f,0f,0f,1f], start_interpolation: 0, interpolation_duration: 1 }
$data merge entity $(bone_neck0) { transformation: [-1.6f,-1.2624102804745923e-17f,1.955363967769652e-16f,-2.372753173347997e-16f,0f,1.596675849012999f,0.10308362226182533f,-0.96875f,-1.9594348786357652e-16f,0.10308362226182533f,-1.596675849012999f,1.9375f,0f,0f,0f,1f], start_interpolation: 0, interpolation_duration: 1 }
$data merge entity $(bone_frontlegl) { transformation: [-0.9925461516413221f,-0.10931885689464835f,0.05386579981072571f,0.4295250184389554f,8.673617379884035e-19f,0.4419963077314036f,0.8970168693797271f,-0.7599225058243625f,-0.12186934340514756f,0.8903306416601946f,-0.43870173427847814f,1.5004766140861632f,0f,0f,0f,1f], start_interpolation: 0, interpolation_duration: 1 }
$data merge entity $(bone_frontlegtipleft) { transformation: [-0.9925461516413221f,-0.06774000727807825f,0.10130857947857966f,0.7960345403002566f,8.673617379884035e-19f,0.8312884655641835f,0.5558412426403294f,-1.1835146163168007f,-0.12186934340514756f,0.5516980863061892f,-0.8250921673995499f,0.5668733609276688f,0f,0f,0f,1f], start_interpolation: 0, interpolation_duration: 1 }
$data merge entity $(bone_frontfootleftd) { transformation: [-0.9925461516413221f,-0.12044491860122167f,-0.018578440331384918f,0.8855750842573713f,-7.905430321353678e-17f,-0.15244556023923017f,0.988311869383014f,-2.7734790934581466f,-0.1218693434051474f,0.9809451425775513f,0.15130925415025337f,-0.2491901341375243f,0f,0f,0f,1f], start_interpolation: 0, interpolation_duration: 1 }
$data merge entity $(bone_frontfootleft) { transformation: [0.9925461516413221f,0.11701175579598597f,0.034064436991418416f,0.9034807397161873f,1.132851463121264e-16f,-0.27951604595237145f,0.9601410209209645f,-2.328015534948123f,0.12186934340514752f,-0.9529842753480733f,-0.27743257573202496f,-0.30820570948491266f,0f,0f,0f,1f], start_interpolation: 0, interpolation_duration: 1 }
$data merge entity $(bone_frontlegr) { transformation: [-0.9925461516413221f,0.10931885689464813f,-0.05386579981072559f,-0.8735737523710827f,-8.673617379884035e-19f,0.4419963077314036f,0.8970168693797271f,-0.8020908916987676f,0.12186934340514731f,0.8903306416601946f,-0.43870173427847814f,1.5468108421989346f,0f,0f,0f,1f], start_interpolation: 0, interpolation_duration: 1 }
$data merge entity $(bone_frontlegtipright) { transformation: [-0.9925461516413221f,0.06774000727807812f,-0.10130857947857944f,-0.7478136290428056f,-8.673617379884035e-19f,0.8312884655641835f,0.5558412426403294f,-1.1509587962075338f,0.12186934340514731f,0.5516980863061892f,-0.8250921673995499f,0.5196675913779616f,0f,0f,0f,1f], start_interpolation: 0, interpolation_duration: 1 }
$data merge entity $(bone_frontfootrightd) { transformation: [-0.9925461516413221f,0.12044491860122178f,0.018578440331384786f,-0.8500078396636027f,-8.078902668951359e-17f,-0.15244556023923017f,0.988311869383014f,-2.7303515271395287f,0.12186934340514746f,0.9809451425775513f,0.15130925415025337f,-0.2258231771220482f,0f,0f,0f,1f], start_interpolation: 0, interpolation_duration: 1 }
$data merge entity $(bone_frontfootright) { transformation: [0.9925461516413221f,-0.11701175579598576f,-0.034064436991418576f,-0.8481599797442925f,1.150198697881032e-16f,-0.27951604595237145f,0.9601410209209645f,-2.2728263269119697f,-0.12186934340514735f,-0.9529842753480733f,-0.27743257573202496f,-0.29758785151798006f,0f,0f,0f,1f], start_interpolation: 0, interpolation_duration: 1 }
$data merge entity $(bone_rearlegl) { transformation: [-1.080694387781476f,0.046284437107212834f,-0.05973694175633487f,0.000336776298718533f,0f,0.8563641272272003f,0.6635145761093016f,-0.39287847083624095f,0.07556951322280225f,0.6618982879500255f,-0.8542780672539854f,-1.4689932974300481f,0f,0f,0f,1f], start_interpolation: 0, interpolation_duration: 1 }
$data merge entity $(bone_rearfootleftd) { transformation: [-0.9975640502598242f,0.0372038340402357f,0.05900712128143029f,0.5344947159569602f,0f,-0.8459017222957004f,0.5333388005922385f,-2.3702204594552043f,0.06975647374412516f,0.5320396140795102f,0.84384114821506f,-3.6858949545196964f,0f,0f,0f,1f], start_interpolation: 0, interpolation_duration: 1 }
$data merge entity $(bone_rearfootleft) { transformation: [-0.9975640502598242f,0.05514179239046298f,0.04272409579127337f,0.5707602558622685f,0f,-0.6124749933316627f,0.790489963594339f,-1.903317983650554f,0.06975647374412516f,0.7885643697729099f,0.6109830350307923f,-3.167273571714413f,0f,0f,0f,1f], start_interpolation: 0, interpolation_duration: 1 }
$data merge entity $(bone_rearlegtipleft) { transformation: [-0.9975640502598242f,0.06817301709268499f,-0.014778544234643158f,0.5775091788283797f,0f,0.21185910699632787f,0.977300219371058f,-1.7525401403649172f,0.06975647374412516f,0.9749195651556075f,-0.21134302885968637f,-2.1747852876460674f,0f,0f,0f,1f], start_interpolation: 0, interpolation_duration: 1 }
$data merge entity $(bone_rearlegr) { transformation: [-1.080694387781476f,-0.046284437107213f,0.05973694175633508f,-1.374748886030923f,0f,0.8563641272272003f,0.6635145761093016f,-0.3685476200821265f,-0.07556951322280253f,0.6618982879500255f,-0.8542780672539854f,-1.5864772189862442f,0f,0f,0f,1f], start_interpolation: 0, interpolation_duration: 1 }
$data merge entity $(bone_rearfootrightd) { transformation: [-0.9975640502598242f,-0.03720383404023584f,-0.059007121281430486f,-0.5372562565819057f,0f,-0.8459017222957004f,0.5333388005922385f,-2.3458896087010896f,-0.06975647374412541f,0.5320396140795102f,0.84384114821506f,-3.7074637246777207f,0f,0f,0f,1f], start_interpolation: 0, interpolation_duration: 1 }
$data merge entity $(bone_rearfootright) { transformation: [-0.9975640502598242f,-0.05514179239046318f,-0.04272409579127351f,-0.5735217964872141f,0f,-0.6124749933316627f,0.790489963594339f,-1.8789871328964394f,-0.06975647374412541f,0.7885643697729099f,0.6109830350307923f,-3.188842341872437f,0f,0f,0f,1f], start_interpolation: 0, interpolation_duration: 1 }
$data merge entity $(bone_rearlegtipright) { transformation: [-0.9975640502598242f,-0.06817301709268522f,0.014778544234643214f,-0.7049662257358036f,0f,0.21185910699632787f,0.977300219371058f,-1.7282092896108026f,-0.06975647374412541f,0.9749195651556075f,-0.21134302885968637f,-2.2050736170221072f,0f,0f,0f,1f], start_interpolation: 0, interpolation_duration: 1 }
$data merge entity $(bone_tail11) { transformation: [-0.2937340837125001f,-7.14317273417672e-19f,4.075372917901186e-17f,1.0080493073776648e-15f,0f,0.293804504234256f,0.0019838272504313008f,-1.7689068630323326f,-3.5972050541899386e-17f,0.005832843183152927f,-0.33277945287887234f,-8.231347259303725f,0f,0f,0f,1f], start_interpolation: 0, interpolation_duration: 1 }
$data merge entity $(bone_tail10) { transformation: [-0.39164544495000014f,-3.4593009504261034e-20f,5.43466407921581e-17f,9.77479321932076e-16f,0f,0.39172814046409227f,-0.003971176417405697f,-1.7666730762975418f,-4.796273405586585e-17f,0.0002824733590806941f,-0.44377399940943246f,-7.9817243846359185f,0f,0f,0f,1f], start_interpolation: 0, interpolation_duration: 1 }
$data merge entity $(bone_tail9) { transformation: [-0.48955680618750014f,3.1290968232045828e-18f,6.786121135304413e-17f,9.393073905459885e-16f,0f,0.48889419887606606f,-0.02782428539639041f,-1.7510219157620721f,-5.99534175698323e-17f,-0.02555101458953868f,-0.5541288427021712f,-7.670026910615947f,0f,0f,0f,1f], start_interpolation: 0, interpolation_duration: 1 }
$data merge entity $(bone_tail8) { transformation: [-0.5759491837500001f,8.907137505838495e-18f,7.942365226519593e-17f,8.946315861468158e-16f,0f,0.5717864626153634f,-0.07036978745459752f,-1.711438910318861f,-7.053343243509683e-17f,-0.07273229727983607f,-0.6485433377239361f,-7.305221283146233f,0f,0f,0f,1f], start_interpolation: 0, interpolation_duration: 1 }
$data merge entity $(bone_tail7) { transformation: [-0.6775872750000002f,1.6908638315722894e-17f,9.249250905261895e-17f,8.426045498047176e-16f,0f,0.6653641574543574f,-0.12905876724526374f,-1.6388433537434002f,-8.298050874717275e-17f,-0.13806950973534043f,-0.7552586518579548f,-6.880388291476134f,0f,0f,0f,1f], start_interpolation: 0, interpolation_duration: 1 }
$data merge entity $(bone_tail6) { transformation: [-0.7971615000000002f,2.6003388217507787e-17f,1.0751827060904935e-16f,7.821255225871273e-16f,0f,0.7729621361376204f,-0.1957797550009796f,-1.5287172415553492f,-9.76241279378503e-17f,-0.21233377848709f,-0.8779533060790079f,-6.386539556806692f,0f,0f,0f,1f], start_interpolation: 0, interpolation_duration: 1 }
$data merge entity $(bone_tail5) { transformation: [-0.8857350000000002f,3.253466191249209e-17f,1.185247085282661e-16f,7.154553740399776e-16f,0f,0.8517882873026357f,-0.2437113106947583f,-1.3916296292895476f,-1.0847125326427811e-16f,-0.2656656754840987f,-0.9678276921214152f,-5.842136479988397f,0f,0f,0f,1f], start_interpolation: 0, interpolation_duration: 1 }
$data merge entity $(bone_tail4) { transformation: [-0.9841500000000002f,3.5828651952252825e-17f,1.317818061680077e-16f,6.413281080704733e-16f,0f,0.9470883861995053f,-0.26848361610492194f,-1.2406075952305289f,-1.205236147380868e-16f,-0.2925631453672857f,-1.0760801094630659f,-5.236841418415422f,0f,0f,0f,1f], start_interpolation: 0, interpolation_duration: 1 }
$data merge entity $(bone_tail3) { transformation: [-1.0935000000000001f,3.467523043970142e-17f,1.4772436685886453e-16f,5.58233151712362e-16f,0f,1.0620904317989261f,-0.2614079501433652f,-1.093565623274886f,-1.339151274867631e-16f,-0.2831447439689849f,-1.206260996735679f,-4.558319607751603f,0f,0f,0f,1f], start_interpolation: 0, interpolation_duration: 1 }
$data merge entity $(bone_tail2) { transformation: [-1.215f,2.874841592285679e-17f,1.6613031595135722e-16f,4.647848489897235e-16f,0f,1.1952190464778223f,-0.22011742314037924f,-0.9697495727584228f,-1.4879458609640342e-16f,-0.23474863073069357f,-1.3565569768117927f,-3.7952563082949697f,0f,0f,0f,1f], start_interpolation: 0, interpolation_duration: 1 }
$data merge entity $(bone_tail1) { transformation: [-1.35f,1.9020272804444842e-17f,1.8636456693886406e-16f,3.599547800866125e-16f,0f,1.341821096881941f,-0.1515692631589221f,-0.8844918622315291f,-1.6532731788489269e-16f,-0.15531231386623065f,-1.5217821748165947f,-2.939253834960635f,0f,0f,0f,1f], start_interpolation: 0, interpolation_duration: 1 }
$data merge entity $(bone_tail0) { transformation: [-1.5f,7.89310211821429e-18f,2.079976813985696e-16f,2.4492935982947064e-16f,0f,1.4986146705131085f,-0.0730456792946702f,-0.46875f,-1.8369701987210297e-16f,-0.06445206996588547f,-1.6984299599148562f,-2f,0f,0f,0f,1f], start_interpolation: 0, interpolation_duration: 1 }