# This file was generated by Animated Java via MC-Build. It is not recommended to edit this file directly.
$data merge entity $(bone_leftwing20) { transformation: [-1.9825961078973726f,1.7438879074220093f,1.3341303348655957f,3.817200745740254f,2.0862332597375577f,2.0566030383519975f,0.412008300544111f,-3.512562520273527f,-0.6846017601687159f,1.2169531708737724f,-2.608080044972792f,1.9733462680781253f,0f,0f,0f,1f], start_interpolation: 0, interpolation_duration: 1 }
$data merge entity $(bone_leftwing21) { transformation: [-2.3367946265614576f,1.7437943269582448f,-0.4993686854630363f,3.817200745740254f,1.1527835639965058f,2.056492676977686f,1.7868197417747556f,-3.512562520273527f,1.4004562804073366f,1.2168878667669973f,-2.304062280378344f,1.9733462680781253f,0f,0f,0f,1f], start_interpolation: 0, interpolation_duration: 1 }
$data merge entity $(bone_leftwing22) { transformation: [-1.26649900836757f,1.7471615043276598f,-2.0317556724281376f,3.817200745740254f,-0.4854754257314035f,2.060463658816104f,2.0744703648289384f,-3.512562520273527f,2.6353212414541267f,1.2192376147979138f,-0.5942775158518278f,1.9733462680781253f,0f,0f,0f,1f], start_interpolation: 0, interpolation_duration: 1 }
$data merge entity $(bone_leftwing23) { transformation: [0.5724704493882162f,1.7193261059090232f,-2.2854189485871976f,3.817200745740254f,-1.8003416492627269f,2.027636798375209f,1.074431665695469f,-3.512562520273527f,2.2221593045845434f,1.199812985368508f,1.4592468158724523f,1.9733462680781253f,0f,0f,0f,1f], start_interpolation: 0, interpolation_duration: 1 }
$data merge entity $(bone_leftwing1) { transformation: [-1.2387249432835579f,1.1789664726233302f,1.037110684217094f,1.9591133308149171f,1.4318002818009605f,1.3903795188858574f,0.12958682995359272f,-1.364862097572086f,-0.6445994631721597f,0.8227289042526912f,-1.7051711592052365f,1.0064470733198858f,0f,0f,0f,1f], start_interpolation: 0, interpolation_duration: 1 }
$data merge entity $(bone_leftwing) { transformation: [-0.8477422205432782f,0.7732567551481233f,0.21099343410935353f,0.6874999999999999f,0.7849080650480574f,0.7386731662693856f,0.4465337545664227f,-0.1875f,0.16236861778674286f,0.4664193983556718f,-1.0569770517407968f,1.25f,0f,0f,0f,1f], start_interpolation: 0, interpolation_duration: 1 }
$data merge entity $(bone_rightwing20) { transformation: [-1.9825961078973726f,-1.7438879074220093f,-1.334130334865595f,-3.817200745740254f,-2.0862332597375577f,2.0566030383519975f,0.412008300544111f,-3.512562520273527f,0.6846017601687153f,1.2169531708737722f,-2.6080800449727923f,1.9733462680781244f,0f,0f,0f,1f], start_interpolation: 0, interpolation_duration: 1 }
$data merge entity $(bone_rightwing21) { transformation: [-2.3369200302982946f,-1.7438879074220093f,0.4993954840094321f,-3.817200745740254f,-1.1528454279553864f,2.0566030383519975f,1.786915631191021f,-3.512562520273527f,-1.4005314356857874f,1.2169531708737722f,-2.304185927538681f,1.9733462680781244f,0f,0f,0f,1f], start_interpolation: 0, interpolation_duration: 1 }
$data merge entity $(bone_rightwing22) { transformation: [-1.264126012382635f,-1.7438879074220093f,2.027948841138744f,-3.817200745740254f,0.48456580698836965f,2.0566030383519975f,2.07058350047762f,-3.512562520273527f,-2.6303835299488934f,1.2169531708737722f,-0.593164038344355f,1.9733462680781244f,0f,0f,0f,1f], start_interpolation: 0, interpolation_duration: 1 }
$data merge entity $(bone_rightwing23) { transformation: [0.5724704493882167f,-1.7193261059090232f,2.2854189485871967f,-3.817200745740254f,1.8003416492627269f,2.027636798375209f,1.074431665695469f,-3.512562520273527f,-2.222159304584543f,1.1998129853685076f,1.4592468158724525f,1.9733462680781244f,0f,0f,0f,1f], start_interpolation: 0, interpolation_duration: 1 }
$data merge entity $(bone_rightwing1) { transformation: [-1.2387249432835579f,-1.1789664726233302f,-1.0371106842170936f,-1.9591133308149176f,-1.4318002818009605f,1.3903795188858574f,0.12958682995359272f,-1.364862097572086f,0.6445994631721593f,0.822728904252691f,-1.7051711592052368f,1.0064470733198854f,0f,0f,0f,1f], start_interpolation: 0, interpolation_duration: 1 }
$data merge entity $(bone_rightwing) { transformation: [-0.8477422205432782f,-0.7732567551481233f,-0.21099343410935328f,-0.6875000000000001f,-0.7849080650480574f,0.7386731662693856f,0.4465337545664227f,-0.1875f,-0.16236861778674305f,0.4664193983556717f,-1.0569770517407968f,1.25f,0f,0f,0f,1f], start_interpolation: 0, interpolation_duration: 1 }
$data merge entity $(bone_head) { transformation: [-1.2269070000000002f,-1.2530064250010038e-18f,1.5024754833658085e-16f,-4.3892316009825274e-16f,0f,1.2268643370577457f,0.010231573918891585f,-1.1449178985669344f,-1.5025277304014817e-16f,0.010231573918891585f,-1.2268643370577457f,3.5840795926127273f,0f,0f,0f,1f], start_interpolation: 0, interpolation_duration: 1 }
$data merge entity $(bone_neck4) { transformation: [-1.0497600000000002f,-5.4490490703681584e-18f,1.284429894647144e-16f,-4.310657560401571e-16f,0f,1.0488166020941003f,0.04449486230774459f,-1.1093614508572598f,-1.2855852238729257e-16f,0.04449486230774459f,-1.0488166020941003f,3.519919019428963f,0f,0f,0f,1f], start_interpolation: 0, interpolation_duration: 1 }
$data merge entity $(bone_neck3) { transformation: [-1.1664000000000003f,-2.0887155989526227e-17f,1.4130744136210159e-16f,-3.6924375044423763e-16f,0f,1.1538628236360498f,0.17055657193624052f,-1.0347429506351546f,-1.428428026525473e-16f,0.17055657193624052f,-1.1538628236360498f,3.0151040340881914f,0f,0f,0f,1f], start_interpolation: 0, interpolation_duration: 1 }
$data merge entity $(bone_neck2) { transformation: [-1.2960000000000003f,-3.3453150943619335e-17f,1.5514861250780563e-16f,-3.3045659731728623e-16f,0f,1.266884563090567f,0.27316570758941044f,-0.966451523737802f,-1.58714225169497e-16f,0.27316570758941044f,-1.266884563090567f,2.6983828933155496f,0f,0f,0f,1f], start_interpolation: 0, interpolation_duration: 1 }
$data merge entity $(bone_neck1) { transformation: [-1.4400000000000002f,-3.1814972193035194e-17f,1.734555458831821e-16f,-2.870927108464907e-16f,0f,1.416372018478704f,0.25978896294985643f,-0.9015042830003378f,-1.7634913907721887e-16f,0.25978896294985643f,-1.416372018478704f,2.3442898886958736f,0f,0f,0f,1f], start_interpolation: 0, interpolation_duration: 1 }
$data merge entity $(bone_neck0) { transformation: [-1.6f,-1.5883757816177845e-17f,1.9529863459271948e-16f,-2.372753173347997e-16f,0f,1.5947343734429715f,0.1297007253620941f,-0.96875f,-1.9594348786357652e-16f,0.1297007253620941f,-1.5947343734429715f,1.9375f,0f,0f,0f,1f], start_interpolation: 0, interpolation_duration: 1 }
$data merge entity $(bone_frontlegl) { transformation: [-0.992546151641322f,-0.10901767345629645f,0.05447277977281957f,0.42956071905516025f,0f,0.4469768873023954f,0.8945455059511851f,-0.7597035366102364f,-0.12186934340514759f,0.887877699399888f,-0.44364518936460934f,1.500185855900099f,0f,0f,0f,1f], start_interpolation: 0, interpolation_duration: 1 }
$data merge entity $(bone_frontlegtipleft) { transformation: [-0.992546151641322f,-0.06717568478821942f,0.1016836478261651f,0.7957813880888367f,0f,0.8343660922839611f,0.5512106893437324f,-1.1886895840442475f,-0.12186934340514759f,0.5471020484516819f,-0.8281468539564537f,0.5689351202364796f,0f,0f,0f,1f], start_interpolation: 0, interpolation_duration: 1 }
$data merge entity $(bone_frontfootleftd) { transformation: [-0.992546151641322f,-0.12054635297558403f,-0.017908479731335435f,0.8842430365406295f,-7.902008804051956e-17f,-0.14694819247363683f,0.989144190059635f,-2.783193647809659f,-0.12186934340514743f,0.9817712592620629f,0.1458528629303567f,-0.23834147607378567f,0f,0f,0f,1f], start_interpolation: 0, interpolation_duration: 1 }
$data merge entity $(bone_frontfootleft) { transformation: [0.992546151641322f,0.1168205489751161f,0.034714495519224786f,0.9024504206413546f,1.1390416522825163e-16f,-0.28485010708409736f,0.9585720716222534f,-2.3380747881795396f,0.12186934340514755f,-0.9514270207595172f,-0.28272687758093906f,-0.2998144340081246f,0f,0f,0f,1f], start_interpolation: 0, interpolation_duration: 1 }
$data merge entity $(bone_frontlegr) { transformation: [-0.992546151641322f,0.10901767345629625f,-0.05447277977281946f,-0.8735807478101082f,0f,0.4469768873023954f,0.8945455059511851f,-0.8022613667947281f,0.12186934340514734f,0.887877699399888f,-0.44364518936460934f,1.5467538689200955f,0f,0f,0f,1f], start_interpolation: 0, interpolation_duration: 1 }
$data merge entity $(bone_frontlegtipright) { transformation: [-0.992546151641322f,0.0671756847882193f,-0.1016836478261649f,-0.7475823423898809f,0f,0.8343660922839611f,0.5512106893437324f,-1.1567070102004184f,0.12186934340514734f,0.5471020484516819f,-0.8281468539564537f,0.5215512700035481f,0f,0f,0f,1f], start_interpolation: 0, interpolation_duration: 1 }
$data merge entity $(bone_frontfootrightd) { transformation: [-0.992546151641322f,0.12054635297558414f,0.01790847973133531f,-0.8487049498927196f,-7.902008804051956e-17f,-0.14694819247363683f,0.989144190059635f,-2.740258605797449f,0.12186934340514749f,0.9817712592620629f,0.1458528629303567f,-0.21521199147051082f,0f,0f,0f,1f], start_interpolation: 0, interpolation_duration: 1 }
$data merge entity $(bone_frontfootright) { transformation: [0.992546151641322f,-0.11682054897511589f,-0.03471449551922494f,-0.847166972200143f,1.1390416522825163e-16f,-0.28485010708409736f,0.9585720716222534f,-2.2831352626289956f,-0.12186934340514738f,-0.9514270207595172f,-0.28272687758093906f,-0.2895004540728334f,0f,0f,0f,1f], start_interpolation: 0, interpolation_duration: 1 }
$data merge entity $(bone_rearlegl) { transformation: [-1.080694387781476f,0.04595158445191952f,-0.059993359758304866f,0.000246771969189985f,3.758567531283082e-18f,0.8600400298095265f,0.6587429379024414f,-0.39300083522419693f,0.07556951322280225f,0.6571382732140154f,-0.8579450155223713f,-1.4702804193082972f,0f,0f,0f,1f], start_interpolation: 0, interpolation_duration: 1 }
$data merge entity $(bone_rearfootleftd) { transformation: [-0.9975640502598242f,0.03753133842530428f,0.05879935599324285f,0.5351739597463236f,3.469446951953614e-18f,-0.842923284925865f,0.5380337682058525f,-2.382401031358662f,0.06975647374412516f,0.5367231449879857f,0.8408699661689618f,-3.676181315781066f,0f,0f,0f,1f], start_interpolation: 0, interpolation_duration: 1 }
$data merge entity $(bone_rearfootleft) { transformation: [-0.9975640502598242f,0.05537848593074298f,0.04241684718638723f,0.5712578529283078f,3.469446951953614e-18f,-0.6080704042176378f,0.7938831044395632f,-1.912615197583667f,0.06975647374412516f,0.7919492450975739f,0.6065891752744753f,-3.1601576021426676f,0f,0f,0f,1f], start_interpolation: 0, interpolation_duration: 1 }
$data merge entity $(bone_rearlegtipleft) { transformation: [-0.9975640502598242f,0.06808979468124073f,-0.015157357602211095f,0.5779472293184477f,3.469446951953614e-18f,0.2172896189937873f,0.9761071772492684f,-1.756332277167959f,0.06975647374412516f,0.9737294292244645f,-0.2167603124028566f,-2.1685208737840167f,0f,0f,0f,1f], start_interpolation: 0, interpolation_duration: 1 }
$data merge entity $(bone_rearlegr) { transformation: [-1.080694387781476f,-0.045951584451919686f,0.05999335975830508f,-1.3746494680743113f,-3.758567531283082e-18f,0.8600400298095265f,0.6587429379024414f,-0.3687889196791591f,-0.07556951322280253f,0.6571382732140154f,-0.8579450155223713f,-1.5878989620036716f,0f,0f,0f,1f], start_interpolation: 0, interpolation_duration: 1 }
$data merge entity $(bone_rearfootrightd) { transformation: [-0.9975640502598242f,-0.058799355993243055f,0.03753133842530439f,-0.5379260867441863f,-3.469446951953614e-18f,0.5380337682058522f,0.8429232849258651f,-2.3581891158136243f,-0.06975647374412541f,0.8408699661689618f,-0.5367231449879855f,-3.697884707078268f,0f,0f,0f,1f], start_interpolation: 0, interpolation_duration: 1 }
$data merge entity $(bone_rearfootright) { transformation: [-0.9975640502598242f,-0.05537848593074317f,-0.04241684718638738f,-0.5740099799261705f,-3.469446951953614e-18f,-0.6080704042176378f,0.7938831044395632f,-1.8884032820386292f,-0.06975647374412541f,0.7919492450975739f,0.6065891752744753f,-3.1818609934398694f,0f,0f,0f,1f], start_interpolation: 0, interpolation_duration: 1 }
$data merge entity $(bone_rearlegtipright) { transformation: [-0.9975640502598242f,-0.06808979468124096f,0.015157357602211144f,-0.7053948625987887f,-3.469446951953614e-18f,0.2172896189937873f,0.9761071772492684f,-1.732120361622921f,-0.06975647374412541f,0.9737294292244645f,-0.2167603124028566f,-2.198943824299234f,0f,0f,0f,1f], start_interpolation: 0, interpolation_duration: 1 }
$data merge entity $(bone_tail11) { transformation: [-0.2937340837125001f,-1.284433018464417e-18f,4.073487697775551e-17f,1.0088844705736921e-15f,0f,0.2938087690805183f,0.00528031873283375f,-1.7226328003332707f,-3.5972050541899386e-17f,0.010488191528844826f,-0.3326255129733466f,-8.23816688433038f,0f,0f,0f,1f], start_interpolation: 0, interpolation_duration: 1 }
$data merge entity $(bone_tail10) { transformation: [-0.39164544495000014f,-1.6331666216026003e-18f,5.431561513784607e-17f,9.783319370586537e-16f,0f,0.3917549002387426f,0.006467664208884214f,-1.726270861450768f,-4.796273405586585e-17f,0.013335817500520793f,-0.44352065571610305f,-7.9886865154900715f,0f,0f,0f,1f], start_interpolation: 0, interpolation_duration: 1 }
$data merge entity $(bone_tail9) { transformation: [-0.48955680618750014f,2.717000364937315e-19f,6.792465995997696e-17f,9.401243158311667e-16f,0f,0.48968492589472606f,-0.008595373604000651f,-1.7214359637985177f,-5.99534175698323e-17f,-0.0022185991641254857f,-0.5546469398953949f,-7.676697611798912f,0f,0f,0f,1f], start_interpolation: 0, interpolation_duration: 1 }
$data merge entity $(bone_tail8) { transformation: [-0.5759491837500001f,5.005814086405527e-18f,7.975506379680944e-17f,8.952620924454614e-16f,0f,0.574515184161124f,-0.04388244969267832f,-1.6967520858463863f,-7.053343243509683e-17f,-0.040875574001342806f,-0.651249518247531f,-7.310369757784676f,0f,0f,0f,1f], start_interpolation: 0, interpolation_duration: 1 }
$data merge entity $(bone_tail7) { transformation: [-0.6775872750000002f,1.2397243928922068e-17f,9.319315175765334e-17f,8.428409445817814e-16f,0f,0.6706766148816578f,-0.09848485917378506f,-1.6413543525611323f,-8.298050874717275e-17f,-0.10123117896158719f,-0.7609798337164484f,-6.882318601319174f,0f,0f,0f,1f], start_interpolation: 0, interpolation_duration: 1 }
$data merge entity $(bone_tail6) { transformation: [-0.7971615000000002f,2.158543759777775e-17f,1.0847811611010057e-16f,7.818220042698499e-16f,0f,0.7799777845748758f,-0.16622171329848268f,-1.5478546388307357f,-9.76241279378503e-17f,-0.17625847397638542f,-0.8857910393888855f,-6.384061141662926f,0f,0f,0f,1f], start_interpolation: 0, interpolation_duration: 1 }
$data merge entity $(bone_tail5) { transformation: [-0.8857350000000002f,2.9231856500436647e-17f,1.193670893141012e-16f,7.146780165306679e-16f,0f,0.8577361348786089f,-0.22241343987016726f,-1.4227470789037666f,-1.0847125326427811e-16f,-0.2386962226234454f,-0.9747062532414181f,-5.835788874214628f,0f,0f,0f,1f], start_interpolation: 0, interpolation_duration: 1 }
$data merge entity $(bone_tail4) { transformation: [-0.9841500000000002f,3.4212036957442845e-17f,1.3219387199723365e-16f,6.40318963532224e-16f,0f,0.9497258714232396f,-0.2595719133029568f,-1.2767378776708533f,-1.205236147380868e-16f,-0.2793624821561825f,-1.079444882306247f,-5.228601127917364f,0f,0f,0f,1f], start_interpolation: 0, interpolation_duration: 1 }
$data merge entity $(bone_tail3) { transformation: [-1.0935000000000001f,3.497320951714207e-17f,1.4763548582015131e-16f,5.572740027583889e-16f,0f,1.0609797798885376f,-0.2665683926027578f,-1.1267931568318021f,-1.339151274867631e-16f,-0.2855779277869487f,-1.2055352279770861f,-4.550487562180253f,0f,0f,0f,1f], start_interpolation: 0, interpolation_duration: 1 }
$data merge entity $(bone_tail2) { transformation: [-1.215f,3.0688691389919816e-17f,1.6576238935172105e-16f,4.640326587480458e-16f,0f,1.1920866105814851f,-0.23744968718214632f,-0.9932277077918448f,-1.4879458609640342e-16f,-0.2505921822625632f,-1.35355262813026f,-3.7891142088569816f,0f,0f,0f,1f], start_interpolation: 0, interpolation_duration: 1 }
$data merge entity $(bone_tail1) { transformation: [-1.35f,2.172215719704907e-17f,1.8604647398641403e-16f,3.593815171306879e-16f,0f,1.3392033648644959f,-0.17478615708669049f,-0.8949104944305813f,-1.6532731788489269e-16f,-0.17737487422637188f,-1.5191847487450816f,-2.9345727876878733f,0f,0f,0f,1f], start_interpolation: 0, interpolation_duration: 1 }
$data merge entity $(bone_tail0) { transformation: [-1.5f,9.933405922178624e-18f,2.0788534894535454e-16f,2.4492935982947064e-16f,0f,1.4978053198452024f,-0.09192740350094357f,-0.46875f,-1.8369701987210297e-16f,-0.08111241485377374f,-1.6975126958245628f,-2f,0f,0f,0f,1f], start_interpolation: 0, interpolation_duration: 1 }