# This file was generated by Animated Java via MC-Build. It is not recommended to edit this file directly.
$data merge entity $(bone_leftwing20) { transformation: [-1.4251431783552497f,2.2429144232047777f,1.3000145854868648f,3.0660019515490324f,2.5308112230919213f,1.525220539811658f,0.14294393698130625f,-4.111120233009718f,-0.5618697227743974f,1.1810052100764512f,-2.653538245345789f,1.854386019783461f,0f,0f,0f,1f], start_interpolation: 0, interpolation_duration: 1 }
$data merge entity $(bone_leftwing21) { transformation: [-1.9250365635069782f,2.2427940639941806f,-0.12208964392219951f,3.0660019515490324f,1.6551351145043365f,1.5251386934700144f,1.9197074214303156f,-4.111120233009718f,1.518406680496137f,1.1809418350081358f,-2.247357203568596f,1.854386019783461f,0f,0f,0f,1f], start_interpolation: 0, interpolation_duration: 1 }
$data merge entity $(bone_leftwing22) { transformation: [-1.2518313858339885f,2.247124784251605f,-1.4724036668955884f,3.0660019515490324f,-0.23161486620525065f,1.528083658030617f,2.529019387165099f,-4.111120233009718f,2.6765457044553007f,1.183222173096155f,-0.4698005469344758f,1.854386019783461f,0f,0f,0f,1f], start_interpolation: 0, interpolation_duration: 1 }
$data merge entity $(bone_leftwing23) { transformation: [0.18654332603922158f,2.211324079215978f,-1.8926679182134072f,3.0660019515490324f,-1.9485707035914788f,1.503738560377691f,1.564860057507597f,-4.111120233009718f,2.1622252993292985f,1.1643713338781911f,1.5735201289552947f,1.854386019783461f,0f,0f,0f,1f], start_interpolation: 0, interpolation_duration: 1 }
$data merge entity $(bone_leftwing1) { transformation: [-0.8663307502394707f,1.516336511462385f,0.9747792648572288f,1.7665058261898263f,1.7116995275322322f,1.0311350128304166f,-0.08273640529506099f,-1.5435709417113692f,-0.5652926309757169f,0.798426057516474f,-1.7444082297567998f,1.0064470733198856f,0f,0f,0f,1f], start_interpolation: 0, interpolation_duration: 1 }
$data merge entity $(bone_leftwing) { transformation: [-0.7193372174598844f,0.8756802722666459f,0.2772167733943872f,0.6874999999999999f,0.9040472944742463f,0.6127487351922111f,0.4103030440847985f,-0.1875f,0.1623686177867429f,0.4677971348720188f,-1.056368015264881f,1.25f,0f,0f,0f,1f], start_interpolation: 0, interpolation_duration: 1 }
$data merge entity $(bone_rightwing20) { transformation: [-1.42514317835525f,-2.2429144232047777f,-1.3000145854868643f,-3.0660019515490333f,-2.5308112230919213f,1.525220539811658f,0.14294393698130625f,-4.111120233009718f,0.5618697227743971f,1.1810052100764505f,-2.6535382453457896f,1.8543860197834605f,0f,0f,0f,1f], start_interpolation: 0, interpolation_duration: 1 }
$data merge entity $(bone_rightwing21) { transformation: [-1.9251398703084692f,-2.2429144232047777f,0.1220961958448221f,-3.0660019515490333f,-1.6552239370846225f,1.525220539811658f,1.9198104422441884f,-4.111120233009718f,-1.518488165565304f,1.1810052100764505f,-2.247477807659401f,1.8543860197834605f,0f,0f,0f,1f], start_interpolation: 0, interpolation_duration: 1 }
$data merge entity $(bone_rightwing22) { transformation: [-1.2494858720730038f,-2.2429144232047777f,1.4696448743764778f,-3.0660019515490333f,0.2311808973320617f,1.525220539811658f,2.5242808498177234f,-4.111120233009718f,-2.6715307520801295f,1.1810052100764505f,-0.46892029767708954f,1.8543860197834605f,0f,0f,0f,1f], start_interpolation: 0, interpolation_duration: 1 }
$data merge entity $(bone_rightwing23) { transformation: [0.18654332603922222f,-2.211324079215978f,1.892667918213407f,-3.0660019515490333f,1.9485707035914788f,1.503738560377691f,1.564860057507597f,-4.111120233009718f,-2.1622252993292985f,1.1643713338781905f,1.5735201289552954f,1.8543860197834605f,0f,0f,0f,1f], start_interpolation: 0, interpolation_duration: 1 }
$data merge entity $(bone_rightwing1) { transformation: [-0.8663307502394709f,-1.516336511462385f,-0.9747792648572284f,-1.7665058261898268f,-1.7116995275322322f,1.0311350128304166f,-0.08273640529506099f,-1.5435709417113692f,0.5652926309757167f,0.7984260575164736f,-1.7444082297568f,1.0064470733198854f,0f,0f,0f,1f], start_interpolation: 0, interpolation_duration: 1 }
$data merge entity $(bone_rightwing) { transformation: [-0.7193372174598844f,-0.8756802722666459f,-0.277216773394387f,-0.6875000000000001f,-0.9040472944742463f,0.6127487351922111f,0.4103030440847985f,-0.1875f,-0.1623686177867431f,0.4677971348720185f,-1.056368015264881f,1.25f,0f,0f,0f,1f], start_interpolation: 0, interpolation_duration: 1 }
$data merge entity $(bone_head) { transformation: [-1.2269070000000002f,1.3088687494940766e-18f,1.5024707208079252e-16f,-4.3957240373043815e-16f,0f,1.2268604481341099f,-0.010687724414952597f,-1.1248900987825161f,-1.5025277304014817e-16f,-0.010687724414952597f,-1.2268604481341099f,3.589381069190607f,0f,0f,0f,1f], start_interpolation: 0, interpolation_duration: 1 }
$data merge entity $(bone_neck4) { transformation: [-1.0497600000000002f,-1.4141062126597726e-18f,1.285507447742848e-16f,-4.3158217300119095e-16f,0f,1.049696490970187f,0.011547053514893699f,-1.0913653925950169f,-1.2855852238729257e-16f,0.011547053514893699f,-1.049696490970187f,3.5241358839273107f,0f,0f,0f,1f], start_interpolation: 0, interpolation_duration: 1 }
$data merge entity $(bone_neck3) { transformation: [-1.1664000000000003f,-1.579714901116868e-17f,1.4196660294855793e-16f,-3.6947178421119687e-16f,0f,1.1592452864564755f,0.12899351079974467f,-1.0349307316201286f,-1.428428026525473e-16f,0.12899351079974467f,-1.1592452864564755f,3.0169660711026025f,0f,0f,0f,1f], start_interpolation: 0, interpolation_duration: 1 }
$data merge entity $(bone_neck2) { transformation: [-1.2960000000000003f,-3.0424275613313085e-17f,1.557708853558936e-16f,-3.3052906287222347e-16f,0f,1.271965806503127f,0.24843306359430045f,-0.9728224657215534f,-1.58714225169497e-16f,0.24843306359430045f,-1.271965806503127f,2.6989746194768207f,0f,0f,0f,1f], start_interpolation: 0, interpolation_duration: 1 }
$data merge entity $(bone_neck1) { transformation: [-1.4400000000000002f,-3.241316028407264e-17f,1.7334476021407538e-16f,-2.871928728187046e-16f,0f,1.4154673848391615f,0.2646735393963382f,-0.9066540808724688f,-1.7634913907721887e-16f,0.2646735393963382f,-1.4154673848391615f,2.3451077732670305f,0f,0f,0f,1f], start_interpolation: 0, interpolation_duration: 1 }
$data merge entity $(bone_neck0) { transformation: [-1.6f,-1.8352308747338663e-17f,1.9508214474878502e-16f,-2.372753173347997e-16f,0f,1.5929665997135567f,0.1498579734182644f,-0.96875f,-1.9594348786357652e-16f,0.1498579734182644f,-1.5929665997135567f,1.9375f,0f,0f,0f,1f], start_interpolation: 0, interpolation_duration: 1 }
$data merge entity $(bone_frontlegl) { transformation: [-0.992546151641322f,-0.10878707147678915f,0.05493186635738637f,0.4295878855990796f,-8.673617379884035e-19f,0.45074392642593103f,0.8926532993218222f,-0.7595386031769146f,-0.12186934340514759f,0.8859995969918038f,-0.447384149549757f,1.4999646021551682f,0f,0f,0f,1f], start_interpolation: 0, interpolation_duration: 1 }
$data merge entity $(bone_frontlegtipleft) { transformation: [-0.992546151641322f,-0.06674643432351973f,0.10196592748118294f,0.7955871148438385f,-8.673617379884035e-19f,0.8366823405473115f,0.547688470771727f,-1.1926054657995266f,-0.12186934340514759f,0.5436060839627981f,-0.830445837256488f,0.5705173488454329f,0f,0f,0f,1f], start_interpolation: 0, interpolation_duration: 1 }
$data merge entity $(bone_frontfootleftd) { transformation: [-0.992546151641322f,-0.12062077613980593f,-0.0174001501554606f,0.8832287113306332f,-7.920225074788869e-17f,-0.14277708953936624f,0.9897548700070479f,-2.7905185655398483f,-0.12186934340514743f,0.982377387293752f,0.1417128507648464f,-0.230080460172947f,0f,0f,0f,1f], start_interpolation: 0, interpolation_duration: 1 }
$data merge entity $(bone_frontfootleft) { transformation: [0.992546151641322f,0.1166731699066387f,0.03520665116051789f,0.9016647057014983f,1.145808877764728e-16f,-0.28888849465181377f,0.9573627513423578f,-2.3456702263835663f,0.12186934340514755f,-0.950226714569605f,-0.28673516362011225f,-0.2934152993442989f,0f,0f,0f,1f], start_interpolation: 0, interpolation_duration: 1 }
$data merge entity $(bone_frontlegr) { transformation: [-0.992546151641322f,0.10878707147678893f,-0.054931866357386255f,-0.8735859746505449f,8.673617379884035e-19f,0.45074392642593103f,0.8926532993218222f,-0.8023908310740502f,0.12186934340514734f,0.8859995969918038f,-0.447384149549757f,1.546711299720855f,0f,0f,0f,1f], start_interpolation: 0, interpolation_duration: 1 }
$data merge entity $(bone_frontlegtipright) { transformation: [-0.992546151641322f,0.0667464343235196f,-0.10196592748118274f,-0.7474043883728904f,8.673617379884035e-19f,0.8366823405473115f,0.547688470771727f,-1.1610581832306563f,0.12186934340514734f,0.5436060839627981f,-0.830445837256488f,0.5230005891661684f,0f,0f,0f,1f], start_interpolation: 0, interpolation_duration: 1 }
$data merge entity $(bone_frontfootrightd) { transformation: [-0.992546151641322f,0.12062077613980604f,0.01740015015546046f,-0.8477126448318243f,-7.746752727191188e-17f,-0.14277708953936624f,0.9897548700070479f,-2.747730379106265f,0.12186934340514749f,0.982377387293752f,0.1417128507648464f,-0.2071303152923464f,0f,0f,0f,1f], start_interpolation: 0, interpolation_duration: 1 }
$data merge entity $(bone_frontfootright) { transformation: [0.992546151641322f,-0.1166731699066385f,-0.035206651160518056f,-0.8464094335156127f,1.1284616430049598e-16f,-0.28888849465181377f,0.9573627513423578f,-2.2909211407906938f,-0.12186934340514738f,-0.950226714569605f,-0.28673516362011225f,-0.28333079659342597f,0f,0f,0f,1f], start_interpolation: 0, interpolation_duration: 1 }
$data merge entity $(bone_rearlegl) { transformation: [-1.080694387781476f,0.045698270507893116f,-0.06018653837295106f,0.0001785637234278381f,-3.758567531283082e-18f,0.8628093586513886f,0.6551115338129f,-0.3930983915641614f,0.07556951322280224f,0.6535157150423222f,-0.8607075984183605f,-1.471255842666896f,0f,0f,0f,1f], start_interpolation: 0, interpolation_duration: 1 }
$data merge entity $(bone_rearfootleftd) { transformation: [-0.9975640502598242f,0.037778877185414096f,0.05864061790111204f,0.5356921005789165f,-3.469446951953614e-18f,-0.8406476811917505f,0.5415823816437655f,-2.391600065383694f,0.06975647374412515f,0.5402631141819165f,0.8385999056911719f,-3.6687715566601806f,0f,0f,0f,1f], start_interpolation: 0, interpolation_duration: 1 }
$data merge entity $(bone_rearfootleft) { transformation: [-0.9975640502598242f,0.055556804651954846f,0.04218301893036285f,0.5716375266750353f,-3.469446951953614e-18f,-0.604718338904215f,0.7964394079858975f,-1.9196377647564165f,0.06975647374412515f,0.7944993216169485f,0.6032452754236818f,-3.154728014604281f,0f,0f,0f,1f], start_interpolation: 0, interpolation_duration: 1 }
$data merge entity $(bone_rearlegtipleft) { transformation: [-0.9975640502598242f,0.06802529290963918f,-0.015444259573466608f,0.5782803326667771f,-3.469446951953614e-18f,0.2214025271707103f,0.9751825064891304f,-1.7591841442412768f,0.06975647374412515f,0.9728070109158242f,-0.2208632017421745f,-2.163757273970563f,0f,0f,0f,1f], start_interpolation: 0, interpolation_duration: 1 }
$data merge entity $(bone_rearlegr) { transformation: [-1.080694387781476f,-0.04569827050789328f,0.060186538372951265f,-1.3745741533092581f,3.758567531283082e-18f,0.8628093586513886f,0.6551115338129f,-0.368977150947026f,-0.07556951322280252f,0.6535157150423222f,-0.8607075984183605f,-1.5889760133228987f,0f,0f,0f,1f], start_interpolation: 0, interpolation_duration: 1 }
$data merge entity $(bone_rearfootrightd) { transformation: [-0.9975640502598242f,-0.05864061790111225f,0.037778877185414214f,-0.538437121057488f,3.469446951953614e-18f,0.5415823816437653f,0.8406476811917505f,-2.367478824766559f,-0.0697564737441254f,0.8385999056911719f,-0.5402631141819163f,-3.6905765759180107f,0f,0f,0f,1f], start_interpolation: 0, interpolation_duration: 1 }
$data merge entity $(bone_rearfootright) { transformation: [-0.9975640502598242f,-0.05555680465195504f,-0.04218301893036301f,-0.5743825471536069f,3.469446951953614e-18f,-0.604718338904215f,0.7964394079858975f,-1.895516524139281f,-0.0697564737441254f,0.7944993216169485f,0.6032452754236818f,-3.176533033862111f,0f,0f,0f,1f], start_interpolation: 0, interpolation_duration: 1 }
$data merge entity $(bone_rearlegtipright) { transformation: [-0.9975640502598242f,-0.06802529290963943f,0.015444259573466656f,-0.705720859427827f,3.469446951953614e-18f,0.2214025271707103f,0.9751825064891304f,-1.7350629036241414f,-0.0697564737441254f,0.9728070109158242f,-0.2208632017421745f,-2.1942818524464087f,0f,0f,0f,1f], start_interpolation: 0, interpolation_duration: 1 }
$data merge entity $(bone_tail11) { transformation: [-0.2937340837125001f,-1.7903631671809918e-18f,4.071134304693126e-17f,1.0103117835872613e-15f,0f,0.2937795287680864f,0.00831513049345705f,-1.6327105729711846f,-3.5972050541899386e-17f,0.014619424706188811f,-0.33243334384474016f,-8.249821779558642f,0f,0f,0f,1f], start_interpolation: 0, interpolation_duration: 1 }
$data merge entity $(bone_tail10) { transformation: [-0.39164544495000014f,-3.148892308319602e-18f,5.424293291640295e-17f,9.798001338217846e-16f,0f,0.39151181304389415f,0.016584292826177495f,-1.6420392376859094f,-4.796273405586585e-17f,0.02571265699230158f,-0.4429271603385481f,-8.00067525186821f,0f,0f,0f,1f], start_interpolation: 0, interpolation_duration: 1 }
$data merge entity $(bone_tail9) { transformation: [-0.48955680618750014f,-2.5989489246364593e-18f,6.786807505436729e-17f,9.41624341603703e-16f,0f,0.4897032911370807f,0.011080527482713178f,-1.6482720343949355f,-5.99534175698323e-17f,0.02122202847748379f,-0.55418488907675f,-7.6889462517625375f,0f,0f,0f,1f], start_interpolation: 0, interpolation_duration: 1 }
$data merge entity $(bone_tail8) { transformation: [-0.5759491837500001f,8.445853001422417e-19f,7.989885275555786e-17f,8.966812369287018e-16f,0f,0.5760708657299545f,-0.015109512440307733f,-1.6397729336472624f,-7.053343243509683e-17f,-0.006896562345406726f,-0.6524236441983642f,-7.321957951900957f,0f,0f,0f,1f], start_interpolation: 0, interpolation_duration: 1 }
$data merge entity $(bone_tail7) { transformation: [-0.6775872750000002f,7.241979803714033e-18f,9.372452873702439e-17f,8.439611895141256e-16f,0f,0.6750483677375334f,-0.06280302415748083f,-1.6044462325586795f,-8.298050874717275e-17f,-0.05913525278273042f,-0.7653188560348914f,-6.891466095381331f,0f,0f,0f,1f], start_interpolation: 0, interpolation_duration: 1 }
$data merge entity $(bone_tail6) { transformation: [-0.7971615000000002f,1.6065374468721913e-17f,1.0941972781206569e-16f,7.824125926198386e-16f,0f,0.7872335164873295f,-0.1282019291640833f,-1.5323326474038825f,-9.76241279378503e-17f,-0.1311837378737058f,-0.8934798824301663f,-6.388883661514362f,0f,0f,0f,1f], start_interpolation: 0, interpolation_duration: 1 }
$data merge entity $(bone_tail5) { transformation: [-0.8857350000000002f,2.4472149771713578e-17f,1.2041940770215155e-16f,7.146766757873784e-16f,0f,0.8656053893330755f,-0.19006647696056334f,-1.4254202541135657f,-1.0847125326427811e-16f,-0.19983026770454998f,-0.9832990849769272f,-5.835777926214841f,0f,0f,0f,1f], start_interpolation: 0, interpolation_duration: 1 }
$data merge entity $(bone_tail4) { transformation: [-0.9841500000000002f,3.0919813457147445e-17f,1.3298719712704962e-16f,6.39871377403413e-16f,0f,0.9555063517381962f,-0.237980498357871f,-1.2915562237872633f,-1.205236147380868e-16f,-0.25247943716241306f,-1.0859228735962112f,-5.224946309816972f,0f,0f,0f,1f], start_interpolation: 0, interpolation_duration: 1 }
$data merge entity $(bone_tail3) { transformation: [-1.0935000000000001f,3.356343792610755e-17f,1.4794543925873906e-16f,5.566520678203723e-16f,0f,1.06307473745695f,-0.25873268750140294f,-1.1460190870677243f,-1.339151274867631e-16f,-0.2740662691436888f,-1.208066189874047f,-4.5454090780128205f,0f,0f,0f,1f], start_interpolation: 0, interpolation_duration: 1 }
$data merge entity $(bone_tail2) { transformation: [-1.215f,3.111882156776187e-17f,1.6566353193140614e-16f,4.634663311089563e-16f,0f,1.1911193079375333f,-0.24310411413396263f,-1.0092730228673703f,-1.4879458609640342e-16f,-0.25410446170624873f,-1.3527453960337588f,-3.7844897927438312f,0f,0f,0f,1f], start_interpolation: 0, interpolation_duration: 1 }
$data merge entity $(bone_tail1) { transformation: [-1.35f,2.3346156344681155e-17f,1.858291463562111e-16f,3.5893743628358757e-16f,0f,1.3374148691098902f,-0.18933021983715692f,-0.9027747742089696f,-1.6532731788489269e-16f,-0.19063583362105432f,-1.5174101339716284f,-2.93094659238479f,0f,0f,0f,1f], start_interpolation: 0, interpolation_duration: 1 }
$data merge entity $(bone_tail0) { transformation: [-1.5f,1.1479544908885438e-17f,2.077830447668236e-16f,2.4492935982947064e-16f,0f,1.4970682224806051f,-0.10623594415789928f,-0.46875f,-1.8369701987210297e-16f,-0.09373759778638172f,-1.6966773188113524f,-2f,0f,0f,0f,1f], start_interpolation: 0, interpolation_duration: 1 }