# This file was generated by Animated Java via MC-Build. It is not recommended to edit this file directly.
$data merge entity $(bone_leftwing20) { transformation: [-0.48850123966955444f,2.766478981791247f,0.9271983030936184f,1.9746111501307122f,2.8962792198160505f,0.5735410530035804f,-0.18534684376160063f,-4.574170525827409f,-0.35308544407006015f,0.877143554350097f,-2.8031564289848396f,1.6596806000756268f,0f,0f,0f,1f], start_interpolation: 0, interpolation_duration: 1 }
$data merge entity $(bone_leftwing21) { transformation: [-1.0062581166452587f,2.766330527074055f,0.29267197191234157f,1.9746111501307122f,2.145136846366036f,0.5735102756597501f,1.9545512885454797f,-4.574170525827409f,1.7710531834272099f,0.8770964850973917f,-2.201106367893539f,1.6596806000756268f,0f,0f,0f,1f], start_interpolation: 0, interpolation_duration: 1 }
$data merge entity $(bone_leftwing22) { transformation: [-0.9112924891843504f,2.771672169378474f,-0.5215396029962229f,1.9746111501307122f,0.08431322320073034f,0.574617694574627f,2.9064290733337512f,-4.574170525827409f,2.8190532900947685f,0.8787901134053614f,-0.2555203651987407f,1.6596806000756268f,0f,0f,0f,1f], start_interpolation: 0, interpolation_duration: 1 }
$data merge entity $(bone_leftwing23) { transformation: [-0.25376438871119866f,2.7275144890899616f,-1.0016051074504366f,1.9746111501307122f,-1.999765589540522f,0.5654630100035298f,2.046493004056412f,-4.574170525827409f,2.107957700324208f,0.8647894197817857f,1.8208783697770157f,1.6596806000756268f,0f,0f,0f,1f], start_interpolation: 0, interpolation_duration: 1 }
$data merge entity $(bone_leftwing1) { transformation: [-0.2629227481684491f,1.870295649661688f,0.6579253843348154f,1.5802270278780384f,1.9342236023373243f,0.3877460640024205f,-0.32929021548150406f,-1.6728351223214224f,-0.43548901783716076f,0.5929984592789388f,-1.8597586248317362f,1.0064470733198856f,0f,0f,0f,1f], start_interpolation: 0, interpolation_duration: 1 }
$data merge entity $(bone_leftwing) { transformation: [-0.5951513519186923f,0.9657858799654092f,0.272329971688583f,0.6874999999999999f,0.9902234148809483f,0.5140319256037492f,0.3410863222011784f,-0.1875f,0.1623686177867429f,0.4051418574162057f,-1.0819462179047907f,1.25f,0f,0f,0f,1f], start_interpolation: 0, interpolation_duration: 1 }
$data merge entity $(bone_rightwing20) { transformation: [-0.4885012396695546f,-2.766478981791247f,-0.927198303093618f,-1.9746111501307122f,-2.8962792198160505f,0.5735410530035804f,-0.18534684376160063f,-4.574170525827409f,0.35308544407006f,0.8771435543500962f,-2.8031564289848396f,1.6596806000756263f,0f,0f,0f,1f], start_interpolation: 0, interpolation_duration: 1 }
$data merge entity $(bone_rightwing21) { transformation: [-1.006312117337752f,-2.766478981791247f,-0.2926876781102792f,-1.9746111501307122f,-2.1452519648165427f,0.5735410530035804f,1.9546561792503099f,-4.574170525827409f,-1.7711482267334617f,0.8771435543500962f,-2.201224489940112f,1.6596806000756263f,0f,0f,0f,1f], start_interpolation: 0, interpolation_duration: 1 }
$data merge entity $(bone_rightwing22) { transformation: [-0.9095850315364178f,-2.766478981791247f,0.5205624120345897f,-1.9746111501307122f,-0.08415524839079339f,0.5735410530035804f,2.900983396332861f,-4.574170525827409f,-2.8137713261180783f,0.8771435543500962f,-0.2550416054076317f,1.6596806000756263f,0f,0f,0f,1f], start_interpolation: 0, interpolation_duration: 1 }
$data merge entity $(bone_rightwing23) { transformation: [-0.2537643887111982f,-2.7275144890899616f,1.0016051074504364f,-1.9746111501307122f,1.999765589540522f,0.5654630100035298f,2.046493004056412f,-4.574170525827409f,-2.107957700324208f,0.8647894197817849f,1.8208783697770157f,1.6596806000756263f,0f,0f,0f,1f], start_interpolation: 0, interpolation_duration: 1 }
$data merge entity $(bone_rightwing1) { transformation: [-0.2629227481684493f,-1.870295649661688f,-0.6579253843348151f,-1.5802270278780384f,-1.9342236023373243f,0.3877460640024205f,-0.32929021548150406f,-1.6728351223214224f,0.43548901783716065f,0.5929984592789382f,-1.8597586248317362f,1.0064470733198854f,0f,0f,0f,1f], start_interpolation: 0, interpolation_duration: 1 }
$data merge entity $(bone_rightwing) { transformation: [-0.5951513519186923f,-0.9657858799654092f,-0.2723299716885827f,-0.6875000000000001f,-0.9902234148809483f,0.5140319256037492f,0.3410863222011784f,-0.1875f,-0.16236861778674305f,0.4051418574162054f,-1.0819462179047907f,1.25f,0f,0f,0f,1f], start_interpolation: 0, interpolation_duration: 1 }
$data merge entity $(bone_head) { transformation: [-1.2269070000000002f,6.111754471920301e-18f,1.5012841924009342e-16f,-4.408334661601873e-16f,0f,1.2258915741634129f,-0.0499062625744463f,-1.0528153939156641f,-1.5025277304014817e-16f,-0.0499062625744463f,-1.2258915741634129f,3.5996784253803846f,0f,0f,0f,1f], start_interpolation: 0, interpolation_duration: 1 }
$data merge entity $(bone_neck4) { transformation: [-1.0497600000000002f,6.66271164516452e-18f,1.283857544743084e-16f,-4.3260114676663167e-16f,0f,1.0483492429302517f,-0.05440516930925193f,-1.023454803155922f,-1.2855852238729257e-16f,-0.05440516930925193f,-1.0483492429302517f,3.53245643615633f,0f,0f,0f,1f], start_interpolation: 0, interpolation_duration: 1 }
$data merge entity $(bone_neck3) { transformation: [-1.1664000000000003f,-3.497569899514653e-18f,1.4279997645109255e-16f,-3.7012615706927866e-16f,0f,1.1660502975267273f,0.028559825591752644f,-1.0109598794595303f,-1.428428026525473e-16f,0.028559825591752644f,-1.1660502975267273f,3.0223094309883867f,0f,0f,0f,1f], start_interpolation: 0, interpolation_duration: 1 }
$data merge entity $(bone_neck2) { transformation: [-1.2960000000000003f,-2.0040423522735933e-17f,1.5744391603419668e-16f,-3.3076517806072946e-16f,0f,1.28562713872943f,0.16364247664460363f,-0.9700492602983795f,-1.58714225169497e-16f,0.16364247664460363f,-1.28562713872943f,2.7009026463060293f,0f,0f,0f,1f], start_interpolation: 0, interpolation_duration: 1 }
$data merge entity $(bone_neck1) { transformation: [-1.4400000000000002f,-2.8874345980373914e-17f,1.7396922428257808e-16f,-2.8727287199008495e-16f,0f,1.4205665209242553f,0.2357769276862305f,-0.9111050283768218f,-1.7634913907721887e-16f,0.2357769276862305f,-1.4205665209242553f,2.3457610160749653f,0f,0f,0f,1f], start_interpolation: 0, interpolation_duration: 1 }
$data merge entity $(bone_neck0) { transformation: [-1.6f,-2.0479682504639202e-17f,1.9487029799498112e-16f,-2.372753173347997e-16f,0f,1.5912367396922722f,0.16722929843035522f,-0.96875f,-1.9594348786357652e-16f,0.16722929843035522f,-1.5912367396922722f,1.9375f,0f,0f,0f,1f], start_interpolation: 0, interpolation_duration: 1 }
$data merge entity $(bone_frontlegl) { transformation: [-0.9925461516413221f,-0.10858656832679675f,0.055327154644095766f,0.429611391175245f,0f,0.4539874680391429f,0.8910080689103821f,-0.7593970646539424f,-0.12186934340514757f,0.8843666298783656f,-0.450603514295639f,1.4997731645998886f,0f,0f,0f,1f], start_interpolation: 0, interpolation_duration: 1 }
$data merge entity $(bone_frontlegtipleft) { transformation: [-0.9925461516413221f,-0.0663751493587328f,0.10220800560429552f,0.795417892268976f,0f,0.8386687147768648f,0.5446418886337351f,-1.1959784286985722f,-0.12186934340514757f,0.5405822105860753f,-0.8324174053537508f,0.571895556118547f,0f,0f,0f,1f], start_interpolation: 0, interpolation_duration: 1 }
$data merge entity $(bone_frontfootleftd) { transformation: [-0.9925461516413221f,-0.12068326162142537f,-0.016961345065069293f,0.8823505950980326f,-7.774262131720555e-17f,-0.13917647039979714f,0.9902675951918526f,-2.796809825077917f,-0.12186934340514742f,0.9828862907027797f,0.13813907009434107f,-0.22292877737061972f,0f,0f,0f,1f], start_interpolation: 0, interpolation_duration: 1 }
$data merge entity $(bone_frontfootleft) { transformation: [0.9925461516413221f,0.11654435394066298f,0.035630751136556886f,0.9009837075514033f,1.1354743006680073e-16f,-0.2923684508425113f,0.9563057507680012f,-2.3522012271918884f,0.12186934340514753f,-0.9491775927172447f,-0.2901891807450695f,-0.2878690144931153f,0f,0f,0f,1f], start_interpolation: 0, interpolation_duration: 1 }
$data merge entity $(bone_frontlegr) { transformation: [-0.9925461516413221f,0.10858656832679651f,-0.055327154644095655f,-0.8735904305768983f,0f,0.4539874680391429f,0.8910080689103821f,-0.8025026695340391f,0.12186934340514732f,0.8843666298783656f,-0.450603514295639f,1.546675009112975f,0f,0f,0f,1f], start_interpolation: 0, interpolation_duration: 1 }
$data merge entity $(bone_frontlegtipright) { transformation: [-0.9925461516413221f,0.06637514935873266f,-0.1022080056042953f,-0.7472490652505673f,0f,0.8386687147768648f,0.5446418886337351f,-1.1648071401187892f,0.12186934340514732f,0.5405822105860753f,-0.8324174053537508f,0.5242655944826422f,0f,0f,0f,1f], start_interpolation: 0, interpolation_duration: 1 }
$data merge entity $(bone_frontfootrightd) { transformation: [-0.9925461516413221f,0.12068326162142544f,0.01696134506506916f,-0.8468534654975307f,-7.774262131720555e-17f,-0.13917647039979714f,0.9902675951918526f,-2.754148947928645f,0.12186934340514748f,0.9828862907027797f,0.13813907009434107f,-0.2001328611501038f,0f,0f,0f,1f], start_interpolation: 0, interpolation_duration: 1 }
$data merge entity $(bone_frontfootright) { transformation: [0.9925461516413221f,-0.11654435394066276f,-0.03563075113655703f,-0.8457526653512286f,1.1354743006680073e-16f,-0.2923684508425113f,0.9563057507680012f,-2.297617223698315f,-0.12186934340514737f,-0.9491775927172447f,-0.2901891807450695f,-0.27798184913981805f,0f,0f,0f,1f], start_interpolation: 0, interpolation_duration: 1 }
$data merge entity $(bone_rearlegl) { transformation: [-1.080694387781476f,0.04547907370213317f,-0.06035234199206541f,0.00011974123085956023f,0f,0.8651862508624619f,0.6519692189280625f,-0.39318586884585593f,0.07556951322280224f,0.650381054678612f,-0.86307870063947f,-1.4720970435015037f,0f,0f,0f,1f], start_interpolation: 0, interpolation_duration: 1 }
$data merge entity $(bone_rearfootleftd) { transformation: [-0.9975640502598242f,0.03799189948723309f,0.05850283072268213f,0.5361412916986129f,0f,-0.8386724211042735f,0.5446361813900138f,-2.399511220326275f,0.06975647374412515f,0.5433094750254666f,0.836629457237992f,-3.6623478243719223f,0f,0f,0f,1f], start_interpolation: 0, interpolation_duration: 1 }
$data merge entity $(bone_rearfootleft) { transformation: [-0.9975640502598242f,0.055709854146521944f,0.04198068341735367f,0.5719667433163588f,0f,-0.6018177405489804f,0.7986334623345805f,-1.9256779325398736f,0.06975647374412515f,0.796688031359511f,0.6003517427802568f,-3.150019997290557f,0f,0f,0f,1f], start_interpolation: 0, interpolation_duration: 1 }
$data merge entity $(bone_rearlegtipleft) { transformation: [-0.9975640502598242f,0.0679686732330294f,-0.01569156104906377f,0.5785683859737156f,0f,0.22494773899584192f,0.9743708301876952f,-1.7616283704307627f,0.06975647374412515f,0.9719973118170646f,-0.224399777609482f,-2.159637919763892f,0f,0f,0f,1f], start_interpolation: 0, interpolation_duration: 1 }
$data merge entity $(bone_rearlegr) { transformation: [-1.080694387781476f,-0.04547907370213333f,0.06035234199206562f,-1.3745092212092964f,0f,0.8651862508624619f,0.6519692189280625f,-0.3691432016221097f,-0.07556951322280252f,0.650381054678612f,-0.86307870063947f,-1.5899045856137988f,0f,0f,0f,1f], start_interpolation: 0, interpolation_duration: 1 }
$data merge entity $(bone_rearfootrightd) { transformation: [-0.9975640502598242f,-0.05850283072268234f,0.037991899487233194f,-0.5388802025697912f,0f,0.5446361813900136f,0.8386724211042736f,-2.375468553102529f,-0.0697564737441254f,0.836629457237992f,-0.5433094750254663f,-3.684240215086045f,0f,0f,0f,1f], start_interpolation: 0, interpolation_duration: 1 }
$data merge entity $(bone_rearfootright) { transformation: [-0.9975640502598242f,-0.05570985414652213f,-0.04198068341735382f,-0.5747056541875372f,0f,-0.6018177405489804f,0.7986334623345805f,-1.901635265316127f,-0.0697564737441254f,0.796688031359511f,0.6003517427802568f,-3.17191238800468f,0f,0f,0f,1f], start_interpolation: 0, interpolation_duration: 1 }
$data merge entity $(bone_rearlegtipright) { transformation: [-0.9975640502598242f,-0.06796867323302963f,0.01569156104906382f,-0.7060028031273723f,0f,0.22494773899584192f,0.9743708301876952f,-1.737585703207016f,-0.0697564737441254f,0.9719973118170646f,-0.224399777609482f,-2.1902498696960304f,0f,0f,0f,1f], start_interpolation: 0, interpolation_duration: 1 }
$data merge entity $(bone_tail11) { transformation: [-0.2937340837125001f,-2.514255448316783e-18f,4.0668711563747597e-17f,1.0135666264444542e-15f,0f,0.2936490977772736f,0.013012130796974485f,-1.3409997873155324f,-3.5972050541899386e-17f,0.020530453760768473f,-0.3320852313668132f,-8.276399588437572f,0f,0f,0f,1f], start_interpolation: 0, interpolation_duration: 1 }
$data merge entity $(bone_tail10) { transformation: [-0.39164544495000014f,-5.637455048275613e-18f,5.403519552275686e-17f,9.831718289629035e-16f,0f,0.39045131809257816f,0.033855320557508756f,-1.360043405129131f,-4.796273405586585e-17f,0.046033313868134314f,-0.44123085578942656f,-8.028207232056019f,0f,0f,0f,1f], start_interpolation: 0, interpolation_duration: 1 }
$data merge entity $(bone_tail9) { transformation: [-0.48955680618750014f,-7.800277597123684e-18f,6.746113328966828e-17f,9.452249414874652e-16f,0f,0.487561396317778f,0.04776408194685944f,-1.3869107012242394f,-5.99534175698323e-17f,0.06369410022999727f,-0.5508619573956944f,-7.718347381020941f,0f,0f,0f,1f], start_interpolation: 0, interpolation_duration: 1 }
$data merge entity $(bone_tail8) { transformation: [-0.5759491837500001f,-7.389017276669718e-18f,7.955239910067281e-17f,9.004767169933367e-16f,0f,0.5747206229249173f,0.043274791699711615f,-1.4112527715553271f,-7.053343243509683e-17f,0.06033590486509451f,-0.649594635417006f,-7.352950398598875f,0f,0f,0f,1f], start_interpolation: 0, interpolation_duration: 1 }
$data merge entity $(bone_tail7) { transformation: [-0.6775872750000002f,-3.920762781103468e-18f,9.391209343079103e-17f,8.476511644385168e-16f,0f,0.6778563603422243f,0.016450505155384265f,-1.4205061807052308f,-8.298050874717275e-17f,0.03201545771265035f,-0.7668504379889476f,-6.921597027230091f,0f,0f,0f,1f], start_interpolation: 0, interpolation_duration: 1 }
$data merge entity $(bone_tail6) { transformation: [-0.7971615000000002f,2.8356296368802608e-18f,1.105446985555368e-16f,7.854697715010273e-16f,0f,0.7969718238120796f,-0.034376519550335174f,-1.4011693884581673f,-9.76241279378503e-17f,-0.023154673158453f,-0.9026659656686511f,-6.413847421541475f,0f,0f,0f,1f], start_interpolation: 0, interpolation_duration: 1 }
$data merge entity $(bone_tail5) { transformation: [-0.8857350000000002f,1.1498823189523022e-17f,1.2232859309127495e-16f,7.166599378871852e-16f,0f,0.8808746749625062f,-0.09834605520093063f,-1.3458497324076437f,-1.0847125326427811e-16f,-0.09389501689408694f,-0.9988887667566264f,-5.851972490240873f,0f,0f,0f,1f], start_interpolation: 0, interpolation_duration: 1 }
$data merge entity $(bone_tail4) { transformation: [-0.9841500000000002f,1.993845472977048e-17f,1.350559948850464e-16f,6.406909407643466e-16f,0f,0.9716109478272039f,-0.16082194000852834f,-1.2553873911528466f,-1.205236147380868e-16f,-0.162809838262366f,-1.102815889275811f,-5.231638552523229f,0f,0f,0f,1f], start_interpolation: 0, interpolation_duration: 1 }
$data merge entity $(bone_tail3) { transformation: [-1.0935000000000001f,2.5934870823782592e-17f,1.494551567265071e-16f,5.566224151056863e-16f,0f,1.0747129138003253f,-0.2058861431235753f,-1.1395764356458356f,-1.339151274867631e-16f,-0.21177429150869834f,-1.2203939685349572f,-4.545166945222316f,0f,0f,0f,1f], start_interpolation: 0, interpolation_duration: 1 }
$data merge entity $(bone_tail2) { transformation: [-1.215f,2.7442865716411837e-17f,1.6629381102868851e-16f,4.63082146402049e-16f,0f,1.1959756271892141f,-0.21888385032743915f,-1.016454269836651f,-1.4879458609640342e-16f,-0.22408800427616052f,-1.357892015432276f,-3.7813526865416605f,0f,0f,0f,1f], start_interpolation: 0, interpolation_duration: 1 }
$data merge entity $(bone_tail1) { transformation: [-1.35f,2.3107934186057577e-17f,1.858388436355376e-16f,3.585477968570591e-16f,0f,1.3374946729124564f,-0.19007899822535712f,-0.9095348333348876f,-1.6532731788489269e-16f,-0.18869060207519606f,-1.5174893182665061f,-2.927764945016751f,0f,0f,0f,1f], start_interpolation: 0, interpolation_duration: 1 }
$data merge entity $(bone_tail0) { transformation: [-1.5f,1.2812809310368715e-17f,2.0768291440920999e-16f,2.4492935982947064e-16f,0f,1.4963467874055865f,-0.11857446485953957f,-0.46875f,-1.8369701987210297e-16f,-0.1046245278172408f,-1.6958596923929978f,-2f,0f,0f,0f,1f], start_interpolation: 0, interpolation_duration: 1 }