# This file was generated by Animated Java via MC-Build. It is not recommended to edit this file directly.
$data merge entity $(bone_leftwing20) { transformation: [-0.23799106288272848f,2.8745928805503866f,0.6571241406219148f,1.7908598795475228f,2.930923926331195f,0.30297473750415493f,-0.2638699634379302f,-4.575829838570227f,-0.32369940246839424f,0.6298080585658057f,-2.8723329572523952f,1.6373766777800158f,0f,0f,0f,1f], start_interpolation: 0, interpolation_duration: 1 }
$data merge entity $(bone_leftwing21) { transformation: [-0.6379837947329339f,2.874438624228205f,0.2852650323516173f,1.7908598795475228f,2.2256835644411437f,0.30295847928232544f,1.9249274522139395f,-4.575829838570227f,1.84122410752034f,0.6297742618235079f,-2.228020428656327f,1.6373766777800158f,0f,0f,0f,1f], start_interpolation: 0, interpolation_duration: 1 }
$data merge entity $(bone_leftwing22) { transformation: [-0.6496352694779406f,2.879989017721087f,-0.2612689175939097f,1.7908598795475228f,0.16172446870317933f,0.3035434765606979f,2.943863231691405f,-4.575829838570227f,2.887289972572454f,0.6309903236087021f,-0.2236783374383571f,1.6373766777800158f,0f,0f,0f,1f], start_interpolation: 0, interpolation_duration: 1 }
$data merge entity $(bone_leftwing23) { transformation: [-0.25913807527233035f,2.834105656880663f,-0.6384645863519932f,1.7908598795475228f,-1.9733468123381144f,0.2987074876801527f,2.12688049487583f,-4.575829838570227f,2.132063381005264f,0.6209375225296675f,1.8909486447113162f,1.6373766777800158f,0f,0f,0f,1f], start_interpolation: 0, interpolation_duration: 1 }
$data merge entity $(bone_leftwing1) { transformation: [-0.1135768876688821f,1.9433867361467403f,0.4586374214522512f,1.6204945480441997f,1.9519680653168197f,0.20482799155210474f,-0.3845336992515006f,-1.6478777405949978f,-0.4206197363067534f,0.4257857297346292f,-1.9083462866533387f,1.0064470733198856f,0f,0f,0f,1f], start_interpolation: 0, interpolation_duration: 1 }
$data merge entity $(bone_leftwing) { transformation: [-0.6219963653627999f,0.9648018694057969f,0.20830022894288294f,0.6874999999999999f,0.9735851603966653f,0.5592030508497596f,0.3170725382098426f,-0.1875f,0.16236861778674297f,0.3428708383961986f,-1.103262041061244f,1.25f,0f,0f,0f,1f], start_interpolation: 0, interpolation_duration: 1 }
$data merge entity $(bone_rightwing20) { transformation: [-0.2379910628827287f,-2.8745928805503866f,-0.6571241406219142f,-1.790859879547523f,-2.930923926331195f,0.30297473750415493f,-0.2638699634379302f,-4.575829838570227f,0.32369940246839424f,0.6298080585658051f,-2.8723329572523952f,1.6373766777800154f,0f,0f,0f,1f], start_interpolation: 0, interpolation_duration: 1 }
$data merge entity $(bone_rightwing21) { transformation: [-0.6380180320385965f,-2.8745928805503866f,-0.28528034105724254f,-1.790859879547523f,-2.225803005419322f,0.30297473750415493f,1.9250307531599893f,-4.575829838570227f,-1.8413229165388192f,0.6298080585658051f,-2.2281399950419765f,1.6373766777800154f,0f,0f,0f,1f], start_interpolation: 0, interpolation_duration: 1 }
$data merge entity $(bone_rightwing22) { transformation: [-0.648418070036047f,-2.8745928805503866f,0.26077938693629205f,-1.790859879547523f,-0.16142145108345538f,0.30297473750415493f,2.9383474155850795f,-4.575829838570227f,-2.8818801558517233f,0.6298080585658051f,-0.22325923896836133f,1.6373766777800154f,0f,0f,0f,1f], start_interpolation: 0, interpolation_duration: 1 }
$data merge entity $(bone_rightwing23) { transformation: [-0.2591380752723298f,-2.834105656880663f,0.638464586351993f,-1.790859879547523f,1.9733468123381144f,0.2987074876801527f,2.12688049487583f,-4.575829838570227f,-2.132063381005264f,0.6209375225296669f,1.8909486447113162f,1.6373766777800154f,0f,0f,0f,1f], start_interpolation: 0, interpolation_duration: 1 }
$data merge entity $(bone_rightwing1) { transformation: [-0.1135768876688823f,-1.9433867361467403f,-0.45863742145225084f,-1.6204945480441997f,-1.9519680653168197f,0.20482799155210474f,-0.3845336992515006f,-1.6478777405949978f,0.4206197363067534f,0.4257857297346288f,-1.9083462866533387f,1.0064470733198854f,0f,0f,0f,1f], start_interpolation: 0, interpolation_duration: 1 }
$data merge entity $(bone_rightwing) { transformation: [-0.6219963653627999f,-0.9648018694057969f,-0.20830022894288266f,-0.6875000000000001f,-0.9735851603966653f,0.5592030508497596f,0.3170725382098426f,-0.1875f,-0.16236861778674308f,0.3428708383961983f,-1.103262041061244f,1.25f,0f,0f,0f,1f], start_interpolation: 0, interpolation_duration: 1 }
$data merge entity $(bone_head) { transformation: [-1.2269070000000002f,8.11335008020377e-18f,1.5003356076801732e-16f,-4.412539298134568e-16f,0f,1.2251169959573367f,-0.06625053105803734f,-1.004310187316748f,-1.5025277304014817e-16f,-0.06625053105803734f,-1.2251169959573367f,3.6031117716608168f,0f,0f,0f,1f], start_interpolation: 0, interpolation_duration: 1 }
$data merge entity $(bone_neck4) { transformation: [-1.0497600000000002f,1.0296365499183374e-17f,1.281455365430698e-16f,-4.3292307235766546e-16f,0f,1.0463877146642584f,-0.08407620471757332f,-0.9768653340283381f,-1.2855852238729257e-16f,-0.08407620471757332f,-1.0463877146642584f,3.5350851580968765f,0f,0f,0f,1f], start_interpolation: 0, interpolation_duration: 1 }
$data merge entity $(bone_neck3) { transformation: [-1.1664000000000003f,3.0877653372619925e-18f,1.4280942537121485e-16f,-3.70443948757759e-16f,0f,1.1661274538148005f,-0.025213517394662835f,-0.987896247888503f,-1.428428026525473e-16f,-0.025213517394662835f,-1.1661274538148005f,3.024904397052901f,0f,0f,0f,1f], start_interpolation: 0, interpolation_duration: 1 }
$data merge entity $(bone_neck2) { transformation: [-1.2960000000000003f,-1.3174221709470532e-17f,1.5816651084696633e-16f,-3.309023210460174e-16f,0f,1.2915275731507894f,0.10757568401471293f,-0.9610023268848248f,-1.58714225169497e-16f,0.10757568401471293f,-1.2915275731507894f,2.7020225037652037f,0f,0f,0f,1f], start_interpolation: 0, interpolation_duration: 1 }
$data merge entity $(bone_neck1) { transformation: [-1.4400000000000002f,-2.4898164853287e-17f,1.7458264587356567e-16f,-2.87256659577626e-16f,0f,1.4255754883376734f,0.20330894483717324f,-0.9101750906755315f,-1.7634913907721887e-16f,0.20330894483717324f,-1.4255754883376734f,2.3456286316807855f,0f,0f,0f,1f], start_interpolation: 0, interpolation_duration: 1 }
$data merge entity $(bone_neck0) { transformation: [-1.6f,-2.0035682030121028e-17f,1.9491644846377498e-16f,-2.372753173347997e-16f,0f,1.5916135868683394f,0.1636037594192109f,-0.96875f,-1.9594348786357652e-16f,0.1636037594192109f,-1.5916135868683394f,1.9375f,0f,0f,0f,1f], start_interpolation: 0, interpolation_duration: 1 }
$data merge entity $(bone_frontlegl) { transformation: [-0.9925461516413221f,-0.10862855190562867f,0.055244679136437394f,0.4296064780559212f,-8.673617379884035e-19f,0.4533107145148034f,0.8913525655463602f,-0.7594265597929034f,-0.12186934340514756f,0.884708558688659f,-0.44993180518944614f,1.4998131787457034f,0f,0f,0f,1f], start_interpolation: 0, interpolation_duration: 1 }
$data merge entity $(bone_frontlegtipleft) { transformation: [-0.9925461516413221f,-0.06645274595837222f,0.1021575715088893f,0.7954533492378166f,-8.673617379884035e-19f,0.8382548773506752f,0.5452786082341802f,-1.1952745750494034f,-0.12186934340514756f,0.5412141841751716f,-0.8320066526089811f,0.5716067822810222f,0f,0f,0f,1f], start_interpolation: 0, interpolation_duration: 1 }
$data merge entity $(bone_frontfootleftd) { transformation: [-0.9925461516413221f,-0.12067034654808316f,-0.01705298583730311f,0.8825341750941802f,-7.873373313625576e-17f,-0.13992842958553886f,0.990161620440686f,-2.795498381895541f,-0.1218693434051474f,0.9827811058713383f,0.13888542429034045f,-0.2244239164564929f,0f,0f,0f,1f], start_interpolation: 0, interpolation_duration: 1 }
$data merge entity $(bone_frontfootleft) { transformation: [0.9925461516413221f,0.11657137797298883f,0.0355422382452252f,0.9011261382947948f,1.1444959660558281e-16f,-0.29164215751181344f,0.9565274967097678f,-2.3508392403989022f,0.12186934340514752f,-0.9493976857983873f,-0.28946830109472255f,-0.2890290198092904f,0f,0f,0f,1f], start_interpolation: 0, interpolation_duration: 1 }
$data merge entity $(bone_frontlegr) { transformation: [-0.9925461516413221f,0.10862855190562845f,-0.05524467913643728f,-0.8735895042791382f,8.673617379884035e-19f,0.4533107145148034f,0.8913525655463602f,-0.8024793068074731f,0.12186934340514731f,0.884708558688659f,-0.44993180518944614f,1.5466825532028294f,0f,0f,0f,1f], start_interpolation: 0, interpolation_duration: 1 }
$data merge entity $(bone_frontlegtipright) { transformation: [-0.9925461516413221f,0.0664527459583721f,-0.10215757150888909f,-0.747281633795292f,8.673617379884035e-19f,0.8382548773506752f,0.5452786082341802f,-1.16402474509206f,0.12186934340514731f,0.5412141841751716f,-0.8320066526089811f,0.5240003449717487f,0f,0f,0f,1f], start_interpolation: 0, interpolation_duration: 1 }
$data merge entity $(bone_frontfootrightd) { transformation: [-0.9925461516413221f,0.12067034654808327f,0.01705298583730297f,-0.8470330961519567f,-7.699900966027895e-17f,-0.13992842958553886f,0.990161620440686f,-2.752810876032836f,0.12186934340514746f,0.9827811058713383f,0.13888542429034045f,-0.20159583542883333f,0f,0f,0f,1f], start_interpolation: 0, interpolation_duration: 1 }
$data merge entity $(bone_frontfootright) { transformation: [0.9925461516413221f,-0.11657137797298862f,-0.03554223824522536f,-0.8458900429452223f,1.12714873129606e-16f,-0.29164215751181344f,0.9565274967097678f,-2.2962207082235837f,-0.12186934340514735f,-0.9493976857983873f,-0.28946830109472255f,-0.27910069985674435f,0f,0f,0f,1f], start_interpolation: 0, interpolation_duration: 1 }
$data merge entity $(bone_rearlegl) { transformation: [-1.080694387781476f,0.04552489155421976f,-0.06031778823620619f,0.0001320214668182329f,3.758567531283082e-18f,0.86469090248826f,0.6526260447340033f,-0.3931673503629808f,0.07556951322280224f,0.6510362804899017f,-0.8625845589090113f,-1.4719214279455046f,0f,0f,0f,1f], start_interpolation: 0, interpolation_duration: 1 }
$data merge entity $(bone_rearfootleftd) { transformation: [-0.9975640502598242f,0.03794746206778181f,0.0585316645229664f,0.5360473353215417f,3.469446951953614e-18f,-0.8390857705575447f,0.5439991448962502f,-2.397861314727762f,0.06975647374412515f,0.5426739903205844f,0.8370417997927699f,-3.663691463163108f,0f,0f,0f,1f], start_interpolation: 0, interpolation_duration: 1 }
$data merge entity $(bone_rearfootleft) { transformation: [-0.9975640502598242f,0.055677958371882656f,0.04202297681927976f,0.5718978766812819f,3.469446951953614e-18f,-0.6024240412929259f,0.7981762176814711f,-1.9244181702333663f,0.06975647374412515f,0.7962319005313954f,0.6009565666060628f,-3.1510048360550154f,0f,0f,0f,1f], start_interpolation: 0, interpolation_duration: 1 }
$data merge entity $(bone_rearlegtipleft) { transformation: [-0.9975640502598242f,0.06798056964981598f,-0.015639941793412795f,0.5785081895519472f,3.469446951953614e-18f,0.22420774666422966f,0.9745413723058394f,-1.7611192593382516f,0.06975647374412515f,0.9721674385031804f,-0.22366158786199747f,-2.1604987687014523f,0f,0f,0f,1f], start_interpolation: 0, interpolation_duration: 1 }
$data merge entity $(bone_rearlegr) { transformation: [-1.080694387781476f,-0.045524891554219925f,0.0603177882362064f,-1.3745227754777098f,-3.758567531283082e-18f,0.86469090248826f,0.6526260447340033f,-0.3691082507928199f,-0.07556951322280252f,0.6510362804899017f,-0.8625845589090113f,-1.5897107505448644f,0f,0f,0f,1f], start_interpolation: 0, interpolation_duration: 1 }
$data merge entity $(bone_rearfootrightd) { transformation: [-0.9975640502598242f,-0.03794746206778194f,-0.0585316645229666f,-0.5387875202251746f,-3.469446951953614e-18f,-0.8390857705575447f,0.5439991448962502f,-2.3738022151576006f,-0.0697564737441254f,0.5426739903205844f,0.8370417997927699f,-3.6855656343642957f,0f,0f,0f,1f], start_interpolation: 0, interpolation_duration: 1 }
$data merge entity $(bone_rearfootright) { transformation: [-0.9975640502598242f,-0.05567795837188285f,-0.042022976819279904f,-0.5746380615849149f,-3.469446951953614e-18f,-0.6024240412929259f,0.7981762176814711f,-1.9003590706632052f,-0.0697564737441254f,0.7962319005313954f,0.6009565666060628f,-3.172879007256203f,0f,0f,0f,1f], start_interpolation: 0, interpolation_duration: 1 }
$data merge entity $(bone_rearlegtipright) { transformation: [-0.9975640502598242f,-0.06798056964981622f,0.015639941793412847f,-0.7059438807380585f,-3.469446951953614e-18f,0.22420774666422966f,0.9745413723058394f,-1.7370601597680906f,-0.0697564737441254f,0.9721674385031804f,-0.22366158786199747f,-2.1910924991206557f,0f,0f,0f,1f], start_interpolation: 0, interpolation_duration: 1 }
$data merge entity $(bone_tail11) { transformation: [-0.2937340837125001f,-2.6967001389225243e-18f,4.065796773560062e-17f,1.0147050421205606e-15f,0f,0.29357363521206886f,0.014439458867473453f,-1.1535812704345492f,-3.5972050541899386e-17f,0.022020227716269488f,-0.3319975013522942f,-8.285695457882532f,0f,0f,0f,1f], start_interpolation: 0, interpolation_duration: 1 }
$data merge entity $(bone_tail10) { transformation: [-0.39164544495000014f,-6.488261370724608e-18f,5.394091694923761e-17f,9.843632763366144e-16f,0f,0.3898427397686599f,0.04014886254264438f,-1.1761650056147865f,-4.796273405586585e-17f,0.052980674715697534f,-0.44046101281441624f,-8.037936138174423f,0f,0f,0f,1f], start_interpolation: 0, interpolation_duration: 1 }
$data merge entity $(bone_tail9) { transformation: [-0.48955680618750014f,-9.870712855637534e-18f,6.719100845120084e-17f,9.46568334082814e-16f,0f,0.4858244476729484f,0.06291165409597921f,-1.2115528110437748f,-5.99534175698323e-17f,0.08060048711603959f,-0.548656220699567f,-7.729317014030916f,0f,0f,0f,1f], start_interpolation: 0, interpolation_duration: 1 }
$data merge entity $(bone_tail8) { transformation: [-0.5759491837500001f,-1.1035447602749946e-17f,7.913088226474094e-17f,9.020572128088972e-16f,0f,0.5720830627647746f,0.06984085215899405f,-1.250838290383209f,-7.053343243509683e-17f,0.09011126808507772f,-0.6461526892475034f,-7.365856126329195f,0f,0f,0f,1f], start_interpolation: 0, interpolation_duration: 1 }
$data merge entity $(bone_tail7) { transformation: [-0.6775872750000002f,-9.339566113143377e-18f,9.353093425709031e-17f,8.494460622892839e-16f,0f,0.6757329462351224f,0.055834992490439495f,-1.2822454736590811f,-8.298050874717275e-17f,0.07626334482436853f,-0.7637380371402611f,-6.936253480437799f,0f,0f,0f,1f], start_interpolation: 0, interpolation_duration: 1 }
$data merge entity $(bone_tail6) { transformation: [-0.7971615000000002f,-4.188357132885698e-18f,1.1050427864898644e-16f,7.87287405549229e-16f,0f,0.7975166373378559f,0.016590843718114624f,-1.2915778232505206f,-9.76241279378503e-17f,0.034200531416909735f,-0.9023359120843971f,-6.428689529890326f,0f,0f,0f,1f], start_interpolation: 0, interpolation_duration: 1 }
$data merge entity $(bone_tail5) { transformation: [-0.8857350000000002f,3.92248256308383e-18f,1.228080675605492e-16f,7.182078675464201e-16f,0f,0.8852569396072917f,-0.0434239101292123f,-1.2671518738028387f,-1.0847125326427811e-16f,-0.03202950079822863f,-1.0028039729173586f,-5.864612295124312f,0f,0f,0f,1f], start_interpolation: 0, interpolation_duration: 1 }
$data merge entity $(bone_tail4) { transformation: [-0.9841500000000002f,1.2755886040303405e-17f,1.3592576994829046e-16f,6.417496219505067e-16f,0f,0.9787784671840571f,-0.10875037651138662f,-1.2059797870151836f,-1.205236147380868e-16f,-0.1041597140431392f,-1.109918141646451f,-5.240283340448183f,0f,0f,0f,1f], start_interpolation: 0, interpolation_duration: 1 }
$data merge entity $(bone_tail3) { transformation: [-1.0935000000000001f,2.0056921493364664e-17f,1.5036039291606742e-16f,5.571719009352188e-16f,0f,1.0819869771920445f,-0.16318708106647511f,-1.1141870539152914f,-1.339151274867631e-16f,-0.1637771927981935f,-1.2277857829763994f,-4.549653837523959f,0f,0f,0f,1f], start_interpolation: 0, interpolation_duration: 1 }
$data merge entity $(bone_tail2) { transformation: [-1.215f,2.350403019282396e-17f,1.6690002890422778e-16f,4.632906346765907e-16f,0f,1.200852585143753f,-0.19008714028552484f,-1.0072630375046836f,-1.4879458609640342e-16f,-0.1919249714218694f,-1.3628421600450848f,-3.7830551224985984f,0f,0f,0f,1f], start_interpolation: 0, interpolation_duration: 1 }
$data merge entity $(bone_tail1) { transformation: [-1.35f,2.125737971381371e-17f,1.8606397203277406e-16f,3.5862965040815524e-16f,0f,1.3393473646112846f,-0.17624494754861902f,-0.9081252545085854f,-1.6532731788489269e-16f,-0.1735796780640257f,-1.5193276311367414f,-2.9284333299841814f,0f,0f,0f,1f], start_interpolation: 0, interpolation_duration: 1 }
$data merge entity $(bone_tail0) { transformation: [-1.5f,1.2534478737077534e-17f,2.0770472935636266e-16f,2.4492935982947064e-16f,0f,1.4965039631953339f,-0.11599869103955902f,-0.46875f,-1.8369701987210297e-16f,-0.10235178621137561f,-1.6960378249547117f,-2f,0f,0f,0f,1f], start_interpolation: 0, interpolation_duration: 1 }