# This file was generated by Animated Java via MC-Build. It is not recommended to edit this file directly.
$data merge entity $(bone_leftwing20) { transformation: [-0.17547915588935212f,2.929142989337572f,0.3755855760995362f,1.8829850590889876f,2.9299612427823107f,0.21972090961593646f,-0.34465337483069897f,-4.478192681015847f,-0.3691480634555803f,0.35153972891154933f,-2.914084013434565f,1.6876386225557962f,0f,0f,0f,1f], start_interpolation: 0, interpolation_duration: 1 }
$data merge entity $(bone_leftwing21) { transformation: [-0.39205067845965896f,2.9289858057489893f,0.13466729639969027f,1.8829850590889876f,2.283122468827478f,0.21970911895867395f,1.8681211312066623f,-4.478192681015847f,1.8396860936947315f,0.351520864596519f,-2.2897128693132847f,1.6876386225557962f,0f,0f,0f,1f], start_interpolation: 0, interpolation_duration: 1 }
$data merge entity $(bone_leftwing22) { transformation: [-0.36992576257343174f,2.934641527050514f,-0.18883381778572034f,1.8829850590889876f,0.2426438821401258f,0.22013336599387462f,2.9457239212934763f,-4.478192681015847f,2.9306830346335437f,0.3521996333491455f,-0.26772474974177063f,1.6876386225557962f,0f,0f,0f,1f], start_interpolation: 0, interpolation_duration: 1 }
$data merge entity $(bone_leftwing23) { transformation: [-0.11920642861657404f,2.887887454276479f,-0.39094798023961874f,1.8829850590889876f,-1.9193481553763763f,0.21662624891712043f,2.1854336345855567f,-4.478192681015847f,2.192906046841547f,0.3465884651240627f,1.8915559600533007f,1.6876386225557962f,0f,0f,0f,1f], start_interpolation: 0, interpolation_duration: 1 }
$data merge entity $(bone_leftwing1) { transformation: [-0.09144235241747983f,1.980265682932443f,0.26492663358835916f,1.7458215304627678f,1.9456120704651594f,0.1485437135431683f,-0.43878062448913907f,-1.5597745753181083f,-0.45412769949060705f,0.2376606617993573f,-1.9332060010222554f,1.0064470733198856f,0f,0f,0f,1f], start_interpolation: 0, interpolation_duration: 1 }
$data merge entity $(bone_leftwing) { transformation: [-0.7055476869751786f,0.9221907764191135f,0.11348014981748543f,0.6874999999999999f,0.914849716878739f,0.6645905283625227f,0.28719424828646f,-0.1875f,0.16236861778674289f,0.2626684461625461f,-1.1250568121031435f,1.25f,0f,0f,0f,1f], start_interpolation: 0, interpolation_duration: 1 }
$data merge entity $(bone_rightwing20) { transformation: [-0.17547915588935237f,-2.929142989337572f,-0.3755855760995355f,-1.8829850590889878f,-2.9299612427823107f,0.21972090961593646f,-0.34465337483069897f,-4.478192681015847f,0.36914806345558016f,0.35153972891154867f,-2.914084013434565f,1.6876386225557958f,0f,0f,0f,1f], start_interpolation: 0, interpolation_duration: 1 }
$data merge entity $(bone_rightwing21) { transformation: [-0.39207171780113503f,-2.929142989337572f,-0.1346745233001653f,-1.8829850590889878f,-2.283244992255936f,0.21972090961593646f,1.868221383649926f,-4.478192681015847f,-1.8397848201759268f,0.35153972891154867f,-2.289835746414606f,1.6876386225557958f,0f,0f,0f,1f], start_interpolation: 0, interpolation_duration: 1 }
$data merge entity $(bone_rightwing22) { transformation: [-0.36923264529224026f,-2.929142989337572f,0.1884800063034653f,-1.8829850590889878f,-0.24218924857603832f,0.21972090961593646f,2.940204618876521f,-4.478192681015847f,-2.925191913812798f,0.35153972891154867f,-0.26722312301170015f,1.6876386225557958f,0f,0f,0f,1f], start_interpolation: 0, interpolation_duration: 1 }
$data merge entity $(bone_rightwing23) { transformation: [-0.11920642861657338f,-2.887887454276479f,0.39094798023961846f,-1.8829850590889878f,1.9193481553763763f,0.21662624891712043f,2.1854336345855567f,-4.478192681015847f,-2.192906046841547f,0.346588465124062f,1.8915559600533007f,1.6876386225557958f,0f,0f,0f,1f], start_interpolation: 0, interpolation_duration: 1 }
$data merge entity $(bone_rightwing1) { transformation: [-0.09144235241748006f,-1.980265682932443f,-0.2649266335883587f,-1.7458215304627678f,-1.9456120704651594f,0.1485437135431683f,-0.43878062448913907f,-1.5597745753181083f,0.45412769949060694f,0.23766066179935683f,-1.9332060010222554f,1.0064470733198854f,0f,0f,0f,1f], start_interpolation: 0, interpolation_duration: 1 }
$data merge entity $(bone_rightwing) { transformation: [-0.7055476869751786f,-0.9221907764191135f,-0.11348014981748514f,-0.6875000000000001f,-0.914849716878739f,0.6645905283625227f,0.28719424828646f,-0.1875f,-0.16236861778674308f,0.26266844616254587f,-1.1250568121031435f,1.25f,0f,0f,0f,1f], start_interpolation: 0, interpolation_duration: 1 }
$data merge entity $(bone_head) { transformation: [-1.2269070000000002f,9.7109414217255e-18f,1.499386321898332e-16f,-4.4143323122678497e-16f,0f,1.2243418452914452f,-0.07929585435152924f,-0.9506189121018613f,-1.5025277304014817e-16f,-0.07929585435152924f,-1.2243418452914452f,3.6045758788095306f,0f,0f,0f,1f], start_interpolation: 0, interpolation_duration: 1 }
$data merge entity $(bone_neck4) { transformation: [-1.0497600000000002f,1.3412369912997046e-17f,1.2785695918377275e-16f,-4.33023034718018e-16f,0f,1.044031301700962f,-0.10952031167137546f,-0.9248379534031672f,-1.2855852238729257e-16f,-0.10952031167137546f,-1.044031301700962f,3.53590141271349f,0f,0f,0f,1f], start_interpolation: 0, interpolation_duration: 1 }
$data merge entity $(bone_neck3) { transformation: [-1.1664000000000003f,9.513406254287893e-18f,1.4252565162480556e-16f,-3.7066806213216557e-16f,0f,1.1638102653274192f,-0.0776828573014807f,-0.958824203472565f,-1.428428026525473e-16f,-0.0776828573014807f,-1.1638102653274192f,3.026734421632744f,0f,0f,0f,1f], start_interpolation: 0, interpolation_duration: 1 }
$data merge entity $(bone_neck2) { transformation: [-1.2960000000000003f,-5.6280226689026435e-18f,1.5861440865190056e-16f,-3.310144599691904e-16f,0f,1.2951849362798653f,0.04595629264552924f,-0.9473351303111828f,-1.58714225169497e-16f,0.04595629264552924f,-1.2951849362798653f,2.702938187562778f,0f,0f,0f,1f], start_interpolation: 0, interpolation_duration: 1 }
$data merge entity $(bone_neck1) { transformation: [-1.4400000000000002f,-1.9675655446373935e-17f,1.752480739866543e-16f,-2.8720244147252683e-16f,0f,1.4310091212312712f,0.1606639192628674f,-0.9071691504954659f,-1.7634913907721887e-16f,0.1606639192628674f,-1.4310091212312712f,2.34518590725496f,0f,0f,0f,1f], start_interpolation: 0, interpolation_duration: 1 }
$data merge entity $(bone_neck0) { transformation: [-1.6f,-1.859878404134221e-17f,1.9505880054057308e-16f,-2.372753173347997e-16f,0f,1.5927759797876466f,0.15187059692877497f,-0.96875f,-1.9594348786357652e-16f,0.15187059692877497f,-1.5927759797876466f,1.9375f,0f,0f,0f,1f], start_interpolation: 0, interpolation_duration: 1 }
$data merge entity $(bone_frontlegl) { transformation: [-0.9925461516413221f,-0.10876392600864249f,0.05497767966355372f,0.42959060442748637f,0f,0.4511198479242119f,0.8924633789735218f,-0.7595221765336984f,-0.12186934340514756f,0.8858110922809799f,-0.4477572689861949f,1.4999424590747457f,0f,0f,0f,1f], start_interpolation: 0, interpolation_duration: 1 }
$data merge entity $(bone_frontlegtipleft) { transformation: [-0.9925461516413221f,-0.06670348310703855f,0.10199403023408189f,0.7955675947288626f,0f,0.8369129379405011f,0.5473360341762628f,-1.1929963270104826f,-0.12186934340514756f,0.5432562743762728f,-0.830674715811677f,0.5706763274241092f,0f,0f,0f,1f], start_interpolation: 0, interpolation_duration: 1 }
$data merge entity $(bone_frontfootleftd) { transformation: [-0.9925461516413221f,-0.12062809391514648f,-0.017349346396920734f,0.8831271647026772f,-7.826635487811133e-17f,-0.14236021883898864f,0.9898149160788171f,-2.7912484603251104f,-0.1218693434051474f,0.9824369857912079f,0.1412990873554547f,-0.22925342925628106f,0f,0f,0f,1f], start_interpolation: 0, interpolation_duration: 1 }
$data merge entity $(bone_frontfootleft) { transformation: [0.9925461516413221f,0.11665833146728961f,0.035255787627987534f,0.9015859915800657f,1.136943684077307e-16f,-0.2892916843802289f,0.957240994394019f,-2.346427583002037f,0.12186934340514752f,-0.9501058651790958f,-0.28713534803343194f,-0.29277422427057864f,0f,0f,0f,1f], start_interpolation: 0, interpolation_duration: 1 }
$data merge entity $(bone_frontlegr) { transformation: [-0.9925461516413221f,0.10876392600864225f,-0.054977679663553616f,-0.873586493202571f,0f,0.4511198479242119f,0.8924633789735218f,-0.8024037756092228f,0.12186934340514731f,0.8858110922809799f,-0.4477572689861949f,1.546707076453514f,0f,0f,0f,1f], start_interpolation: 0, interpolation_duration: 1 }
$data merge entity $(bone_frontlegtipright) { transformation: [-0.9925461516413221f,0.06670348310703841f,-0.10199403023408168f,-0.747386486402461f,0f,0.8369129379405011f,0.5473360341762628f,-1.1614925648204524f,0.12186934340514731f,0.5432562743762728f,-0.830674715811677f,0.5231463890150883f,0f,0f,0f,1f], start_interpolation: 0, interpolation_duration: 1 }
$data merge entity $(bone_frontfootrightd) { transformation: [-0.9925461516413221f,0.12062809391514658f,0.01734934639692059f,-0.8476132940617197f,-7.826635487811133e-17f,-0.14236021883898864f,0.9898149160788171f,-2.748474987885392f,0.12186934340514746f,0.9824369857912079f,0.1412990873554547f,-0.20632116820273091f,0f,0f,0f,1f], start_interpolation: 0, interpolation_duration: 1 }
$data merge entity $(bone_frontfootright) { transformation: [0.9925461516413221f,-0.11665833146728939f,-0.0352557876279877f,-0.8463335290699717f,1.136943684077307e-16f,-0.2892916843802289f,0.957240994394019f,-2.2916975775597237f,-0.12186934340514735f,-0.9501058651790958f,-0.28713534803343194f,-0.2827126044927043f,0f,0f,0f,1f], start_interpolation: 0, interpolation_duration: 1 }
$data merge entity $(bone_rearlegl) { transformation: [-1.080694387781476f,0.04567291750927863f,-0.06020577991291129f,0.00017175070613040244f,0f,0.8630851974220068f,0.6547480836948867f,-0.3931083647711496f,0.07556951322280224f,0.6531531502705297f,-0.8609827652595972f,-1.4713532733534676f,0f,0f,0f,1f], start_interpolation: 0, interpolation_duration: 1 }
$data merge entity $(bone_rearfootleftd) { transformation: [-0.9975640502598242f,0.03780357168018307f,0.05862470125668942f,0.5357440159610524f,0f,-0.8404195067504651f,0.5419363917225942f,-2.3925174079444f,0.06975647374412515f,0.5406162619099859f,0.8383722870713576f,-3.668029132106667f,0f,0f,0f,1f], start_interpolation: 0, interpolation_duration: 1 }
$data merge entity $(bone_rearfootleft) { transformation: [-0.9975640502598242f,0.0555745660734566f,0.04215961616241101f,0.571675572831892f,0f,-0.6043828464875874f,0.7966940283895451f,-1.920338119237536f,0.06975647374412515f,0.7947533217780901f,0.6029106002497193f,-3.154183929212724f,0f,0f,0f,1f], start_interpolation: 0, interpolation_duration: 1 }
$data merge entity $(bone_rearlegtipleft) { transformation: [-0.9975640502598242f,0.06801878217096782f,-0.01547290862098173f,0.5783136586504322f,0f,0.2218132280845812f,0.9750891712283023f,-1.7594679643547237f,0.06975647374412515f,0.9727139030150007f,-0.22127290220926105f,-2.1632806902006365f,0f,0f,0f,1f], start_interpolation: 0, interpolation_duration: 1 }
$data merge entity $(bone_rearlegr) { transformation: [-1.080694387781476f,-0.045672917509278786f,0.060205779912911504f,-1.3745666317543046f,0f,0.8630851974220068f,0.6547480836948867f,-0.3689962069605387f,-0.07556951322280252f,0.6531531502705297f,-0.8609827652595972f,-1.589083576570021f,0f,0f,0f,1f], start_interpolation: 0, interpolation_duration: 1 }
$data merge entity $(bone_rearfootrightd) { transformation: [-0.9975640502598242f,-0.037803571680183196f,-0.05862470125668963f,-0.5384883279019677f,0f,-0.8404195067504651f,0.5419363917225942f,-2.368405250133789f,-0.0697564737441254f,0.5406162619099859f,0.8383722870713576f,-3.689844283925048f,0f,0f,0f,1f], start_interpolation: 0, interpolation_duration: 1 }
$data merge entity $(bone_rearfootright) { transformation: [-0.9975640502598242f,-0.055574566073456795f,-0.04215961616241117f,-0.5744198847728075f,0f,-0.6043828464875874f,0.7966940283895451f,-1.896225961426925f,-0.0697564737441254f,0.7947533217780901f,0.6029106002497193f,-3.1759990810311045f,0f,0f,0f,1f], start_interpolation: 0, interpolation_duration: 1 }
$data merge entity $(bone_rearlegtipright) { transformation: [-0.9975640502598242f,-0.06801878217096807f,0.015472908620981779f,-0.705753476873826f,0f,0.2218132280845812f,0.9750891712283023f,-1.7353558065441126f,-0.0697564737441254f,0.9727139030150007f,-0.22127290220926105f,-2.193815401237033f,0f,0f,0f,1f], start_interpolation: 0, interpolation_duration: 1 }
$data merge entity $(bone_tail11) { transformation: [-0.2937340837125001f,-2.7454906499496046e-18f,4.0657621680919856e-17f,1.0151959078275845e-15f,0f,0.2935109828866103f,0.015147666888316987f,-0.9506025764524757f,-3.5972050541899386e-17f,0.022418632473143445f,-0.33199467560138374f,-8.289703680558373f,0f,0f,0f,1f], start_interpolation: 0, interpolation_duration: 1 }
$data merge entity $(bone_tail10) { transformation: [-0.39164544495000014f,-7.017507319148197e-18f,5.3878536268325656e-17f,9.848892311766514e-16f,0f,0.3893405118383794f,0.044442315631781616f,-0.9756013789953528f,-4.796273405586585e-17f,0.057302295845904766f,-0.4399516358989219f,-8.04223088536523f,0f,0f,0f,1f], start_interpolation: 0, interpolation_duration: 1 }
$data merge entity $(bone_tail9) { transformation: [-0.48955680618750014f,-1.1447587442210783e-17f,6.694531156699687e-17f,9.472324934202157e-16f,0f,0.48407656808232696f,0.07489445038282802f,-1.0177295073356936f,-5.99534175698323e-17f,0.0934766452676889f,-0.546649953387432f,-7.7347402865848f,0f,0f,0f,1f], start_interpolation: 0, interpolation_duration: 1 }
$data merge entity $(bone_tail8) { transformation: [-0.5759491837500001f,-1.4118318180633358e-17f,7.864517405316933e-17f,9.029945830153079e-16f,0f,0.5687540560842602f,0.09281564552275332f,-1.0699383079422422f,-7.053343243509683e-17f,0.11528481673624655f,-0.642186580718009f,-7.37351033493092f,0f,0f,0f,1f], start_interpolation: 0, interpolation_duration: 1 }
$data merge entity $(bone_tail7) { transformation: [-0.6775872750000002f,-1.4268872449588548e-17f,9.291353862480232e-17f,8.507307175388566e-16f,0f,0.6716656497234712f,0.09226910462443702f,-1.121839679293488f,-8.298050874717275e-17f,0.11651418563722281f,-0.7586966192170046f,-6.946743486621354f,0f,0f,0f,1f], start_interpolation: 0, interpolation_duration: 1 }
$data merge entity $(bone_tail6) { transformation: [-0.7971615000000002f,-1.0989318701073278e-17f,1.1004417846776706e-16f,7.888308671507376e-16f,0f,0.7948257619349582f,0.06665937361443941f,-1.15933557695161f,-9.76241279378503e-17f,0.08973459701788683f,-0.8985789089914258f,-6.441292850313677f,0f,0f,0f,1f], start_interpolation: 0, interpolation_duration: 1 }
$data merge entity $(bone_tail5) { transformation: [-0.8857350000000002f,-3.86447906968231e-18f,1.2281869423491192e-16f,7.197453516435996e-16f,0f,0.8861323927603196f,0.013818209129001217f,-1.1671083195866732f,-1.0847125326427811e-16f,0.031555866331197745f,-1.0028907462986312f,-5.877166805520697f,0f,0f,0f,1f], start_interpolation: 0, interpolation_duration: 1 }
$data merge entity $(bone_tail4) { transformation: [-0.9841500000000002f,4.9027010309794394e-18f,1.3644469917346595e-16f,6.429952083585251e-16f,0f,0.9833915449258837f,-0.05096387719726356f,-1.1384411386632125f,-1.205236147380868e-16f,-0.040033592007041485f,-1.1141555203383051f,-5.2504543253304f,0f,0f,0f,1f], start_interpolation: 0, interpolation_duration: 1 }
$data merge entity $(bone_tail3) { transformation: [-1.0935000000000001f,1.3152496695336244e-17f,1.5113182861569756e-16f,5.579835547621952e-16f,0f,1.0883620388172628f,-0.11213630431906682f,-1.0753644674837375f,-1.339151274867631e-16f,-0.10739828581182367f,-1.2340850335045288f,-4.556281493984103f,0f,0f,0f,1f], start_interpolation: 0, interpolation_duration: 1 }
$data merge entity $(bone_tail2) { transformation: [-1.215f,1.838789336801202e-17f,1.675529949178401e-16f,4.637349951209101e-16f,0f,1.206182138636486f,-0.1517691697437026f,-0.9899943095029047f,-1.4879458609640342e-16f,-0.15014854389701904f,-1.3681740321739866f,-3.786683600886235f,0f,0f,0f,1f], start_interpolation: 0, interpolation_duration: 1 }
$data merge entity $(bone_tail1) { transformation: [-1.35f,1.835176850463412e-17f,1.8638643955529432e-16f,3.588926228710571e-16f,0f,1.3420010961391107f,-0.1536631292239023f,-0.9035587993144596f,-1.6532731788489269e-16f,-0.14985356200180605f,-1.5219607782836961f,-2.930580663101656f,0f,0f,0f,1f], start_interpolation: 0, interpolation_duration: 1 }
$data merge entity $(bone_tail0) { transformation: [-1.5f,1.1633974840605425e-17f,2.0777201200308944e-16f,2.4492935982947064e-16f,0f,1.496988731875339f,-0.10766509572555541f,-0.46875f,-1.8369701987210297e-16f,-0.09499861387549006f,-1.6965872294587174f,-2f,0f,0f,0f,1f], start_interpolation: 0, interpolation_duration: 1 }