# This file was generated by Animated Java via MC-Build. It is not recommended to edit this file directly.
$data merge entity $(bone_leftwing20) { transformation: [-0.3112153649328857f,2.939203004201279f,0.1263598347378549f,2.23362642770893f,2.9008722436631786f,0.3277414796559815f,-0.47881296929863304f,-4.267157028070919f,-0.48971556406281036f,0.0735345749848014f,-2.916591751292519f,1.80950029499237f,0f,0f,0f,1f], start_interpolation: 0, interpolation_duration: 1 }
$data merge entity $(bone_leftwing21) { transformation: [-0.3070675378233878f,2.939045280772462f,-0.13608537858103048f,2.23362642770893f,2.359417793621894f,0.32772389240193234f,1.7540072950158039f,-4.267157028070919f,1.7577411834040908f,0.07353062897450995f,-2.378179144691825f,1.80950029499237f,0f,0f,0f,1f], start_interpolation: 0, interpolation_duration: 1 }
$data merge entity $(bone_leftwing22) { transformation: [-0.11563826761541045f,2.9447204264040945f,-0.31602780609597475f,2.23362642770893f,0.37799053604484206f,0.328356710422299f,2.921288961781361f,-4.267157028070919f,2.9374095932586393f,0.07367261284612496f,-0.38835731020927833f,1.80950029499237f,0f,0f,0f,1f], start_interpolation: 0, interpolation_duration: 1 }
$data merge entity $(bone_leftwing23) { transformation: [0.1446602797957335f,2.897805778789993f,-0.29789178623316265f,2.23362642770893f,-1.8095293652662063f,0.3231254024777282f,2.264539223541364f,-4.267157028070919f,2.2828975719758304f,0.07249887674557882f,1.8138541929223333f,1.80950029499237f,0f,0f,0f,1f], start_interpolation: 0, interpolation_duration: 1 }
$data merge entity $(bone_leftwing1) { transformation: [-0.2003170446807074f,1.9870668197417096f,0.10695108925090464f,1.933150860687869f,1.9165733260500586f,0.2215717045561565f,-0.5269275715062691f,-1.3922970389958307f,-0.5353688144483227f,0.04971351548268263f,-1.9263719264188188f,1.0064470733198858f,0f,0f,0f,1f], start_interpolation: 0, interpolation_duration: 1 }
$data merge entity $(bone_leftwing) { transformation: [-0.830433907125246f,0.8194413901758475f,0.0025387151245546474f,0.6874999999999999f,0.8031980259972206f,0.8132486501512272f,0.23368927055491084f,-0.1875f,0.16236861778674286f,0.16808792998009275f,-1.1430196808734927f,1.25f,0f,0f,0f,1f], start_interpolation: 0, interpolation_duration: 1 }
$data merge entity $(bone_rightwing20) { transformation: [-0.311215364932886f,-2.939203004201279f,-0.1263598347378542f,-2.23362642770893f,-2.9008722436631786f,0.3277414796559815f,-0.47881296929863304f,-4.267157028070919f,0.48971556406281036f,0.07353457498480069f,-2.916591751292519f,1.8095002949923695f,0f,0f,0f,1f], start_interpolation: 0, interpolation_duration: 1 }
$data merge entity $(bone_rightwing21) { transformation: [-0.3070840165572338f,-2.939203004201279f,0.13609268158267662f,-2.23362642770893f,-2.3595444114276343f,0.3277414796559815f,1.7541014235569836f,-4.267157028070919f,-1.7578355123238367f,0.07353457498480069f,-2.3783067693226863f,1.8095002949923695f,0f,0f,0f,1f], start_interpolation: 0, interpolation_duration: 1 }
$data merge entity $(bone_rightwing22) { transformation: [-0.11542160013841755f,-2.939203004201279f,0.3154356755770889f,-2.23362642770893f,-0.3772823080727304f,0.3277414796559815f,2.9158154423144365f,-4.267157028070919f,-2.931905869114477f,0.07353457498480069f,-0.38762965836608076f,1.8095002949923695f,0f,0f,0f,1f], start_interpolation: 0, interpolation_duration: 1 }
$data merge entity $(bone_rightwing23) { transformation: [0.14466027979573415f,-2.897805778789993f,0.2978917862331623f,-2.23362642770893f,1.8095293652662063f,0.3231254024777282f,2.264539223541364f,-4.267157028070919f,-2.2828975719758304f,0.07249887674557814f,1.8138541929223333f,1.8095002949923695f,0f,0f,0f,1f], start_interpolation: 0, interpolation_duration: 1 }
$data merge entity $(bone_rightwing1) { transformation: [-0.20031704468070763f,-1.9870668197417096f,-0.10695108925090421f,-1.933150860687869f,-1.9165733260500586f,0.2215717045561565f,-0.5269275715062691f,-1.3922970389958307f,0.5353688144483227f,0.04971351548268216f,-1.9263719264188188f,1.0064470733198854f,0f,0f,0f,1f], start_interpolation: 0, interpolation_duration: 1 }
$data merge entity $(bone_rightwing) { transformation: [-0.830433907125246f,-0.8194413901758475f,-0.0025387151245543672f,-0.6875000000000001f,-0.8031980259972206f,0.8132486501512272f,0.23368927055491084f,-0.1875f,-0.16236861778674305f,0.16808792998009256f,-1.1430196808734927f,1.25f,0f,0f,0f,1f], start_interpolation: 0, interpolation_duration: 1 }
$data merge entity $(bone_head) { transformation: [-1.2269070000000002f,1.0825760083455584e-17f,1.4986226584724307e-16f,-4.4133722966533335e-16f,0f,1.2237182667817608f,-0.0883990395515907f,-0.8944739469542339f,-1.5025277304014817e-16f,-0.0883990395515907f,-1.2237182667817608f,3.6037919665703573f,0f,0f,0f,1f], start_interpolation: 0, interpolation_duration: 1 }
$data merge entity $(bone_neck4) { transformation: [-1.0497600000000002f,1.5857916997578322e-17f,1.2757672259037668e-16f,-4.328681245972605e-16f,0f,1.041742996259824f,-0.1294897190652784f,-0.8700125857626942f,-1.2855852238729257e-16f,-0.1294897190652784f,-1.041742996259824f,3.534636475583328f,0f,0f,0f,1f], start_interpolation: 0, interpolation_duration: 1 }
$data merge entity $(bone_neck3) { transformation: [-1.1664000000000003f,1.5449441220019038e-17f,1.4200486271823142e-16f,-3.7074099715803427e-16f,0f,1.1595577011845433f,-0.12615426121862677f,-0.9252050750458435f,-1.428428026525473e-16f,-0.12615426121862677f,-1.1595577011845433f,3.0273299813150905f,0f,0f,0f,1f], start_interpolation: 0, interpolation_duration: 1 }
$data merge entity $(bone_neck2) { transformation: [-1.2960000000000003f,2.210698729567614e-18f,1.5869882823222383e-16f,-3.310662900999783e-16f,0f,1.295874274466043f,-0.01805172504518683f,-0.9297180063071402f,-1.58714225169497e-16f,-0.01805172504518683f,-1.295874274466043f,2.70336141269858f,0f,0f,0f,1f], start_interpolation: 0, interpolation_duration: 1 }
$data merge entity $(bone_neck1) { transformation: [-1.4400000000000002f,-1.3458734896827607e-17f,1.7583481256069063e-16f,-2.8710758695980564e-16f,0f,1.4358002052764411f,0.1098989104956474f,-0.9022432786832283f,-1.7634913907721887e-16f,0.1098989104956474f,-1.4358002052764411f,2.3444113613794695f,0f,0f,0f,1f], start_interpolation: 0, interpolation_duration: 1 }
$data merge entity $(bone_neck0) { transformation: [-1.6f,-1.6238468020760575e-17f,1.952694614948336e-16f,-2.372753173347997e-16f,0f,1.5944961570208471f,0.1325971539881248f,-0.96875f,-1.9594348786357652e-16f,0.1325971539881248f,-1.5944961570208471f,1.9375f,0f,0f,0f,1f], start_interpolation: 0, interpolation_duration: 1 }
$data merge entity $(bone_frontlegl) { transformation: [-0.9925461516413221f,-0.10898467238080413f,0.054538775637619295f,0.42956461562542053f,0f,0.4475184169681484f,0.8942747153276348f,-0.7596797903374335f,-0.12186934340514757f,0.8876089272085829f,-0.4441826825503522f,1.5001541208820175f,0f,0f,0f,1f], start_interpolation: 0, interpolation_duration: 1 }
$data merge entity $(bone_frontlegtipleft) { transformation: [-0.9925461516413221f,-0.067114107086091f,0.10172430138388022f,0.795753609412307f,0f,0.834699675419631f,0.5507054129517547f,-1.1892524138770324f,-0.12186934340514757f,0.5466005383133091f,-0.8284779506140154f,0.5691613594014489f,0f,0f,0f,1f], start_interpolation: 0, interpolation_duration: 1 }
$data merge entity $(bone_frontfootleftd) { transformation: [-0.9925461516413221f,-0.12055717375007649f,-0.01783549044449348f,0.8840975860182532f,-7.892176265840989e-17f,-0.14634927822003885f,0.9892329800226405f,-2.784247843212111f,-0.12186934340514742f,0.9818593873981485f,0.1452584128927849f,-0.23715687663142287f,0f,0f,0f,1f], start_interpolation: 0, interpolation_duration: 1 }
$data merge entity $(bone_frontfootleft) { transformation: [0.9925461516413221f,0.11679950932176954f,0.034785219335166595f,0.902337812701701f,1.1387690915069108e-16f,-0.2854304319957259f,0.9583994305563487f,-2.339167350630947f,0.12186934340514753f,-0.9512556665339383f,-0.2833028768386776f,-0.2988973159370447f,0f,0f,0f,1f], start_interpolation: 0, interpolation_duration: 1 }
$data merge entity $(bone_frontlegr) { transformation: [-0.9925461516413221f,0.1089846723808039f,-0.054538775637619184f,-0.8735815026028371f,0f,0.4475184169681484f,0.8942747153276348f,-0.8022799499181238f,0.12186934340514732f,0.8876089272085829f,-0.4441826825503522f,1.5467477216266305f,0f,0f,0f,1f], start_interpolation: 0, interpolation_duration: 1 }
$data merge entity $(bone_frontlegtipright) { transformation: [-0.9925461516413221f,0.06711410708609085f,-0.10172430138388f,-0.7475569213072096f,0f,0.834699675419631f,0.5507054129517547f,-1.157332323809237f,0.12186934340514732f,0.5466005383133091f,-0.8284779506140154f,0.521758308107396f,0f,0f,0f,1f], start_interpolation: 0, interpolation_duration: 1 }
$data merge entity $(bone_frontfootrightd) { transformation: [-0.9925461516413221f,0.12055717375007657f,0.017835490444493333f,-0.8485626666431025f,-7.892176265840989e-17f,-0.14634927822003885f,0.9892329800226405f,-2.7413338464158374f,0.12186934340514748f,0.9818593873981485f,0.1452584128927849f,-0.2140531873947333f,0f,0f,0f,1f], start_interpolation: 0, interpolation_duration: 1 }
$data merge entity $(bone_frontfootright) { transformation: [0.9925461516413221f,-0.1167995093217693f,-0.034785219335166755f,-0.8470584170779617f,1.1387690915069108e-16f,-0.2854304319957259f,0.9583994305563487f,-2.2842551169851992f,-0.12186934340514737f,-0.9512556665339383f,-0.2833028768386776f,-0.2886163435512593f,0f,0f,0f,1f], start_interpolation: 0, interpolation_duration: 1 }
$data merge entity $(bone_rearlegl) { transformation: [-1.080694387781476f,0.04591525244507844f,-0.06002117061200991f,0.00023697382975818027f,3.758567531283082e-18f,0.8604387147230884f,0.6582220972565345f,-0.393014593208123f,0.07556951322280224f,0.6566187013097445f,-0.8583427292595215f,-1.4704205392302478f,0f,0f,0f,1f], start_interpolation: 0, interpolation_duration: 1 }
$data merge entity $(bone_rearfootleftd) { transformation: [-0.9975640502598242f,0.037566932208865644f,0.05877662148872896f,0.535248211105166f,3.469446951953614e-18f,-0.842597372457909f,0.5385440259876884f,-2.3837241636950313f,0.06975647374412515f,0.5372321598075105f,0.8405448476073973f,-3.675119471879155f,0f,0f,0f,1f], start_interpolation: 0, interpolation_duration: 1 }
$data merge entity $(bone_rearfootleft) { transformation: [-0.9975640502598242f,0.05540415748800917f,0.04238330994930315f,0.571312256381313f,3.469446951953614e-18f,-0.6075896282368007f,0.7942511212828511f,-1.9136252213426714f,0.06975647374412515f,0.7923163654703279f,0.6061095704397639f,-3.1593795965180265f,0f,0f,0f,1f], start_interpolation: 0, interpolation_duration: 1 }
$data merge entity $(bone_rearlegtipleft) { transformation: [-0.9975640502598242f,0.06808060502606697f,-0.015198580476461833f,0.5779950195459198f,3.469446951953614e-18f,0.21788057309507924f,0.9759754381477844f,-1.7567431131318287f,0.06975647374412515f,0.9735980110328105f,-0.21734982696965888f,-2.1678374416906045f,0f,0f,0f,1f], start_interpolation: 0, interpolation_duration: 1 }
$data merge entity $(bone_rearlegr) { transformation: [-1.080694387781476f,-0.0459152524450786f,0.060021170612010115f,-1.3746386476247983f,-3.758567531283082e-18f,0.8604387147230884f,0.6582220972565345f,-0.3688156743928059f,-0.07556951322280252f,0.6566187013097445f,-0.8583427292595215f,-1.5880537016409055f,0f,0f,0f,1f], start_interpolation: 0, interpolation_duration: 1 }
$data merge entity $(bone_rearfootrightd) { transformation: [-0.9975640502598242f,-0.037566932208865776f,-0.058776621488729176f,-0.5379993157929472f,-3.469446951953614e-18f,-0.842597372457909f,0.5385440259876884f,-2.3595252448797144f,-0.0697564737441254f,0.5372321598075105f,0.8405448476073973f,-3.69683748289164f,0f,0f,0f,1f], start_interpolation: 0, interpolation_duration: 1 }
$data merge entity $(bone_rearfootright) { transformation: [-0.9975640502598242f,-0.055404157488009365f,-0.04238330994930331f,-0.5740633610690944f,-3.469446951953614e-18f,-0.6075896282368007f,0.7942511212828511f,-1.8894263025273543f,-0.0697564737441254f,0.7923163654703279f,0.6061095704397639f,-3.1810976075305115f,0f,0f,0f,1f], start_interpolation: 0, interpolation_duration: 1 }
$data merge entity $(bone_rearlegtipright) { transformation: [-0.9975640502598242f,-0.06808060502606722f,0.015198580476461885f,-0.7054416305161795f,-3.469446951953614e-18f,0.21788057309507924f,0.9759754381477844f,-1.7325441943165116f,-0.0697564737441254f,0.9735980110328105f,-0.21734982696965888f,-2.198275011921105f,0f,0f,0f,1f], start_interpolation: 0, interpolation_duration: 1 }
$data merge entity $(bone_tail11) { transformation: [-0.2937340837125001f,-2.6581369262279335e-18f,4.0667746559005435e-17f,1.0149758219432862e-15f,0f,0.293473388867151f,0.015102637697592805f,-0.7423680938174614f,-3.5972050541899386e-17f,0.021705335187897704f,-0.3320773515051026f,-8.287906542931006f,0f,0f,0f,1f], start_interpolation: 0, interpolation_duration: 1 }
$data merge entity $(bone_tail10) { transformation: [-0.39164544495000014f,-7.199885774963357e-18f,5.386026739747185e-17f,9.846794215322082e-16f,0f,0.38904298500158363f,0.04653017731302604f,-0.7685413185560386f,-4.796273405586585e-17f,0.05879152895329656f,-0.4398024592476089f,-8.040517659604227f,0f,0f,0f,1f], start_interpolation: 0, interpolation_duration: 1 }
$data merge entity $(bone_tail9) { transformation: [-0.48955680618750014f,-1.2457246755207055e-17f,6.677211292662265e-17f,9.47120108010983e-16f,0f,0.48266043646839935f,0.08314520002052506f,-0.8153104935675839f,-5.99534175698323e-17f,0.10172113922055138f,-0.5452356791616325f,-7.733822590075809f,0f,0f,0f,1f], start_interpolation: 0, interpolation_duration: 1 }
$data merge entity $(bone_tail8) { transformation: [-0.5759491837500001f,-1.6491082175703454e-17f,7.819069938384911e-17f,9.031378396075678e-16f,0f,0.5653895194253195f,0.11108795542591789f,-0.8777974684946627f,-7.053343243509683e-17f,0.1346599051023135f,-0.6384755134156929f,-7.3746801137794815f,0f,0f,0f,1f], start_interpolation: 0, interpolation_duration: 1 }
$data merge entity $(bone_tail7) { transformation: [-0.6775872750000002f,-1.8462128272012375e-17f,9.218213508756851e-17f,8.512853886208106e-16f,0f,0.6664623878541729f,0.12390134397285926f,-0.947491974479396f,-8.298050874717275e-17f,0.15075471788981468f,-0.7527242561018355f,-6.951272719722199f,0f,0f,0f,1f], start_interpolation: 0, interpolation_duration: 1 }
$data merge entity $(bone_tail6) { transformation: [-0.7971615000000002f,-1.7209901326387336e-17f,1.0925609198086449e-16f,7.898288368815743e-16f,0f,0.7894377791243014f,0.1131675569837356f,-1.0111487252827474f,-9.76241279378503e-17f,0.14052950890305305f,-0.8921436944671138f,-6.449441891584447f,0f,0f,0f,1f], start_interpolation: 0, interpolation_duration: 1 }
$data merge entity $(bone_tail5) { transformation: [-0.8857350000000002f,-1.1446229297726887e-17f,1.2235826390853082e-16f,7.210023134330258e-16f,0f,0.8833266167116948f,0.07030370195018608f,-1.050694557629727f,-1.0847125326427811e-16f,0.09346555517636759f,-0.9991310473658317f,-5.887430677441167f,0f,0f,0f,1f], start_interpolation: 0, interpolation_duration: 1 }
$data merge entity $(bone_tail4) { transformation: [-0.9841500000000002f,-3.211766054424073e-18f,1.365094190413847e-16f,6.442157652222469e-16f,0f,0.9845316585821718f,0.009521063800565485f,-1.0560501560175453f,-1.205236147380868e-16f,0.026226060090633746f,-1.1146839981652497f,-5.260420928473215f,0f,0f,0f,1f], start_interpolation: 0, interpolation_duration: 1 }
$data merge entity $(bone_tail3) { transformation: [-1.0935000000000001f,5.565530700675438e-18f,1.5161699256252468e-16f,5.589312069058268e-16f,0f,1.092578101519976f,-0.055270848146895396f,-1.0249603039349167f,-1.339151274867631e-16f,-0.04544600700014383f,-1.2380466977751166f,-4.5640196609747115f,0f,0f,0f,1f], start_interpolation: 0, interpolation_duration: 1 }
$data merge entity $(bone_tail2) { transformation: [-1.215f,1.2340988154974477e-17f,1.6812445630692918e-16f,4.643612002331791e-16f,0f,1.2109174805659166f,-0.1057696503436103f,-0.965464875616636f,-1.4879458609640342e-16f,-0.10077181570691854f,-1.3728403685371489f,-3.791796953672565f,0f,0f,0f,1f], start_interpolation: 0, interpolation_duration: 1 }
$data merge entity $(bone_tail1) { transformation: [-1.35f,1.4530953852007717e-17f,1.867430479148377e-16f,3.5931823578108295e-16f,0f,1.344935772429138f,-0.12341866810926662f,-0.8960418748051735f,-1.6532731788489269e-16f,-0.11865424269368714f,-1.5248727065212229f,-2.934056056254377f,0f,0f,0f,1f], start_interpolation: 0, interpolation_duration: 1 }
$data merge entity $(bone_tail0) { transformation: [-1.5f,1.0155515562947634e-17f,2.0787156416417633e-16f,2.4492935982947064e-16f,0f,1.4977060010683558f,-0.09398288806770577f,-0.46875f,-1.8369701987210297e-16f,-0.08292607770679922f,-1.6974001345441365f,-2f,0f,0f,0f,1f], start_interpolation: 0, interpolation_duration: 1 }