# This file was generated by Animated Java via MC-Build. It is not recommended to edit this file directly.
$data merge entity $(bone_leftwing20) { transformation: [-0.6352016546068594f,2.889172492699189f,-0.03061497225498372f,2.7864898563810003f,2.810600693337659f,0.6105900302481226f,-0.6924158206472286f,-3.889842003125575f,-0.6699094802327301f,-0.17775891961604134f,-2.8759970733473224f,1.9869280653209507f,0f,0f,0f,1f], start_interpolation: 0, interpolation_duration: 1 }
$data merge entity $(bone_leftwing21) { transformation: [-0.4192030818016143f,2.8890174540062707f,-0.47816711737058326f,2.7864898563810003f,2.45035805771905f,0.6105572647831192f,1.5407018143921347f,-3.889842003125575f,1.603374887747307f,-0.1777493807219042f,-2.479594925078213f,1.9869280653209507f,0f,0f,0f,1f], start_interpolation: 0, interpolation_duration: 1 }
$data merge entity $(bone_leftwing22) { transformation: [0.05286358919506547f,2.894595998471399f,-0.634935917565876f,2.7864898563810003f,0.5950203393190168f,0.6117362195330729f,2.8383716751603383f,-3.889842003125575f,2.9030639692536124f,-0.17809260565556842f,-0.5701989013289247f,1.9869280653209507f,0f,0f,0f,1f], start_interpolation: 0, interpolation_duration: 1 }
$data merge entity $(bone_leftwing23) { transformation: [0.4855951639339187f,2.848479922379482f,-0.3966155733319281f,2.7864898563810003f,-1.6024742544654045f,0.6019901706671632f,2.361488628522294f,-3.889842003125575f,2.3881411275265907f,-0.1752552728608858f,1.6652363162010733f,1.9869280653209507f,0f,0f,0f,1f], start_interpolation: 0, interpolation_duration: 1 }
$data merge entity $(bone_leftwing1) { transformation: [-0.4292431027493898f,1.9532433753459304f,0.02430381470701007f,2.142625202256916f,1.8407842931743676f,0.41279325988605475f,-0.6641648218591419f,-1.1286655633640235f,-0.6536539946673765f,-0.12017504424746456f,-1.8863441928756006f,1.0064470733198858f,0f,0f,0f,1f], start_interpolation: 0, interpolation_duration: 1 }
$data merge entity $(bone_leftwing) { transformation: [-0.9700834681712774f,0.6401869933440538f,-0.10104350273519701f,0.6874999999999999f,0.6274437089093491f,0.9732314445755246f,0.1422886451921894f,-0.1875f,0.16236861778674286f,0.06397093053605783f,-1.15354031707413f,1.25f,0f,0f,0f,1f], start_interpolation: 0, interpolation_duration: 1 }
$data merge entity $(bone_rightwing20) { transformation: [-0.6352016546068597f,-2.889172492699189f,0.03061497225498442f,-2.786489856381001f,-2.810600693337659f,0.6105900302481226f,-0.6924158206472286f,-3.889842003125575f,0.66990948023273f,-0.17775891961604207f,-2.8759970733473224f,1.9869280653209502f,0f,0f,0f,1f], start_interpolation: 0, interpolation_duration: 1 }
$data merge entity $(bone_rightwing21) { transformation: [-0.41922557827278617f,-2.889172492699189f,0.47819277813797423f,-2.786489856381001f,-2.4504895558205666f,0.6105900302481226f,1.540784495926353f,-3.889842003125575f,-1.6034609326227058f,-0.17775891961604207f,-2.479727992171878f,1.9869280653209502f,0f,0f,0f,1f], start_interpolation: 0, interpolation_duration: 1 }
$data merge entity $(bone_rightwing22) { transformation: [0.0527645404914507f,-2.889172492699189f,0.6337462597981877f,-2.786489856381001f,-0.5939054700085558f,0.6105900302481226f,2.8330535149846043f,-3.889842003125575f,-2.8976245973334356f,-0.17775891961604207f,-0.5691305391000339f,1.9869280653209502f,0f,0f,0f,1f], start_interpolation: 0, interpolation_duration: 1 }
$data merge entity $(bone_rightwing23) { transformation: [0.48559516393391944f,-2.848479922379482f,0.39661557333192776f,-2.786489856381001f,1.6024742544654045f,0.6019901706671632f,2.361488628522294f,-3.889842003125575f,-2.388141127526591f,-0.17525527286088655f,1.6652363162010733f,1.9869280653209502f,0f,0f,0f,1f], start_interpolation: 0, interpolation_duration: 1 }
$data merge entity $(bone_rightwing1) { transformation: [-0.4292431027493901f,-1.9532433753459304f,-0.024303814707009624f,-2.1426252022569163f,-1.8407842931743676f,0.41279325988605475f,-0.6641648218591419f,-1.1286655633640235f,0.6536539946673765f,-0.12017504424746506f,-1.8863441928756008f,1.0064470733198854f,0f,0f,0f,1f], start_interpolation: 0, interpolation_duration: 1 }
$data merge entity $(bone_rightwing) { transformation: [-0.9700834681712774f,-0.6401869933440538f,0.1010435027351973f,-0.6875000000000001f,-0.6274437089093491f,0.9732314445755246f,0.1422886451921894f,-0.1875f,-0.1623686177867431f,0.06397093053605768f,-1.15354031707413f,1.25f,0f,0f,0f,1f], start_interpolation: 0, interpolation_duration: 1 }
$data merge entity $(bone_head) { transformation: [-1.2269070000000002f,1.1403086595114203e-17f,1.4981944273811265e-16f,-4.4097444997610396e-16f,0f,1.2233685895592328f,-0.09311326827501182f,-0.8387326196524534f,-1.5025277304014817e-16f,-0.09311326827501182f,-1.2233685895592328f,3.600829645601715f,0f,0f,0f,1f], start_interpolation: 0, interpolation_duration: 1 }
$data merge entity $(bone_neck4) { transformation: [-1.0497600000000002f,1.7515182520752793e-17f,1.2735977410339862e-16f,-4.32467114640868e-16f,0f,1.039971477425748f,-0.14302231903065885f,-0.8151724059223149f,-1.2855852238729257e-16f,-0.14302231903065885f,-1.039971477425748f,3.5313619807928975f,0f,0f,0f,1f], start_interpolation: 0, interpolation_duration: 1 }
$data merge entity $(bone_neck3) { transformation: [-1.1664000000000003f,2.0597571563010804e-17f,1.4134994274969206e-16f,-3.706265146878777e-16f,0f,1.1542098738028417f,-0.16819193564504994f,-0.8887563777670242f,-1.428428026525473e-16f,-0.16819193564504994f,-1.1542098738028417f,3.0263951610041544f,0f,0f,0f,1f], start_interpolation: 0, interpolation_duration: 1 }
$data merge entity $(bone_neck2) { transformation: [-1.2960000000000003f,9.934366734718953e-18f,1.5840301016310865e-16f,-3.3102576214710056e-16f,0f,1.2934587366201828f,-0.08112026048355858f,-0.9090364428879139f,-1.58714225169497e-16f,-0.08112026048355858f,-1.2934587366201828f,2.7030304768491087f,0f,0f,0f,1f], start_interpolation: 0, interpolation_duration: 1 }
$data merge entity $(bone_neck1) { transformation: [-1.4400000000000002f,-6.5558828742493646e-18f,1.7622723754577613e-16f,-2.869689527606565e-16f,0f,1.4390045984562438f,0.05353284619544041f,-0.8956532313390537f,-1.7634913907721887e-16f,0.05353284619544041f,-1.4390045984562438f,2.343279327235048f,0f,0f,0f,1f], start_interpolation: 0, interpolation_duration: 1 }
$data merge entity $(bone_neck0) { transformation: [-1.6f,-1.306969027614098e-17f,1.955071191343919e-16f,-2.372753173347997e-16f,0f,1.5964367789187182f,0.10672212008589421f,-0.96875f,-1.9594348786357652e-16f,0.10672212008589421f,-1.5964367789187182f,1.9375f,0f,0f,0f,1f], start_interpolation: 0, interpolation_duration: 1 }
$data merge entity $(bone_frontlegl) { transformation: [-0.992546151641322f,-0.10927790592854338f,0.05394882888325023f,0.4295298873826237f,0f,0.44267760353726093f,0.8966808458568231f,-0.7598924924888513f,-0.12186934340514759f,0.8899971228056752f,-0.4393779518087112f,1.5004369597221898f,0f,0f,0f,1f], start_interpolation: 0, interpolation_duration: 1 }
$data merge entity $(bone_frontlegtipleft) { transformation: [-0.992546151641322f,-0.06766302816485956f,0.10136000928158607f,0.7960001595011792f,0f,0.8317104732780956f,0.5552095898302967f,-1.1842223416935072f,-0.12186934340514759f,0.5510711417404179f,-0.8255110295319565f,0.5671533700658263f,0f,0f,0f,1f], start_interpolation: 0, interpolation_duration: 1 }
$data merge entity $(bone_frontfootleftd) { transformation: [-0.992546151641322f,-0.12045899705315334f,-0.01848693838768741f,0.8853934778204499f,-7.979862943017356e-17f,-0.15169474021229917f,0.9884273902477224f,-2.774809955477296f,-0.12186934340514743f,0.981059802367252f,0.1505640306219479f,-0.24771106840168405f,0f,0f,0f,1f], start_interpolation: 0, interpolation_duration: 1 }
$data merge entity $(bone_frontfootleft) { transformation: [0.992546151641322f,0.11698584481420972f,0.034153315726403816f,0.9033403715596665f,1.1411878543984556e-16f,-0.2802453412164799f,0.9599284081255534f,-2.3293926804909963f,0.12186934340514755f,-0.9527732473361984f,-0.2781564349398261f,-0.30706250259074985f,0f,0f,0f,1f], start_interpolation: 0, interpolation_duration: 1 }
$data merge entity $(bone_frontlegr) { transformation: [-0.992546151641322f,0.10927790592854315f,-0.053948828883250116f,-0.8735747149551804f,0f,0.44267760353726093f,0.8966808458568231f,-0.8021141645033377f,0.12186934340514734f,0.8899971228056752f,-0.4393779518087112f,1.546803002580577f,0f,0f,0f,1f], start_interpolation: 0, interpolation_duration: 1 }
$data merge entity $(bone_frontlegtipright) { transformation: [-0.992546151641322f,0.06766302816485942f,-0.10136000928158585f,-0.7477822585954661f,0f,0.8317104732780956f,0.5552095898302967f,-1.1517447840929185f,0.12186934340514734f,0.5510711417404179f,-0.8255110295319565f,0.5199230831686954f,0f,0f,0f,1f], start_interpolation: 0, interpolation_duration: 1 }
$data merge entity $(bone_frontfootrightd) { transformation: [-0.992546151641322f,0.12045899705315342f,0.018486938387687283f,-0.8498302247053493f,-7.979862943017356e-17f,-0.15169474021229917f,0.9884273902477224f,-2.7317086148611307f,0.12186934340514749f,0.981059802367252f,0.1505640306219479f,-0.22437661937124187f,0f,0f,0f,1f], start_interpolation: 0, interpolation_duration: 1 }
$data merge entity $(bone_frontfootright) { transformation: [0.992546151641322f,-0.1169858448142095f,-0.03415331572640397f,-0.8480247193566864f,1.1411878543984556e-16f,-0.2802453412164799f,0.9599284081255534f,-2.274237485610437f,-0.12186934340514738f,-0.9527732473361984f,-0.2781564349398261f,-0.29648624406333357f,0f,0f,0f,1f], start_interpolation: 0, interpolation_duration: 1 }
$data merge entity $(bone_rearlegl) { transformation: [-1.080694387781476f,0.04623904428666612f,-0.05977208472344773f,0.0003244764108223386f,3.758567531283082e-18f,0.8568679222906058f,0.6628638433799893f,-0.3928947660869953f,0.07556951322280224f,0.661249140372936f,-0.8547806350979371f,-1.4691691940218474f,0f,0f,0f,1f], start_interpolation: 0, interpolation_duration: 1 }
$data merge entity $(bone_rearfootleftd) { transformation: [-0.9975640502598242f,0.03724864835948907f,0.05897884217756359f,0.5345872408698414f,3.469446951953614e-18f,-0.8454963247411966f,0.5339812401659155f,-2.371887856747923f,0.06975647374412515f,0.5326804887026746f,0.8434367381886237f,-3.68457178662015f,0f,0f,0f,1f], start_interpolation: 0, interpolation_duration: 1 }
$data merge entity $(bone_rearfootleft) { transformation: [-0.9975640502598242f,0.05517423205241331f,0.04268219472615332f,0.5708280287506236f,3.469446951953614e-18f,-0.6118743169661438f,0.7909550051913289f,-1.9045905802996523f,0.06975647374412515f,0.7890282785519422f,0.6103838218827099f,-3.1663043742567942f,0f,0f,0f,1f], start_interpolation: 0, interpolation_duration: 1 }
$data merge entity $(bone_rearlegtipleft) { transformation: [-0.9975640502598242f,0.0681617708273531f,-0.014830327942908702f,0.5775689419331694f,3.469446951953614e-18f,0.21260145685270826f,0.9771389975556732f,-1.7530603107941736f,0.06975647374412515f,0.974758736068462f,-0.21208357038912684f,-2.173930635430004f,0f,0f,0f,1f], start_interpolation: 0, interpolation_duration: 1 }
$data merge entity $(bone_rearlegr) { transformation: [-1.080694387781476f,-0.04623904428666629f,0.05977208472344794f,-1.374735297259675f,-3.758567531283082e-18f,0.8568679222906058f,0.6628638433799893f,-0.36858012092807313f,-0.07556951322280252f,0.661249140372936f,-0.8547806350979371f,-1.5866715474687012f,0f,0f,0f,1f], start_interpolation: 0, interpolation_duration: 1 }
$data merge entity $(bone_rearfootrightd) { transformation: [-0.9975640502598242f,-0.0589788421775638f,0.0372486483594892f,-0.5373474926114352f,-3.469446951953614e-18f,0.5339812401659153f,0.8454963247411967f,-2.3475732115890007f,-0.0697564737441254f,0.8434367381886237f,-0.5326804887026744f,-3.7061589886688315f,0f,0f,0f,1f], start_interpolation: 0, interpolation_duration: 1 }
$data merge entity $(bone_rearfootright) { transformation: [-0.9975640502598242f,-0.05517423205241351f,-0.04268219472615346f,-0.5735882804922174f,-3.469446951953614e-18f,-0.6118743169661438f,0.7909550051913289f,-1.8802759351407299f,-0.0697564737441254f,0.7890282785519422f,0.6103838218827099f,-3.187891576305476f,0f,0f,0f,1f], start_interpolation: 0, interpolation_duration: 1 }
$data merge entity $(bone_rearlegtipright) { transformation: [-0.9975640502598242f,-0.06816177082735334f,0.014830327942908757f,-0.7050246999572416f,-3.469446951953614e-18f,0.21260145685270826f,0.9771389975556732f,-1.7287456656352511f,-0.0697564737441254f,0.974758736068462f,-0.21208357038912684f,-2.2042373966967013f,0f,0f,0f,1f], start_interpolation: 0, interpolation_duration: 1 }
$data merge entity $(bone_tail11) { transformation: [-0.2937340837125001f,-2.438781295081312e-18f,4.06863635471353e-17f,1.014142901099329e-15f,0f,0.2934681674599868f,0.014307854702239265f,-0.5394199989171886f,-3.5972050541899386e-17f,0.019914160530034343f,-0.33222937074969483f,-8.28110522809854f,0f,0f,0f,1f], start_interpolation: 0, interpolation_duration: 1 }
$data merge entity $(bone_tail10) { transformation: [-0.39164544495000014f,-7.026503569072346e-18f,5.3889701711162567e-17f,9.838299438868e-16f,0f,0.3890082318182356f,0.046315152901856185f,-0.5654722724244827f,-4.796273405586585e-17f,0.05737575580130101f,-0.44004280865864903f,-8.033581148228048f,0f,0f,0f,1f], start_interpolation: 0, interpolation_duration: 1 }
$data merge entity $(bone_tail9) { transformation: [-0.48955680618750014f,-1.2853471003365606e-17f,6.670523082176391e-17f,9.463082515495578e-16f,0f,0.48185255775916597f,0.08728625556251807f,-0.6145707911783991f,-5.99534175698323e-17f,0.10495655573766f,-0.5446895453301858f,-7.7271932789798194f,0f,0f,0f,1f], start_interpolation: 0, interpolation_duration: 1 }
$data merge entity $(bone_tail8) { transformation: [-0.5759491837500001f,-1.804610668293538e-17f,7.785630242382081e-17f,9.025140814361586e-16f,0f,0.5626482783292245f,0.12381884210484524f,-0.6842188898623746f,-7.053343243509683e-17f,0.14735764381615812f,-0.6357449550190912f,-7.369586741781581f,0f,0f,0f,1f], start_interpolation: 0, interpolation_duration: 1 }
$data merge entity $(bone_tail7) { transformation: [-0.6775872750000002f,-2.172099304896165e-17f,9.148062499555738e-17f,8.510562298761575e-16f,0f,0.6611494561321994f,0.14921246481256048f,-0.7681509013194399f,-8.298050874717275e-17f,0.1773653682358428f,-0.7469959914911773f,-6.949401496567794f,0f,0f,0f,1f], start_interpolation: 0, interpolation_duration: 1 }
$data merge entity $(bone_tail6) { transformation: [-0.7971615000000002f,-2.253646161122042e-17f,1.0829636541073377e-16f,7.901395243326197e-16f,0f,0.7824248527869537f,0.15373847918663233f,-0.8546287958619205f,-9.76241279378503e-17f,0.18402417437346988f,-0.8843069323019007f,-6.451978847147974f,0f,0f,0f,1f], start_interpolation: 0, interpolation_duration: 1 }
$data merge entity $(bone_tail5) { transformation: [-0.8857350000000002f,-1.842285654783606e-17f,1.2151857822698636e-16f,7.217853240799399e-16f,0f,0.8774013845865659f,0.12302406973675953f,-0.9238298350888478f,-1.0847125326427811e-16f,0.15043403992614668f,-0.992274493442455f,-5.893824444586594f,0f,0f,0f,1f], start_interpolation: 0, interpolation_duration: 1 }
$data merge entity $(bone_tail4) { transformation: [-0.9841500000000002f,-1.1157525323253516e-17f,1.3610693552282512e-16f,6.452251728483507e-16f,0f,0.9819718488265821f,0.06948181021244401f,-0.9629133533333475f,-1.205236147380868e-16f,0.09110810832169587f,-1.1113974708265935f,-5.268663367246635f,0f,0f,0f,1f], start_interpolation: 0, interpolation_duration: 1 }
$data merge entity $(bone_tail3) { transformation: [-1.0935000000000001f,-2.313601827255337e-18f,1.517195778218117e-16f,5.598829103235817e-16f,0f,1.093798561562726f,0.004478519951756063f,-0.9654325208062102f,-1.339151274867631e-16f,0.018891992604448543f,-1.2388843699868795f,-4.571790909129016f,0f,0f,0f,1f], start_interpolation: 0, interpolation_duration: 1 }
$data merge entity $(bone_tail2) { transformation: [-1.215f,5.663402710600756e-18f,1.6850176026604192e-16f,4.651006701739331e-16f,0f,1.2141251570652858f,-0.054369947131932245f,-0.9348494255444983f,-1.4879458609640342e-16f,-0.04624519261017819f,-1.3759212891697379f,-3.7978351839710376f,0f,0f,0f,1f], start_interpolation: 0, interpolation_duration: 1 }
$data merge entity $(bone_tail1) { transformation: [-1.35f,9.981612566501301e-18f,1.8706378045337092e-16f,3.598772936689119e-16f,0f,1.3475751978512787f,-0.08698849037081581f,-0.8859183997109145f,-1.6532731788489269e-16f,-0.08150605197719774f,-1.527491686448795f,-2.9386211103435906f,0f,0f,0f,1f], start_interpolation: 0, interpolation_duration: 1 }
$data merge entity $(bone_tail0) { transformation: [-1.5f,8.171927885619177e-18f,2.07983850330393e-16f,2.4492935982947064e-16f,0f,1.4985150182403573f,-0.07562603582368917f,-0.46875f,-1.8369701987210297e-16f,-0.06672885513854926f,-1.698317020672405f,-2f,0f,0f,0f,1f], start_interpolation: 0, interpolation_duration: 1 }