# This file was generated by Animated Java via MC-Build. It is not recommended to edit this file directly.
$data merge entity $(bone_leftwing20) { transformation: [-1.1044245027442217f,2.744263419356707f,-0.031637225382825554f,3.438637954415449f,2.5984531075260295f,1.0346297668365063f,-0.9640118280785086f,-3.283357192217675f,-0.8831897173527384f,-0.3876798187519972f,-2.7966795298006386f,2.193619707298727f,0f,0f,0f,1f], start_interpolation: 0, interpolation_duration: 1 }
$data merge entity $(bone_leftwing21) { transformation: [-0.7443998618730258f,2.7441161567704007f,-0.816389753288468f,3.438637954415449f,2.498355203461022f,1.0345742465631027f,1.1994474857895874f,-3.283357192217675f,1.3981727319834254f,-0.3876590150884838f,-2.5779120165432277f,2.193619707298727f,0f,0f,0f,1f], start_interpolation: 0, interpolation_duration: 1 }
$data merge entity $(bone_leftwing22) { transformation: [0.07029351869951461f,2.749414904265606f,-1.104717465361814f,3.438637954415449f,0.8743781649999156f,1.0365719563481113f,2.6354516836262567f,-3.283357192217675f,2.8311032864670738f,-0.3884075647554234f,-0.7865226747148109f,2.193619707298727f,0f,0f,0f,1f], start_interpolation: 0, interpolation_duration: 1 }
$data merge entity $(bone_leftwing23) { transformation: [0.8300588071888927f,2.7056118219009786f,-0.7054158278932098f,3.438637954415449f,-1.2678648076493486f,1.0200575165993724f,2.4205259628431675f,-3.283357192217675f,2.492080586693952f,-0.38221953961464505f,1.4664197957625698f,2.193619707298727f,0f,0f,0f,1f], start_interpolation: 0, interpolation_duration: 1 }
$data merge entity $(bone_leftwing1) { transformation: [-0.7447986526050695f,1.8552766778749568f,0.05677513197638878f,2.3214399755078445f,1.6789533529429714f,0.6994680113824268f,-0.8317813052084466f,-0.764927162803218f,-0.7914484226525611f,-0.2620933985928995f,-1.8179429156865177f,1.0064470733198856f,0f,0f,0f,1f], start_interpolation: 0, interpolation_duration: 1 }
$data merge entity $(bone_leftwing) { transformation: [-1.08929331700523f,0.38264394433467375f,-0.16773429137435744f,0.6874999999999999f,0.384951441868812f,1.1012592396592282f,0.012312009560273058f,-0.1875f,0.16236861778674289f,-0.043849857927850594f,-1.1544802869814803f,1.25f,0f,0f,0f,1f], start_interpolation: 0, interpolation_duration: 1 }
$data merge entity $(bone_rightwing20) { transformation: [-1.104424502744222f,-2.744263419356707f,0.03163722538282615f,-3.4386379544154497f,-2.5984531075260295f,1.0346297668365063f,-0.9640118280785086f,-3.283357192217675f,0.8831897173527381f,-0.3876798187519978f,-2.7966795298006386f,2.1936197072987267f,0f,0f,0f,1f], start_interpolation: 0, interpolation_duration: 1 }
$data merge entity $(bone_rightwing21) { transformation: [-0.7444398099811386f,-2.744263419356707f,0.8164335647234208f,-3.4386379544154497f,-2.498489277322242f,1.0346297668365063f,1.1995118539609058f,-3.283357192217675f,-1.3982477647155884f,-0.3876798187519978f,-2.5780503598090148f,2.1936197072987267f,0f,0f,0f,1f], start_interpolation: 0, interpolation_duration: 1 }
$data merge entity $(bone_rightwing22) { transformation: [0.07016181213161521f,-2.744263419356707f,1.1026475939347773f,-3.4386379544154497f,-0.8727398724618635f,1.0346297668365063f,2.6305137277159756f,-3.283357192217675f,-2.8257987448232704f,-0.3876798187519978f,-0.7850489940116856f,2.1936197072987267f,0f,0f,0f,1f], start_interpolation: 0, interpolation_duration: 1 }
$data merge entity $(bone_rightwing23) { transformation: [0.8300588071888934f,-2.7056118219009786f,0.7054158278932094f,-3.4386379544154497f,1.2678648076493486f,1.0200575165993724f,2.4205259628431675f,-3.283357192217675f,-2.492080586693952f,-0.3822195396146457f,1.4664197957625698f,2.1936197072987267f,0f,0f,0f,1f], start_interpolation: 0, interpolation_duration: 1 }
$data merge entity $(bone_rightwing1) { transformation: [-0.7447986526050697f,-1.8552766778749568f,-0.05677513197638839f,-2.321439975507845f,-1.6789533529429714f,0.6994680113824268f,-0.8317813052084466f,-0.764927162803218f,0.7914484226525609f,-0.26209339859289993f,-1.8179429156865177f,1.0064470733198854f,0f,0f,0f,1f], start_interpolation: 0, interpolation_duration: 1 }
$data merge entity $(bone_rightwing) { transformation: [-1.08929331700523f,-0.38264394433467375f,0.1677342913743577f,-0.6875000000000001f,-0.384951441868812f,1.1012592396592282f,0.012312009560273058f,-0.1875f,-0.16236861778674316f,-0.04384985792785069f,-1.1544802869814803f,1.25f,0f,0f,0f,1f], start_interpolation: 0, interpolation_duration: 1 }
$data merge entity $(bone_head) { transformation: [-1.2269070000000002f,1.1414672346560516e-17f,1.4981856047057367e-16f,-4.403948368981975e-16f,0f,1.2233613852980565f,-0.09320787311498999f,-0.7862125013315263f,-1.5025277304014817e-16f,-0.09320787311498999f,-1.2233613852980565f,3.5960967456479493f,0f,0f,0f,1f], start_interpolation: 0, interpolation_duration: 1 }
$data merge entity $(bone_neck4) { transformation: [-1.0497600000000002f,1.8305571251109032e-17f,1.2724857460724095e-16f,-4.318697518836478e-16f,0f,1.0390634646318953f,-0.1494763327994168f,-0.7630840388617431f,-1.2855852238729257e-16f,-0.1494763327994168f,-1.0390634646318953f,3.526484143708474f,0f,0f,0f,1f], start_interpolation: 0, interpolation_duration: 1 }
$data merge entity $(bone_neck3) { transformation: [-1.1664000000000003f,2.4707339065822038e-17f,1.4068977811454914e-16f,-3.703179739585325e-16f,0f,1.1488192204683245f,-0.20175073403224708f,-0.8513499850008512f,-1.428428026525473e-16f,-0.20175073403224708f,-1.1488192204683245f,3.023875734753582f,0f,0f,0f,1f], start_interpolation: 0, interpolation_duration: 1 }
$data merge entity $(bone_neck2) { transformation: [-1.2960000000000003f,1.7143374490258445e-17f,1.577856456786882e-16f,-3.308715625388605e-16f,0f,1.2884175730385667f,-0.13998627606093716f,-0.8863465540160855f,-1.58714225169497e-16f,-0.13998627606093716f,-1.2884175730385667f,2.70177134149394f,0f,0f,0f,1f], start_interpolation: 0, interpolation_duration: 1 }
$data merge entity $(bone_neck1) { transformation: [-1.4400000000000002f,6.829559003512292e-19f,1.7634781661397016e-16f,-2.8678460838536794e-16f,0f,1.4399892012680748f,-0.0055767581381564735f,-0.8877407435506246f,-1.7634913907721887e-16f,-0.0055767581381564735f,-1.4399892012680748f,2.3417740411769215f,0f,0f,0f,1f], start_interpolation: 0, interpolation_duration: 1 }
$data merge entity $(bone_neck0) { transformation: [-1.6f,-9.24818861718056e-18f,1.957251170479778e-16f,-2.372753173347997e-16f,0f,1.5982168669713523f,0.07551719094533632f,-0.96875f,-1.9594348786357652e-16f,0.07551719094533632f,-1.5982168669713523f,1.9375f,0f,0f,0f,1f], start_interpolation: 0, interpolation_duration: 1 }
$data merge entity $(bone_frontlegl) { transformation: [-0.9925461516413221f,-0.10962688520204801f,0.05323610525666557f,0.4294882416242663f,8.673617379884035e-19f,0.43682934337050805f,0.8995443984431735f,-0.7601507477105762f,-0.12186934340514757f,0.8928393309052798f,-0.43357328368640335f,1.5007761372055084f,0f,0f,0f,1f], start_interpolation: 0, interpolation_duration: 1 }
$data merge entity $(bone_frontlegtipleft) { transformation: [-0.9925461516413221f,-0.06832161489440114f,0.10091726215183869f,0.7962927407788258f,8.673617379884035e-19f,0.8280775076989222f,0.5606136291985253f,-1.1781488598718861f,-0.12186934340514757f,0.5564349002186711f,-0.8219051435273024f,0.5647704867823313f,0f,0f,0f,1f], start_interpolation: 0, interpolation_duration: 1 }
$data merge entity $(bone_frontfootleftd) { transformation: [-0.9925461516413221f,-0.12033606266061951f,-0.01927093369147446f,0.8869461853281205f,-7.998441606650687e-17f,-0.15812782077121143f,0.9874186509774606f,-2.7633652477321466f,-0.12186934340514742f,0.980058582086544f,0.1569491599738947f,-0.2603568562454722f,0f,0f,0f,1f], start_interpolation: 0, interpolation_duration: 1 }
$data merge entity $(bone_frontfootleft) { transformation: [0.9925461516413221f,0.11720575914946105f,0.033390820358300655f,0.9045394510071683f,1.1353835188837668e-16f,-0.27398867857435605f,0.9617329171932708f,-2.3175595786831193f,0.12186934340514753f,-0.9545643058669628f,-0.27194640851226803f,-0.3168282210058695f,0f,0f,0f,1f], start_interpolation: 0, interpolation_duration: 1 }
$data merge entity $(bone_frontlegr) { transformation: [-0.9925461516413221f,0.10962688520204777f,-0.05323610525666546f,-0.873566393891801f,-8.673617379884035e-19f,0.43682934337050805f,0.8995443984431735f,-0.8019148678675648f,0.12186934340514732f,0.8928393309052798f,-0.43357328368640335f,1.5468707722033885f,0f,0f,0f,1f], start_interpolation: 0, interpolation_duration: 1 }
$data merge entity $(bone_frontlegtipright) { transformation: [-0.9925461516413221f,0.068321614894401f,-0.10091726215183848f,-0.7480488004072285f,-8.673617379884035e-19f,0.8280775076989222f,0.5606136291985253f,-1.145001055516f,0.12186934340514732f,0.5564349002186711f,-0.8219051435273024f,0.5177522743161618f,0f,0f,0f,1f], start_interpolation: 0, interpolation_duration: 1 }
$data merge entity $(bone_frontfootrightd) { transformation: [-0.9925461516413221f,0.12033606266061961f,0.019270933691474316f,-0.8513486390001512f,-8.171913954248368e-17f,-0.15812782077121143f,0.9874186509774606f,-2.7200399113508755f,0.12186934340514748f,0.980058582086544f,0.1569491599738947f,-0.23674311140929766f,0f,0f,0f,1f], start_interpolation: 0, interpolation_duration: 1 }
$data merge entity $(bone_frontfootright) { transformation: [0.9925461516413221f,-0.11720575914946083f,-0.03339082035830082f,-0.8491799135042439f,1.152730753643535e-16f,-0.27398867857435605f,0.9617329171932708f,-2.2621138608487468f,-0.12186934340514737f,-0.9545643058669628f,-0.27194640851226803f,-0.30589454539261085f,0f,0f,0f,1f], start_interpolation: 0, interpolation_duration: 1 }
$data merge entity $(bone_rearlegl) { transformation: [-1.080694387781476f,0.046627279073706826f,-0.059469724859914606f,0.0004299374218392771f,0f,0.8525334161536958f,0.6684294169562109f,-0.3927594323426972f,0.07556951322280224f,0.6668011564916507f,-0.8504566876001252f,-1.4676610313002f,0f,0f,0f,1f], start_interpolation: 0, interpolation_duration: 1 }
$data merge entity $(bone_rearfootleftd) { transformation: [-0.9975640502598242f,0.03686380886709685f,0.05922014205508945f,0.5337969971634661f,0f,-0.8489555001348807f,0.5284643401316068f,-2.3575624513300433f,0.06975647374412515f,0.527177027559571f,0.8468874872049065f,-3.695872798126492f,0f,0f,0f,1f], start_interpolation: 0, interpolation_duration: 1 }
$data merge entity $(bone_rearfootleft) { transformation: [-0.9975640502598242f,0.0548951306399212f,0.043040565298806274f,0.5702492771363855f,0f,-0.6170117694980406f,0.7869539226034119f,-1.8936581007274529f,0.06975647374412515f,0.7850369424001158f,0.6155087598384466f,-3.1745809079375458f,0f,0f,0f,1f], start_interpolation: 0, interpolation_duration: 1 }
$data merge entity $(bone_rearlegtipleft) { transformation: [-0.9975640502598242f,0.06825689568331532f,-0.014386167693024874f,0.5770575551592759f,0f,0.20623415893691832f,0.9785026682066748f,-1.7485803585534518f,0.06975647374412515f,0.9761190848862955f,-0.2057317828910405f,-2.1812438070115525f,0f,0f,0f,1f], start_interpolation: 0, interpolation_duration: 1 }
$data merge entity $(bone_rearlegr) { transformation: [-1.080694387781476f,-0.04662727907370699f,0.059469724859914815f,-1.3748518342745788f,0f,0.8525334161536958f,0.6684294169562109f,-0.368306330507036f,-0.07556951322280252f,0.6668011564916507f,-0.8504566876001252f,-1.5850049905120092f,0f,0f,0f,1f], start_interpolation: 0, interpolation_duration: 1 }
$data merge entity $(bone_rearfootrightd) { transformation: [-0.9975640502598242f,-0.05922014205508966f,0.03686380886709696f,-0.5365683249089467f,0f,0.5284643401316066f,0.8489555001348807f,-2.3331093494943818f,-0.0697564737441254f,0.8468874872049065f,-0.5271770275595707f,-3.717301605940129f,0f,0f,0f,1f], start_interpolation: 0, interpolation_duration: 1 }
$data merge entity $(bone_rearfootright) { transformation: [-0.9975640502598242f,-0.05489513063992139f,-0.04304056529880642f,-0.5730206048818662f,0f,-0.6170117694980406f,0.7869539226034119f,-1.8692049988917914f,-0.0697564737441254f,0.7850369424001158f,0.6155087598384466f,-3.1960097157511824f,0f,0f,0f,1f], start_interpolation: 0, interpolation_duration: 1 }
$data merge entity $(bone_rearlegtipright) { transformation: [-0.9975640502598242f,-0.06825689568331555f,0.014386167693024922f,-0.7045243891872349f,0f,0.20623415893691832f,0.9785026682066748f,-1.7241272567177903f,-0.0697564737441254f,0.9761190848862955f,-0.2057317828910405f,-2.2113921740432048f,0f,0f,0f,1f], start_interpolation: 0, interpolation_duration: 1 }
$data merge entity $(bone_tail11) { transformation: [-0.2937340837125001f,-2.098078539338855e-18f,4.0709823603040946e-17f,1.0129343688359563e-15f,0f,0.29349631293936274f,0.012803691950092289f,-0.35192464579547006f,-3.5972050541899386e-17f,0.017132111403872722f,-0.3324209366438121f,-8.271236813268944f,0f,0f,0f,1f], start_interpolation: 0, interpolation_duration: 1 }
$data merge entity $(bone_tail10) { transformation: [-0.39164544495000014f,-6.505248741859756e-18f,5.3961099559287354e-17f,9.825812503338572e-16f,0f,0.3892429002722138f,0.04381020311643582f,-0.3765678850484652f,-4.796273405586585e-17f,0.053119387127692416f,-0.4406258163321636f,-8.023384791582101f,0f,0f,0f,1f], start_interpolation: 0, interpolation_duration: 1 }
$data merge entity $(bone_tail9) { transformation: [-0.48955680618750014f,-1.2618063772894202e-17f,6.675773112390735e-17f,9.450300265766593e-16f,0f,0.48181011794261736f,0.08713437779718337f,-0.4255809725593809f,-5.99534175698323e-17f,0.1030343098245094f,-0.5451182428303957f,-7.716755779990003f,0f,0f,0f,1f], start_interpolation: 0, interpolation_duration: 1 }
$data merge entity $(bone_tail8) { transformation: [-0.5759491837500001f,-1.8715571489286462e-17f,7.770709116934352e-17f,9.013197877939036e-16f,0f,0.5610640299605391f,0.1304533405906668f,-0.49896097664163097f,-7.053343243509683e-17f,0.15282423881168825f,-0.6345265526635618f,-7.35983459411675f,0f,0f,0f,1f], start_interpolation: 0, interpolation_duration: 1 }
$data merge entity $(bone_tail7) { transformation: [-0.6775872750000002f,-2.3900799160134345e-17f,9.094610601748686e-17f,8.501626031590673e-16f,0f,0.6567665248692338f,0.1670676510526477f,-0.5929365303587453f,-8.298050874717275e-17f,0.1951648359084025f,-0.74263131280633f,-6.942104480663189f,0f,0f,0f,1f], start_interpolation: 0, interpolation_duration: 1 }
$data merge entity $(bone_tail6) { transformation: [-0.7971615000000002f,-2.6716541014965565e-17f,1.0735409185773902e-16f,7.897759264890891e-16f,0f,0.7751715213065226f,0.1864258697104076f,-0.6978010820708496f,-9.76241279378503e-17f,0.21815711300243196f,-0.8766126848368292f,-6.449009845442473f,0f,0f,0f,1f], start_interpolation: 0, interpolation_duration: 1 }
$data merge entity $(bone_tail5) { transformation: [-0.8857350000000002f,-2.4440281953492154e-17f,1.204663747101936e-16f,7.220135907146051e-16f,0f,0.8695361943552395f,0.16927589348759137f,-0.7930187721576197f,-1.0847125326427811e-16f,0.1995700472210309f,-0.9836825997019467f,-5.895688383110127f,0f,0f,0f,1f], start_interpolation: 0, interpolation_duration: 1 }
$data merge entity $(bone_tail4) { transformation: [-0.9841500000000002f,-1.8516922235735494e-17f,1.3531739062464437e-16f,6.458975584882427e-16f,0f,0.9762236129801715f,0.12574401761469686f,-0.8637497820658867f,-1.205236147380868e-16f,0.15120214455815098f,-1.1049503474704514f,-5.274153812657999f,0f,0f,0f,1f], start_interpolation: 0, interpolation_duration: 1 }
$data merge entity $(bone_tail3) { transformation: [-1.0935000000000001f,-1.0073243281363608e-17f,1.5141913756144673e-16f,5.607242936099289e-16f,0f,1.0917810797709593f,0.06397820161000724f,-0.8997375204715158f,-1.339151274867631e-16f,0.08225427354545811f,-1.236431089085201f,-4.578661325047573f,0f,0f,0f,1f], start_interpolation: 0, interpolation_duration: 1 }
$data merge entity $(bone_tail2) { transformation: [-1.215f,-1.3059236429663444e-18f,1.686103113524626e-16f,4.658809934741687e-16f,0f,1.2151711303647201f,-0.00018192684786686592f,-0.8996351866195906f,-1.4879458609640342e-16f,0.010663675795140111f,-1.3768076760569308f,-3.8042070072655494f,0f,0f,0f,1f], start_interpolation: 0, interpolation_duration: 1 }
$data merge entity $(bone_tail1) { transformation: [-1.35f,4.9293634078770995e-18f,1.8728555027153363e-16f,3.6053287144643104e-16f,0f,1.3494002150711688f,-0.046179299215866165f,-0.8736593308106659f,-1.6532731788489269e-16f,-0.040251306836461866f,-1.52930257443966f,-2.9439743091432407f,0f,0f,0f,1f], start_interpolation: 0, interpolation_duration: 1 }
$data merge entity $(bone_tail0) { transformation: [-1.5f,5.781311265948798e-18f,2.0808682565946235e-16f,2.4492935982947064e-16f,0f,1.4992569512167568f,-0.05350238756706969f,-0.46875f,-1.8369701987210297e-16f,-0.047207989029767375f,-1.6991578780456578f,-2f,0f,0f,0f,1f], start_interpolation: 0, interpolation_duration: 1 }