# This file was generated by Animated Java via MC-Build. It is not recommended to edit this file directly.
$data merge entity $(bone_leftwing20) { transformation: [-0.7311254278363049f,-2.7280041976806664f,0.8804458060090665f,1.6938512978196991f,-2.7729142985596815f,0.9034103284703148f,0.49652007247193664f,4.251104101951038f,-0.7267310456596442f,-0.702551768171522f,-2.7802911918402753f,2.034089385888729f,0f,0f,0f,1f], start_interpolation: 0, interpolation_duration: 1 }
$data merge entity $(bone_leftwing21) { transformation: [-1.1411608683768244f,-2.727857807596256f,0.08567683176297665f,1.6938512978196991f,-2.283272246389769f,0.9033618496907164f,-1.6496672642896582f,4.251104101951038f,1.4950640744901231f,-0.7025140678583285f,-2.4539874211392108f,2.034089385888729f,0f,0f,0f,1f], start_interpolation: 0, interpolation_duration: 1 }
$data merge entity $(bone_leftwing22) { transformation: [-0.8559974058917849f,-2.7331251610534393f,-0.7628364621382424f,1.6938512978196991f,-0.400194122515007f,0.9051061950700121f,-2.793788040062233f,4.251104101951038f,2.8092236077349595f,-0.703870586476619f,-0.6304388091496921f,2.034089385888729f,0f,0f,0f,1f], start_interpolation: 0, interpolation_duration: 1 }
$data merge entity $(bone_leftwing23) { transformation: [-0.045156070843134104f,-2.689581603347136f,-1.1274112704098285f,1.6938512978196991f,1.7040959080466052f,0.8906862393369299f,-2.193098174655912f,4.251104101951038f,2.366635271834101f,-0.6926566728451624f,1.557629181839581f,2.034089385888729f,0f,0f,0f,1f], start_interpolation: 0, interpolation_duration: 1 }
$data merge entity $(bone_leftwing1) { transformation: [-0.4293556726655481f,-1.8442845280094646f,0.6436367656487787f,1.049817788821377f,-1.829289129289234f,0.6107562784024663f,0.5297905716943301f,1.5071704080171866f,-0.6850948750458954f,-0.47496457566525424f,-1.8179806555761184f,1.0064470733198856f,0f,0f,0f,1f], start_interpolation: 0, interpolation_duration: 1 }
$data merge entity $(bone_leftwing) { transformation: [-0.24154519254758489f,-1.1198224480901795f,0.22082734391732f,0.6874999999999999f,-1.1297802720114578f,0.20246165114431786f,-0.20908593424892022f,-0.1875f,0.1623686177867429f,-0.2571343533648211f,-1.1263345273002994f,1.25f,0f,0f,0f,1f], start_interpolation: 0, interpolation_duration: 1 }
$data merge entity $(bone_rightwing20) { transformation: [-0.731125427836305f,2.7280041976806664f,-0.8804458060090659f,-1.6938512978196996f,2.7729142985596815f,0.9034103284703148f,0.49652007247193664f,4.251104101951038f,0.7267310456596437f,-0.7025517681715213f,-2.7802911918402753f,2.0340893858887283f,0f,0f,0f,1f], start_interpolation: 0, interpolation_duration: 1 }
$data merge entity $(bone_rightwing21) { transformation: [-1.1412221086054688f,2.7280041976806664f,-0.08568142959743758f,-1.6938512978196996f,2.2833947778560173f,0.9034103284703148f,-1.6497557934385736f,4.251104101951038f,-1.4951443068818029f,-0.7025517681715213f,-2.4541191140099765f,2.0340893858887283f,0f,0f,0f,1f], start_interpolation: 0, interpolation_duration: 1 }
$data merge entity $(bone_rightwing22) { transformation: [-0.854393552755007f,2.7280041976806664f,0.761407161483559f,-1.6938512978196996f,0.3994442924404091f,0.9034103284703148f,-2.788553414722596f,4.251104101951038f,-2.8039600612987643f,-0.7025517681715213f,-0.629257577460622f,2.0340893858887283f,0f,0f,0f,1f], start_interpolation: 0, interpolation_duration: 1 }
$data merge entity $(bone_rightwing23) { transformation: [-0.045156070843133535f,2.689581603347136f,1.127411270409828f,-1.6938512978196996f,-1.7040959080466052f,0.8906862393369299f,-2.193098174655912f,4.251104101951038f,-2.3666352718341006f,-0.6926566728451619f,1.557629181839581f,2.0340893858887283f,0f,0f,0f,1f], start_interpolation: 0, interpolation_duration: 1 }
$data merge entity $(bone_rightwing1) { transformation: [-0.4293556726655482f,1.8442845280094646f,-0.6436367656487783f,-1.0498177888213773f,1.829289129289234f,0.6107562784024663f,0.5297905716943301f,1.5071704080171866f,0.6850948750458952f,-0.47496457566525385f,-1.8179806555761187f,1.0064470733198856f,0f,0f,0f,1f], start_interpolation: 0, interpolation_duration: 1 }
$data merge entity $(bone_rightwing) { transformation: [-0.24154519254758483f,1.1198224480901795f,-0.22082734391731973f,-0.6875000000000001f,1.1297802720114578f,0.20246165114431786f,-0.20908593424892022f,-0.1875f,-0.162368617786743f,-0.2571343533648209f,-1.1263345273002994f,1.25f,0f,0f,0f,1f], start_interpolation: 0, interpolation_duration: 1 }
$data merge entity $(bone_head) { transformation: [-1.2269070000000002f,-9.795456217533122e-18f,1.4993313457586578e-16f,-4.3827661828527623e-16f,0f,1.224296953866658f,0.07998597003113962f,-0.8564814333590409f,-1.5025277304014817e-16f,0.07998597003113962f,-1.224296953866658f,3.578800178062944f,0f,0f,0f,1f], start_interpolation: 0, interpolation_duration: 1 }
$data merge entity $(bone_neck4) { transformation: [-1.0497600000000002f,-1.3586268417680455e-17f,1.2783859741442233e-16f,-4.3071127683492736e-16f,0f,1.0438813664758566f,0.11094030072294922f,-0.8169263718614861f,-1.2855852238729257e-16f,0.11094030072294922f,-1.0438813664758566f,3.5170244770557955f,0f,0f,0f,1f], start_interpolation: 0, interpolation_duration: 1 }
$data merge entity $(bone_neck3) { transformation: [-1.1664000000000003f,-9.902045893617347e-18f,1.4249917809150785e-16f,-3.683678864198927e-16f,0f,1.1635940925230142f,0.08085634078749512f,-0.781551722766957f,-1.428428026525473e-16f,0.08085634078749512f,-1.1635940925230142f,3.007952061576977f,0f,0f,0f,1f], start_interpolation: 0, interpolation_duration: 1 }
$data merge entity $(bone_neck2) { transformation: [-1.2960000000000003f,5.1424878640985745e-18f,1.5863089260834848e-16f,-3.2871016326780556e-16f,0f,1.2953195379989846f,-0.0419916000897481f,-0.792049622789394f,-1.58714225169497e-16f,-0.0419916000897481f,-1.2953195379989846f,2.6841221770772306f,0f,0f,0f,1f], start_interpolation: 0, interpolation_duration: 1 }
$data merge entity $(bone_neck1) { transformation: [-1.4400000000000002f,1.931328935017103e-17f,1.7528837870136414e-16f,-2.848880685924645e-16f,0f,1.4313382342027656f,-0.15770497553758106f,-0.8314758666737893f,-1.7634913907721887e-16f,-0.15770497553758106f,-1.4313382342027656f,2.326287618526539f,0f,0f,0f,1f], start_interpolation: 0, interpolation_duration: 1 }
$data merge entity $(bone_neck0) { transformation: [-1.6f,1.8477345821932778e-17f,1.9507034148614252e-16f,-2.372753173347997e-16f,0f,1.5928702187598751f,-0.15087897861487432f,-0.96875f,-1.9594348786357652e-16f,-0.15087897861487432f,-1.5928702187598751f,1.9375f,0f,0f,0f,1f], start_interpolation: 0, interpolation_duration: 1 }
$data merge entity $(bone_frontlegl) { transformation: [-0.9925461516413221f,-0.11201749109776224f,0.04800227651022956f,0.4291925208855783f,-4.336808689942018e-19f,0.3938831142352904f,0.919160536750958f,-0.7620891519981363f,-0.12186934340514756f,0.9123092534927353f,-0.3909471692307367f,1.5031845893473204f,0f,0f,0f,1f], start_interpolation: 0, interpolation_duration: 1 }
$data merge entity $(bone_frontlegtipleft) { transformation: [-0.9925461516413221f,-0.07300885470374452f,0.09757993644622497f,0.7982692250837006f,-4.336808689942018e-19f,0.8006930514249686f,0.5990748178648245f,-1.1336603449682667f,-0.12186934340514756f,0.5946094050169576f,-0.7947248068377997f,0.5486733138939777f,0f,0f,0f,1f], start_interpolation: 0, interpolation_duration: 1 }
$data merge entity $(bone_frontfootleftd) { transformation: [-0.9925461516413221f,-0.11929233152633072f,-0.024929430418959574f,0.8979286407096814f,-8.881686118811072e-17f,-0.2045586668673767f,0.9788543057112441f,-2.6779319164796918f,-0.12186934340514739f,0.9715580741512334f,0.20303391758409411f,-0.34980177750267805f,0f,0f,0f,1f], start_interpolation: 0, interpolation_duration: 1 }
$data merge entity $(bone_frontfootleft) { transformation: [0.9925461516413221f,0.11865120154591771f,0.02782138087356172f,0.9129495721957679f,1.167741505955039e-16f,-0.22828859248934563f,0.9735935078559396f,-2.2298762999654578f,0.12186934340514752f,-0.9663364894853881f,-0.2265869639389138f,-0.38532316146707446f,0f,0f,0f,1f], start_interpolation: 0, interpolation_duration: 1 }
$data merge entity $(bone_frontlegr) { transformation: [-0.9925461516413221f,0.11201749109776202f,-0.048002276510229466f,-0.8735013518575627f,4.336808689942018e-19f,0.3938831142352904f,0.919160536750958f,-0.8004836534836398f,0.12186934340514731f,0.9123092534927353f,-0.3909471692307367f,1.5474004970626043f,0f,0f,0f,1f], start_interpolation: 0, interpolation_duration: 1 }
$data merge entity $(bone_frontlegtipright) { transformation: [-0.9925461516413221f,0.07300885470374438f,-0.09757993644622477f,-0.7498206402377847f,4.336808689942018e-19f,0.8006930514249686f,0.5990748178648245f,-1.0956961711844961f,0.12186934340514731f,0.5946094050169576f,-0.7947248068377997f,0.503321796921229f,0f,0f,0f,1f], start_interpolation: 0, interpolation_duration: 1 }
$data merge entity $(bone_frontfootrightd) { transformation: [-0.9925461516413221f,0.1192923315263308f,0.024929430418959418f,-0.8620772185475325f,-8.794949945012232e-17f,-0.2045586668673767f,0.9788543057112441f,-2.6330378527013334f,0.12186934340514748f,0.9715580741512334f,0.20303391758409411f,-0.32412037992325415f,0f,0f,0f,1f], start_interpolation: 0, interpolation_duration: 1 }
$data merge entity $(bone_frontfootright) { transformation: [0.9925461516413221f,-0.11865120154591749f,-0.027821380873561893f,-0.8572650558006045f,1.1590678885751549e-16f,-0.22828859248934563f,0.9735935078559396f,-2.172394991757675f,-0.12186934340514735f,-0.9663364894853881f,-0.2265869639389138f,-0.3717427451736418f,0f,0f,0f,1f], start_interpolation: 0, interpolation_duration: 1 }
$data merge entity $(bone_rearlegl) { transformation: [-1.080694387781476f,0.04938233616598963f,-0.05720258913301455f,0.0011961631901989955f,-3.758567531283082e-18f,0.8200326946405045f,0.707924777664791f,-0.3920729829398997f,0.07556951322280224f,0.7062003084865747f,-0.8180351362110594f,-1.4567034923095947f,0f,0f,0f,1f], start_interpolation: 0, interpolation_duration: 1 }
$data merge entity $(bone_rearfootleftd) { transformation: [-0.9975640502598242f,0.03402747434297897f,0.060894142731897694f,0.5282638963551041f,-3.469446951953614e-18f,-0.8729532825191895f,0.4878038197256887f,-2.2515247071891182f,0.06975647374412515f,0.48661555413777113f,0.8708268121974514f,-3.774999826151621f,0f,0f,0f,1f], start_interpolation: 0, interpolation_duration: 1 }
$data merge entity $(bone_rearfootleft) { transformation: [-0.9975640502598242f,0.05280238996893653f,0.04558369492245194f,0.5662029853604068f,-3.469446951953614e-18f,-0.6534690255367299f,0.7569532565912354f,-1.8128029714747353f,0.06975647374412515f,0.7551093565025166f,0.6518772078337609f,-3.232445576203096f,0f,0f,0f,1f], start_interpolation: 0, interpolation_duration: 1 }
$data merge entity $(bone_rearlegtipleft) { transformation: [-0.9975640502598242f,0.0688598582260443f,-0.011148343119221757f,0.5734118618901635f,-3.469446951953614e-18f,0.15981804298358282f,0.9871464902115074f,-1.7146815841293717f,0.06975647374412515f,0.9847418509751613f,-0.1594287342633015f,-2.2333796497274707f,0f,0f,0f,1f], start_interpolation: 0, interpolation_duration: 1 }
$data merge entity $(bone_rearlegr) { transformation: [-1.080694387781476f,-0.04938233616598981f,0.05720258913301475f,-1.3757002206198181f,3.758567531283082e-18f,0.8200326946405045f,0.707924777664791f,-0.36664726487118116f,-0.07556951322280252f,0.7062003084865747f,-0.8180351362110594f,-1.5728725005319886f,0f,0f,0f,1f], start_interpolation: 0, interpolation_duration: 1 }
$data merge entity $(bone_rearfootrightd) { transformation: [-0.9975640502598242f,-0.060894142731897916f,0.034027474342979064f,-0.5311173846774642f,3.469446951953614e-18f,0.4878038197256886f,0.8729532825191895f,-2.2260989891204f,-0.0697564737441254f,0.8708268121974514f,-0.4866155541377709f,-3.7952536829758428f,0f,0f,0f,1f], start_interpolation: 0, interpolation_duration: 1 }
$data merge entity $(bone_rearfootright) { transformation: [-0.9975640502598242f,-0.052802389968936714f,-0.0455836949224521f,-0.5690564736827671f,3.469446951953614e-18f,-0.6534690255367299f,0.7569532565912354f,-1.787377253406017f,-0.0697564737441254f,0.7551093565025166f,0.6518772078337609f,-3.2526994330273173f,0f,0f,0f,1f], start_interpolation: 0, interpolation_duration: 1 }
$data merge entity $(bone_rearlegtipright) { transformation: [-0.9975640502598242f,-0.06885985822604454f,0.011148343119221792f,-0.7009608564950021f,3.469446951953614e-18f,0.15981804298358282f,0.9871464902115074f,-1.6892558660606534f,-0.0697564737441254f,0.9847418509751613f,-0.1594287342633015f,-2.2623530657697075f,0f,0f,0f,1f], start_interpolation: 0, interpolation_duration: 1 }
$data merge entity $(bone_tail11) { transformation: [-0.2937340837125001f,2.744010035151185e-18f,4.065795833951234e-17f,1.0209817045248105e-15f,0f,0.29350779442131153f,-0.01516707328770088f,-0.7483816091343917f,-3.5972050541899386e-17f,-0.022406542335812036f,-0.33199742462741083f,-8.336948295914038f,0f,0f,0f,1f], start_interpolation: 0, interpolation_duration: 1 }
$data merge entity $(bone_tail10) { transformation: [-0.39164544495000014f,7.039244063499912e-18f,5.387601823291328e-17f,9.906764442687967e-16f,0f,0.38931508183384583f,-0.04463898580238608f,-0.7232721796205495f,-4.796273405586585e-17f,-0.05747978983328833f,-0.43993107457941216f,-8.089487066463118f,0f,0f,0f,1f], start_interpolation: 0, interpolation_duration: 1 }
$data merge entity $(bone_tail9) { transformation: [-0.48955680618750014f,1.1527928138794434e-17f,6.693192315970045e-17f,9.530272374914652e-16f,0f,0.48397500979070784f,-0.07552434966963478f,-0.6807897329313799f,-5.99534175698323e-17f,-0.09413267684054397f,-0.5465406287453741f,-7.782057962793845f,0f,0f,0f,1f], start_interpolation: 0, interpolation_duration: 1 }
$data merge entity $(bone_tail8) { transformation: [-0.5759491837500001f,1.4288736865137257e-17f,7.861486061972025e-17f,9.088063783928725e-16f,0f,0.5685377123253557f,-0.09410555677542723f,-0.6278553572452021f,-7.053343243509683e-17f,-0.11667639089969152f,-0.6419390527493721f,-7.420967245622323f,0f,0f,0f,1f], start_interpolation: 0, interpolation_duration: 1 }
$data merge entity $(bone_tail7) { transformation: [-0.6775872750000002f,1.455483383557737e-17f,9.286972389754649e-17f,8.565671587005026e-16f,0f,0.6713637706843593f,-0.09440439998893561f,-0.5747528822514258f,-8.298050874717275e-17f,-0.11884923755740034f,-0.7583388448179998f,-6.994401645412197f,0f,0f,0f,1f], start_interpolation: 0, interpolation_duration: 1 }
$data merge entity $(bone_tail6) { transformation: [-0.7971615000000002f,1.1398629057240652e-17f,1.100031788591945e-16f,7.946903705922057e-16f,0f,0.7945592183797199f,-0.06969691535507147f,-0.5355483673641982f,-9.76241279378503e-17f,-0.0930768697160424f,-0.8982441217809332f,-6.489139326910422f,0f,0f,0f,1f], start_interpolation: 0, interpolation_duration: 1 }
$data merge entity $(bone_tail5) { transformation: [-0.8857350000000002f,4.348648547993122e-18f,1.2280321707650821e-16f,7.256135609866699e-16f,0f,0.8860626574320234f,-0.017402812205302334f,-0.5257592854987156f,-1.0847125326427811e-16f,-0.03550941015010061f,-1.0027643657094323f,-5.925084371198866f,0f,0f,0f,1f], start_interpolation: 0, interpolation_duration: 1 }
$data merge entity $(bone_tail4) { transformation: [-0.9841500000000002f,-4.398777043088238e-18f,1.364626661039449e-16f,6.488533113032009e-16f,0f,0.9835706352258127f,0.047229714968443005f,-0.5523260001684649f,-1.205236147380868e-16f,0.03591874037600749f,-1.1143022314593527f,-5.29828936600298f,0f,0f,0f,1f], start_interpolation: 0, interpolation_duration: 1 }
$data merge entity $(bone_tail3) { transformation: [-1.0935000000000001f,-1.2694445133525263e-17f,1.5117187438659449e-16f,5.638191319607414e-16f,0f,1.0887000633626849f,0.10872379662811968f,-0.6134831357717823f,-1.339151274867631e-16f,0.1036580109658036f,-1.2344120320393297f,-4.603932597980857f,0f,0f,0f,1f], start_interpolation: 0, interpolation_duration: 1 }
$data merge entity $(bone_tail2) { transformation: [-1.215f,-1.80343613955533e-17f,1.6759239798361827e-16f,4.695484080949561e-16f,0f,1.2065061855594583f,0.14909761292864923f,-0.6973505430441475f,-1.4879458609640342e-16f,0.14726173626640368f,-1.3684957826232236f,-3.834153720255294f,0f,0f,0f,1f], start_interpolation: 0, interpolation_duration: 1 }
$data merge entity $(bone_tail1) { transformation: [-1.35f,-1.8138065387451882e-17f,1.8640844780930197e-16f,3.646936562022238e-16f,0f,1.342182211554287f,0.15198388427368287f,-0.7828414779480941f,-1.6532731788489269e-16f,0.14810854362319248f,-1.522140489315669f,-2.9779496950152304f,0f,0f,0f,1f], start_interpolation: 0, interpolation_duration: 1 }
$data merge entity $(bone_tail0) { transformation: [-1.5f,-1.1557886027356997e-17f,2.0777746642829147e-16f,2.4492935982947064e-16f,0f,1.497028030782769f,0.10696094177350769f,-0.46875f,-1.8369701987210297e-16f,0.09437730156485974f,-1.6966317682204717f,-2f,0f,0f,0f,1f], start_interpolation: 0, interpolation_duration: 1 }