# This file was generated by Animated Java via MC-Build. It is not recommended to edit this file directly.
$data merge entity $(bone_leftwing20) { transformation: [-1.6354043586013483f,2.459982164679444f,0.1602387107969259f,4.047686610391823f,2.206569558652163f,1.546477893847214f,-1.22114414291786f,-2.4169536823607176f,-1.0991994713464979f,-0.5555447636437901f,-2.689770742812602f,2.4001394558864635f,0f,0f,0f,1f], start_interpolation: 0, interpolation_duration: 1 }
$data merge entity $(bone_leftwing21) { transformation: [-1.2512462610738315f,2.459850157185818f,-1.0650431276812238f,4.047686610391823f,2.411100206534228f,1.5463949067940368f,0.7389556493940647f,-2.4169536823607176f,1.171228181730059f,-0.5555149520163326f,-2.6590269930722648f,2.4001394558864635f,0f,0f,0f,1f], start_interpolation: 0, interpolation_duration: 1 }
$data merge entity $(bone_leftwing22) { transformation: [-0.10325978301624526f,2.464600001621817f,-1.643078945778815f,4.047686610391823f,1.1455384441665868f,1.549380916011889f,2.2520623043954617f,-2.4169536823607176f,2.73161184339801f,-0.5565876228846133f,-1.0065441509957833f,2.4001394558864635f,0f,0f,0f,1f], start_interpolation: 0, interpolation_duration: 1 }
$data merge entity $(bone_leftwing23) { transformation: [1.0925143136028759f,2.4253345285571983f,-1.1962898242505928f,4.047686610391823f,-0.8111085635722074f,1.5246965150606333f,2.35039313296866f,-2.4169536823607176f,2.57981778758057f,-0.5477201895079621f,1.2455870990551785f,2.4001394558864635f,0f,0f,0f,1f], start_interpolation: 0, interpolation_duration: 1 }
$data merge entity $(bone_leftwing1) { transformation: [-1.0882451399757673f,1.6630865338677931f,0.22330628335703595f,2.4153189004281725f,1.3972985368192792f,1.0455061817558629f,-0.9769716592168772f,-0.32100587713179896f,-0.9291282550443851f,-0.37557955851974545f,-1.7307977007438764f,1.0064470733198858f,0f,0f,0f,1f], start_interpolation: 0, interpolation_duration: 1 }
$data merge entity $(bone_leftwing) { transformation: [-1.1518792669521152f,0.06823052153773013f,-0.1721332664177912f,0.6874999999999999f,0.08900391808786597f,1.1550830104618302f,-0.1377412524211794f,-0.1875f,0.16236861778674286f,-0.14912728115350313f,-1.145647675808273f,1.25f,0f,0f,0f,1f], start_interpolation: 0, interpolation_duration: 1 }
$data merge entity $(bone_rightwing20) { transformation: [-1.6354043586013487f,-2.459982164679444f,-0.16023871079692528f,-4.047686610391825f,-2.206569558652163f,1.546477893847214f,-1.22114414291786f,-2.4169536823607176f,1.0991994713464976f,-0.5555447636437907f,-2.689770742812602f,2.4001394558864626f,0f,0f,0f,1f], start_interpolation: 0, interpolation_duration: 1 }
$data merge entity $(bone_rightwing21) { transformation: [-1.2513134090187379f,-2.459982164679444f,1.0651002830626115f,-4.047686610391825f,-2.4112295978689873f,1.546477893847214f,0.7389953053393231f,-2.4169536823607176f,-1.1712910355166133f,-0.5555447636437907f,-2.6591696893612293f,2.4001394558864626f,0f,0f,0f,1f], start_interpolation: 0, interpolation_duration: 1 }
$data merge entity $(bone_rightwing22) { transformation: [-0.10306630868354968f,-2.459982164679444f,1.640000364812306f,-4.047686610391825f,-1.1433920878641852f,1.546477893847214f,2.2478426920855865f,-2.4169536823607176f,-2.726493715476902f,-0.5555447636437907f,-1.0046582235586576f,2.4001394558864626f,0f,0f,0f,1f], start_interpolation: 0, interpolation_duration: 1 }
$data merge entity $(bone_rightwing23) { transformation: [1.0925143136028763f,-2.4253345285571983f,1.1962898242505924f,-4.047686610391825f,0.8111085635722074f,1.5246965150606333f,2.35039313296866f,-2.4169536823607176f,-2.57981778758057f,-0.5477201895079625f,1.2455870990551792f,2.4001394558864626f,0f,0f,0f,1f], start_interpolation: 0, interpolation_duration: 1 }
$data merge entity $(bone_rightwing1) { transformation: [-1.0882451399757676f,-1.6630865338677931f,-0.22330628335703556f,-2.415318900428173f,-1.3972985368192792f,1.0455061817558629f,-0.9769716592168772f,-0.32100587713179896f,0.9291282550443849f,-0.3755795585197458f,-1.7307977007438766f,1.0064470733198854f,0f,0f,0f,1f], start_interpolation: 0, interpolation_duration: 1 }
$data merge entity $(bone_rightwing) { transformation: [-1.1518792669521152f,-0.06823052153773008f,0.17213326641779148f,-0.6875000000000001f,-0.08900391808786597f,1.1550830104618302f,-0.1377412524211794f,-0.1875f,-0.1623686177867431f,-0.14912728115350313f,-1.145647675808273f,1.25f,0f,0f,0f,1f], start_interpolation: 0, interpolation_duration: 1 }
$data merge entity $(bone_head) { transformation: [-1.2269070000000002f,1.0859951099716408e-17f,1.498597920336407e-16f,-4.396808959228859e-16f,0f,1.223698066560733f,-0.08867823038673292f,-0.739537138415177f,-1.5025277304014817e-16f,-0.08867823038673292f,-1.223698066560733f,3.5902669751720158f,0f,0f,0f,1f], start_interpolation: 0, interpolation_duration: 1 }
$data merge entity $(bone_neck4) { transformation: [-1.0497600000000002f,1.8191993749356063e-17f,1.2726486177192582e-16f,-4.311583422574732e-16f,0f,1.0391964594243217f,-0.1485489021162839f,-0.7163465554404347f,-1.2855852238729257e-16f,-0.1485489021162839f,-1.0391964594243217f,3.520675043266862f,0f,0f,0f,1f], start_interpolation: 0, interpolation_duration: 1 }
$data merge entity $(bone_neck3) { transformation: [-1.1664000000000003f,2.7586211656819285e-17f,1.4015372701451692e-16f,-3.6984108668862206e-16f,0f,1.1444420310582397f,-0.2252585127077119f,-0.8148971547500586f,-1.428428026525473e-16f,-0.2252585127077119f,-1.1444420310582397f,3.0199816546788822f,0f,0f,0f,1f], start_interpolation: 0, interpolation_duration: 1 }
$data merge entity $(bone_neck2) { transformation: [-1.2960000000000003f,2.347277267228158e-17f,1.569688956902901e-16f,-3.3059886276604955e-16f,0f,1.2817483032624422f,-0.19166973439708684f,-0.8628145883493303f,-1.58714225169497e-16f,-0.19166973439708684f,-1.2817483032624422f,2.6995445788632715f,0f,0f,0f,1f], start_interpolation: 0, interpolation_duration: 1 }
$data merge entity $(bone_neck1) { transformation: [-1.4400000000000002f,7.88673383173978e-18f,1.761726944868119e-16f,-2.865556891443466e-16f,0f,1.4385592205807436f,-0.06440006896054298f,-0.8789146055894661f,-1.7634913907721887e-16f,-0.06440006896054298f,-1.4385592205807436f,2.339904773718086f,0f,0f,0f,1f], start_interpolation: 0, interpolation_duration: 1 }
$data merge entity $(bone_neck0) { transformation: [-1.6f,-4.963501669220437e-18f,1.9588061182088237e-16f,-2.372753173347997e-16f,0f,1.59948657814859f,0.04053006689501185f,-0.96875f,-1.9594348786357652e-16f,0.04053006689501185f,-1.59948657814859f,1.9375f,0f,0f,0f,1f], start_interpolation: 0, interpolation_duration: 1 }
$data merge entity $(bone_frontlegl) { transformation: [-0.9925461516413221f,-0.1100122659393415f,0.05243508562874085f,0.42944183758475973f,0f,0.430256569565846f,0.9027066435700085f,-0.7604426614409233f,-0.12186934340514756f,0.8959780051364664f,-0.4270495023409772f,1.5011540677789075f,0f,0f,0f,1f], start_interpolation: 0, interpolation_duration: 1 }
$data merge entity $(bone_frontlegtipleft) { transformation: [-0.9925461516413221f,-0.06905587421698886f,0.10041624917377268f,0.7966147379287482f,0f,0.8239664411741734f,0.5666386007136889f,-1.1713273935704593f,-0.12186934340514756f,0.5624149625097955f,-0.8178247202690216f,0.5621480304445439f,0f,0f,0f,1f], start_interpolation: 0, interpolation_duration: 1 }
$data merge entity $(bone_frontfootleftd) { transformation: [-0.9925461516413221f,-0.12019230209577078f,-0.02014813586713975f,0.8886745879138109f,-8.202736446319197e-17f,-0.16532571116066794f,0.9862390223618307f,-2.750447525993609f,-0.1218693434051474f,0.9788877462437346f,0.16409339837988582f,-0.2744335656703416f,0f,0f,0f,1f], start_interpolation: 0, interpolation_duration: 1 }
$data merge entity $(bone_frontfootleft) { transformation: [0.9925461516413221f,0.11744618948874468f,0.03253504935566648f,0.9058713890217935f,1.147213488076053e-16f,-0.2669666418691183f,0.9637057705177063f,-2.304229252789539f,0.12186934340514752f,-0.9565224538418844f,-0.2649767130038002f,-0.3276759856175657f,0f,0f,0f,1f], start_interpolation: 0, interpolation_duration: 1 }
$data merge entity $(bone_frontlegr) { transformation: [-0.9925461516413221f,0.11001226593934128f,-0.052435085628740746f,-0.873556885678362f,0f,0.430256569565846f,0.9027066435700085f,-0.8016921637448866f,0.12186934340514731f,0.8959780051364664f,-0.4270495023409772f,1.5469482103875463f,0f,0f,0f,1f], start_interpolation: 0, interpolation_duration: 1 }
$data merge entity $(bone_frontlegtipright) { transformation: [-0.9925461516413221f,0.06905587421698871f,-0.10041624917377248f,-0.748340999199916f,0f,0.8239664411741734f,0.5666386007136889f,-1.1374304982657093f,0.12186934340514731f,0.5624149625097955f,-0.8178247202690216f,0.5153725061226782f,0f,0f,0f,1f], start_interpolation: 0, interpolation_duration: 1 }
$data merge entity $(bone_frontfootrightd) { transformation: [-0.9925461516413221f,0.12019230209577086f,0.020148135867139594f,-0.8530384187086263f,-8.202736446319197e-17f,-0.16532571116066794f,0.9862390223618307f,-2.7068734678032844f,0.12186934340514746f,0.9788877462437346f,0.16409339837988582f,-0.2505052627420812f,0f,0f,0f,1f], start_interpolation: 0, interpolation_duration: 1 }
$data merge entity $(bone_frontfootright) { transformation: [0.9925461516413221f,-0.11744618948874445f,-0.03253504935566666f,-0.8504624218624711f,1.147213488076053e-16f,-0.2669666418691183f,0.9637057705177063f,-2.2484609046462234f,-0.12186934340514735f,-0.9565224538418844f,-0.2649767130038002f,-0.31633973775878677f,0f,0f,0f,1f], start_interpolation: 0, interpolation_duration: 1 }
$data merge entity $(bone_rearlegl) { transformation: [-1.080694387781476f,0.04705980280611799f,-0.059128049930473575f,0.0005481372338987933f,3.758567531283082e-18f,0.8476353054680217f,0.6746298985630897f,-0.3926195346215542f,0.07556951322280225f,0.6729865340369702f,-0.845570508465903f,-1.4659706952363292f,0f,0f,0f,1f], start_interpolation: 0, interpolation_duration: 1 }
$data merge entity $(bone_rearfootleftd) { transformation: [-0.9975640502598242f,0.03643088464661594f,0.05948744634861869f,0.5329195721007984f,3.469446951953614e-18f,-0.852787464097247f,0.5222581172931512f,-2.341428980419151f,0.06975647374412516f,0.5209859227680264f,0.850710116695654f,-3.708420561112975f,0f,0f,0f,1f], start_interpolation: 0, interpolation_duration: 1 }
$data merge entity $(bone_rearfootleft) { transformation: [-0.9975640502598242f,0.05457973839736023f,0.04343981797487813f,0.5696069142581972f,3.469446951953614e-18f,-0.6227352909813133f,0.7824325896627895f,-1.8813484863986474f,0.06975647374412516f,0.7805266231992954f,0.621218339111049f,-3.1837671250742168f,0f,0f,0f,1f], start_interpolation: 0, interpolation_duration: 1 }
$data merge entity $(bone_rearlegtipleft) { transformation: [-0.9975640502598242f,0.0683600107515111f,-0.013887928544895038f,0.5764871674025253f,3.469446951953614e-18f,0.19909160826904138f,0.9799808832405082f,-1.7435056833321378f,0.06975647374412516f,0.9775936990626013f,-0.19860663111760724f,-2.189400731957757f,0f,0f,0f,1f], start_interpolation: 0, interpolation_duration: 1 }
$data merge entity $(bone_rearlegr) { transformation: [-1.080694387781476f,-0.047059802806118156f,0.05912804993047378f,-1.3749825149895776f,-3.758567531283082e-18f,0.8476353054680217f,0.6746298985630897f,-0.3680125752285961f,-0.07556951322280253f,0.6729865340369702f,-0.845570508465903f,-1.5831361692206216f,0f,0f,0f,1f], start_interpolation: 0, interpolation_duration: 1 }
$data merge entity $(bone_rearfootrightd) { transformation: [-0.9975640502598242f,-0.03643088464661608f,-0.05948744634861891f,-0.5357033807492184f,-3.469446951953614e-18f,-0.852787464097247f,0.5222581172931512f,-2.316822021026193f,-0.06975647374412541f,0.5209859227680264f,0.850710116695654f,-3.7296708836990953f,0f,0f,0f,1f], start_interpolation: 0, interpolation_duration: 1 }
$data merge entity $(bone_rearfootright) { transformation: [-0.9975640502598242f,-0.05457973839736044f,-0.04343981797487828f,-0.5723907229066173f,-3.469446951953614e-18f,-0.6227352909813133f,0.7824325896627895f,-1.8567415270056893f,-0.06975647374412541f,0.7805266231992954f,0.621218339111049f,-3.205017447660337f,0f,0f,0f,1f], start_interpolation: 0, interpolation_duration: 1 }
$data merge entity $(bone_rearlegtipright) { transformation: [-0.9975640502598242f,-0.06836001075151135f,0.013887928544895093f,-0.7039664823334236f,-3.469446951953614e-18f,0.19909160826904138f,0.9799808832405082f,-1.7188987239391798f,-0.06975647374412541f,0.9775936990626013f,-0.19860663111760724f,-2.219370613761893f,0f,0f,0f,1f], start_interpolation: 0, interpolation_duration: 1 }
$data merge entity $(bone_tail11) { transformation: [-0.2937340837125001f,-1.652773395751758e-18f,4.0733519322146855e-17f,1.0116756925923043e-15f,0f,0.2935523274295845f,0.010665029967393786f,-0.18912598108498008f,-3.5972050541899386e-17f,0.013495918961307668f,-0.3326144268739944f,-8.260958941767308f,0f,0f,0f,1f], start_interpolation: 0, interpolation_duration: 1 }
$data merge entity $(bone_tail10) { transformation: [-0.39164544495000014f,-5.660712716744184e-18f,5.406048781390164e-17f,9.812666681969847e-16f,0f,0.3897010392944564f,0.039136922907327606f,-0.21114050022035186f,-4.796273405586585e-17f,0.046223227143412975f,-0.4414373830196646f,-8.012650413818747f,0f,0f,0f,1f], start_interpolation: 0, interpolation_duration: 1 }
$data merge entity $(bone_tail9) { transformation: [-0.48955680618750014f,-1.176111039302208e-17f,6.691941085908542e-17f,9.436244995887492e-16f,0f,0.4825411878438017f,0.08270013663627032f,-0.2576593270782539f,-5.99534175698323e-17f,0.09603675444389854f,-0.5464384580572728f,-7.705278781161532f,0f,0f,0f,1f], start_interpolation: 0, interpolation_duration: 1 }
$data merge entity $(bone_tail8) { transformation: [-0.5759491837500001f,-1.847076274643823e-17f,7.777206167648549e-17f,8.998777148957262e-16f,0f,0.5609439199914152f,0.1307145481941427f,-0.33118626043745913f,-7.053343243509683e-17f,0.1508252237240834f,-0.6350570771150787f,-7.3480591752843f,0f,0f,0f,1f], start_interpolation: 0, interpolation_duration: 1 }
$data merge entity $(bone_tail7) { transformation: [-0.6775872750000002f,-2.4910254902190127e-17f,9.068242907562466e-17f,8.488688485406872e-16f,0f,0.6541651013739807f,0.17671950695200003f,-0.4305909830979591f,-8.298050874717275e-17f,0.20340766757838757f,-0.7404782271815948f,-6.931540172494653f,0f,0f,0f,1f], start_interpolation: 0, interpolation_duration: 1 }
$data merge entity $(bone_tail6) { transformation: [-0.7971615000000002f,-2.9566027590835595e-17f,1.066134912058364e-16f,7.888987597374043e-16f,0f,0.7690971680973022f,0.20977978566046998f,-0.5485921125319735f,-9.76241279378503e-17f,0.2414249366545571f,-0.870565221581152f,-6.441847235355255f,0f,0f,0f,1f], start_interpolation: 0, interpolation_duration: 1 }
$data merge entity $(bone_tail5) { transformation: [-0.8857350000000002f,-2.921098256705695e-17f,1.1940918589448798e-16f,7.217310926717547e-16f,0f,0.8612845992910793f,0.20683079521075742f,-0.6649344348380245f,-1.0847125326427811e-16f,0.2385257740223121f,-0.9750499979065418f,-5.893381611532826f,0f,0f,0f,1f], start_interpolation: 0, interpolation_duration: 1 }
$data merge entity $(bone_tail4) { transformation: [-0.9841500000000002f,-2.4915280995903775e-17f,1.3429748848373883e-16f,6.461887553996516e-16f,0f,0.9684297995679125f,0.17542384195294186f,-0.7636103459365543f,-1.205236147380868e-16f,0.20344870874811216f,-1.0966222144804687f,-5.276531615887563f,0f,0f,0f,1f], start_interpolation: 0, interpolation_duration: 1 }
$data merge entity $(bone_tail3) { transformation: [-1.0935000000000001f,-1.730963152028447e-17f,1.5077532844983767e-16f,5.613776331466179e-16f,0f,1.086927197756776f,0.12011880490172872f,-0.8311771736937767f,-1.339151274867631e-16f,0.14134386773669033f,-1.231173988735473f,-4.583996247223859f,0f,0f,0f,1f], start_interpolation: 0, interpolation_duration: 1 }
$data merge entity $(bone_tail2) { transformation: [-1.215f,-8.209098065349852e-18f,1.6842860408800238e-16f,4.666365433471166e-16f,0f,1.2138484466776158f,0.054006615942133025f,-0.8615558951612265f,-1.4879458609640342e-16f,0.06703237268954072f,-1.3753239236428731f,-3.810376540174743f,0f,0f,0f,1f], start_interpolation: 0, interpolation_duration: 1 }
$data merge entity $(bone_tail1) { transformation: [-1.35f,-3.722316532059366e-19f,1.873646729268315e-16f,3.612439148257738e-16f,0f,1.350051340049375f,-0.0030395021116709497f,-0.8598461752234117f,-1.6532731788489269e-16f,0.003039502111670884f,-1.5299486599506245f,-2.9497804189525167f,0f,0f,0f,1f], start_interpolation: 0, interpolation_duration: 1 }
$data merge entity $(bone_tail0) { transformation: [-1.5f,3.1023729082083464e-18f,2.0816026350818715e-16f,2.4492935982947064e-16f,0f,1.499786067871952f,-0.02871050356519761f,-0.46875f,-1.8369701987210297e-16f,-0.025332797263409656f,-1.699757543588212f,-2f,0f,0f,0f,1f], start_interpolation: 0, interpolation_duration: 1 }