# This file was generated by Animated Java via MC-Build. It is not recommended to edit this file directly.
$data merge entity $(bone_leftwing20) { transformation: [-2.440010081701676f,1.3569975158903254f,0.978082130586579f,4.582119103590594f,0.8594779919815684f,2.501041020318595f,-1.3258308742423235f,-0.11417435236767703f,-1.4350555716085094f,-0.809374862262425f,-2.457084440926719f,2.714195245700105f,0f,0f,0f,1f], start_interpolation: 0, interpolation_duration: 1 }
$data merge entity $(bone_leftwing21) { transformation: [-2.3984181210368405f,1.3569246967278528f,-1.0757056984005797f,4.582119103590594f,1.5506832805274626f,2.5009068095258145f,-0.30272654168298124f,-0.11417435236767703f,0.7705639140616694f,-0.8093314296113656f,-2.7389798752215255f,2.714195245700105f,0f,0f,0f,1f], start_interpolation: 0, interpolation_duration: 1 }
$data merge entity $(bone_leftwing22) { transformation: [-0.8940062545990193f,1.359544848691985f,-2.4772998998864404f,4.582119103590594f,1.2974588689689908f,2.505735932250821f,0.9069245249772767f,-0.11417435236767703f,2.5103739707294577f,-0.8108942070742888f,-1.3509616148735755f,2.714195245700105f,0f,0f,0f,1f], start_interpolation: 0, interpolation_duration: 1 }
$data merge entity $(bone_leftwing23) { transformation: [1.1424948226123637f,1.3378848748214474f,-2.3263091124079764f,4.582119103590594f,0.24493827622645095f,2.465815090454953f,1.538410096485424f,-0.11417435236767703f,2.6723875590167685f,-0.797975216315067f,0.8535366032009193f,2.714195245700105f,0f,0f,0f,1f], start_interpolation: 0, interpolation_duration: 1 }
$data merge entity $(bone_leftwing1) { transformation: [-1.571429428131974f,0.9174067713061353f,0.8300447990093487f,2.224974961392634f,0.48417979793271027f,1.6908446334548248f,-0.9521629843628974f,0.6120953445313884f,-1.1384987815868128f,-0.5471830054731888f,-1.5506164202815187f,1.0064470733198856f,0f,0f,0f,1f], start_interpolation: 0, interpolation_duration: 1 }
$data merge entity $(bone_leftwing) { transformation: [-1.0249833075950894f,-0.5570345047834669f,0.01526075827668426f,0.6874999999999999f,-0.5330635630209256f,0.9708297189917461f,-0.36666606825960096f,-0.1875f,0.16236861778674289f,-0.3291099030934139f,-1.1074449037107794f,1.25f,0f,0f,0f,1f], start_interpolation: 0, interpolation_duration: 1 }
$data merge entity $(bone_rightwing20) { transformation: [-2.440010081701676f,-1.3569975158903251f,-0.9780821305865787f,-4.582119103590595f,-0.8594779919815684f,2.501041020318595f,-1.3258308742423235f,-0.11417435236767703f,1.4350555716085087f,-0.8093748622624254f,-2.457084440926719f,2.714195245700104f,0f,0f,0f,1f], start_interpolation: 0, interpolation_duration: 1 }
$data merge entity $(bone_rightwing21) { transformation: [-2.398546831789363f,-1.3569975158903251f,1.0757634259872426f,-4.582119103590595f,-1.5507664977155795f,2.501041020318595f,-0.3027427874579139f,-0.11417435236767703f,-0.7706052662597606f,-0.8093748622624254f,-2.7391268621700444f,2.714195245700104f,0f,0f,0f,1f], start_interpolation: 0, interpolation_duration: 1 }
$data merge entity $(bone_rightwing22) { transformation: [-0.8923311855791038f,-1.3569975158903251f,2.4726582675779505f,-4.582119103590595f,-1.2950278645494537f,2.501041020318595f,0.9052252514348651f,-0.11417435236767703f,-2.505670368662763f,-0.8093748622624254f,-1.3484303641843007f,2.714195245700104f,0f,0f,0f,1f], start_interpolation: 0, interpolation_duration: 1 }
$data merge entity $(bone_rightwing23) { transformation: [1.1424948226123643f,-1.3378848748214471f,2.3263091124079764f,-4.582119103590595f,-0.24493827622645095f,2.465815090454953f,1.538410096485424f,-0.11417435236767703f,-2.6723875590167676f,-0.7979752163150672f,0.8535366032009197f,2.714195245700104f,0f,0f,0f,1f], start_interpolation: 0, interpolation_duration: 1 }
$data merge entity $(bone_rightwing1) { transformation: [-1.5714294281319743f,-0.9174067713061352f,-0.8300447990093485f,-2.224974961392634f,-0.48417979793271027f,1.6908446334548248f,-0.9521629843628974f,0.6120953445313884f,1.1384987815868124f,-0.547183005473189f,-1.5506164202815187f,1.0064470733198854f,0f,0f,0f,1f], start_interpolation: 0, interpolation_duration: 1 }
$data merge entity $(bone_rightwing) { transformation: [-1.0249833075950894f,0.557034504783467f,-0.01526075827668399f,-0.6875000000000001f,0.5330635630209256f,0.9708297189917461f,-0.36666606825960096f,-0.1875f,-0.16236861778674316f,-0.3291099030934138f,-1.1074449037107794f,1.25f,0f,0f,0f,1f], start_interpolation: 0, interpolation_duration: 1 }
$data merge entity $(bone_head) { transformation: [-1.2269070000000002f,8.186691590792662e-18f,1.5002957670756636e-16f,-4.3825167633905285e-16f,0f,1.2250844636349254f,-0.06684940994001327f,-0.6724861434046064f,-1.5025277304014817e-16f,-0.06684940994001327f,-1.2250844636349254f,3.578596511616089f,0f,0f,0f,1f], start_interpolation: 0, interpolation_duration: 1 }
$data merge entity $(bone_neck4) { transformation: [-1.0497600000000002f,1.5316474827414744e-17f,1.276428583088971e-16f,-4.2979535785639005e-16f,0f,1.0422830353843004f,-0.1250685082268509f,-0.6477315803130252f,-1.2855852238729257e-16f,-0.1250685082268509f,-1.0422830353843004f,3.5095454310224814f,0f,0f,0f,1f], start_interpolation: 0, interpolation_duration: 1 }
$data merge entity $(bone_neck3) { transformation: [-1.1664000000000003f,2.919409359900209e-17f,1.398276480835149e-16f,-3.686207618198523e-16f,0f,1.1417793945231256f,-0.23838786513244592f,-0.7520262713084703f,-1.428428026525473e-16f,-0.23838786513244592f,-1.1417793945231256f,3.010016945918614f,0f,0f,0f,1f], start_interpolation: 0, interpolation_duration: 1 }
$data merge entity $(bone_neck2) { transformation: [-1.2960000000000003f,3.232429020787529e-17f,1.5538772645775745e-16f,-3.297738302054129e-16f,0f,1.2688370766652428f,-0.26394786015348026f,-0.8180132363468404f,-1.58714225169497e-16f,-0.26394786015348026f,-1.2688370766652428f,2.6928076767523033f,0f,0f,0f,1f], start_interpolation: 0, interpolation_duration: 1 }
$data merge entity $(bone_neck1) { transformation: [-1.4400000000000002f,2.0739061658005906e-17f,1.7512541270421527e-16f,-2.859924770293591e-16f,0f,1.4300075158498302f,-0.16934728994878562f,-0.8603500588340368f,-1.7634913907721887e-16f,-0.16934728994878562f,-1.4300075158498302f,2.3353057977898457f,0f,0f,0f,1f], start_interpolation: 0, interpolation_duration: 1 }
$data merge entity $(bone_neck0) { transformation: [-1.6f,4.125643949274263e-18f,1.9590004976555616e-16f,-2.372753173347997e-16f,0f,1.599645301012091f,-0.0336884394108301f,-0.96875f,-1.9594348786357652e-16f,-0.0336884394108301f,-1.599645301012091f,1.9375f,0f,0f,0f,1f], start_interpolation: 0, interpolation_duration: 1 }
$data merge entity $(bone_frontlegl) { transformation: [-0.992546151641322f,-0.1108099163963066f,0.050727697466426844f,0.4293443232615064f,0f,0.41624658055131675f,0.9092517716118765f,-0.7610706783375738f,-0.12186934340514756f,0.9024743467864224f,-0.41314394166006896f,1.5019482582091719f,0f,0f,0f,1f], start_interpolation: 0, interpolation_duration: 1 }
$data merge entity $(bone_frontlegtipleft) { transformation: [-0.992546151641322f,-0.07060035385721788f,0.09933643287957046f,0.7972772895989066f,0f,0.8151059988017844f,0.5793118423762332f,-1.1568027444583018f,-0.12186934340514756f,0.5749937397507743f,-0.8090303222904671f,0.55675198011634f,0f,0f,0f,1f], start_interpolation: 0, interpolation_duration: 1 }
$data merge entity $(bone_frontfootleftd) { transformation: [-0.992546151641322f,-0.11986638148061377f,-0.022004259877253917f,0.8923006740686644f,-8.450517594777173e-17f,-0.18055615352010185f,0.9835646778051892f,-2.722720961690289f,-0.1218693434051474f,0.9762333358458772f,0.17921031533153692f,-0.3039656674931504f,0f,0f,0f,1f], start_interpolation: 0, interpolation_duration: 1 }
$data merge entity $(bone_frontfootleft) { transformation: [0.992546151641322f,0.11793523700000172f,0.0307150897077512f,0.9086557919360099f,1.153703100702e-16f,-0.2520329465109269f,0.9677186542962889f,-2.275706480648795f,0.12186934340514752f,-0.9605054261933004f,-0.2501543311462435f,-0.35035312754600545f,0f,0f,0f,1f], start_interpolation: 0, interpolation_duration: 1 }
$data merge entity $(bone_frontlegr) { transformation: [-0.992546151641322f,0.11080991639630636f,-0.05072769746642674f,-0.8735360743781464f,0f,0.41624658055131675f,0.9092517716118765f,-0.8012219325403748f,0.12186934340514731f,0.9024743467864224f,-0.41314394166006896f,1.5471177048261187f,0f,0f,0f,1f], start_interpolation: 0, interpolation_duration: 1 }
$data merge entity $(bone_frontlegtipright) { transformation: [-0.992546151641322f,0.07060035385721775f,-0.09933643287957025f,-0.7489381787352832f,0f,0.8151059988017844f,0.5793118423762332f,-1.1213237401473921f,0.12186934340514731f,0.5749937397507743f,-0.8090303222904671f,0.5105088691069515f,0f,0f,0f,1f], start_interpolation: 0, interpolation_duration: 1 }
$data merge entity $(bone_frontfootrightd) { transformation: [-0.992546151641322f,0.11986638148061383f,0.02200425987725376f,-0.8565818965321336f,-8.450517594777173e-17f,-0.18055615352010185f,0.9835646778051892f,-2.6786272800831847f,0.12186934340514746f,0.9762333358458772f,0.17921031533153692f,-0.2793645736965696f,0f,0f,0f,1f], start_interpolation: 0, interpolation_duration: 1 }
$data merge entity $(bone_frontfootright) { transformation: [0.992546151641322f,-0.11793523700000148f,-0.03071508970775137f,-0.8531410897373515f,1.153703100702e-16f,-0.2520329465109269f,0.9677186542962889f,-2.2192639686413487f,-0.12186934340514735f,-0.9605054261933004f,-0.2501543311462435f,-0.3381557368972987f,0f,0f,0f,1f], start_interpolation: 0, interpolation_duration: 1 }
$data merge entity $(bone_rearlegl) { transformation: [-1.080694387781476f,0.047968473082324985f,-0.058393295153481004f,0.0007989459169255309f,7.517135062566164e-18f,0.837102164419526f,0.6876562203857797f,-0.39236383929043694f,0.07556951322280225f,0.6859811243944007f,-0.8350630256196075f,-1.4623839639660787f,0f,0f,0f,1f], start_interpolation: 0, interpolation_duration: 1 }
$data merge entity $(bone_rearfootleftd) { transformation: [-0.9975640502598242f,0.03550667494187945f,0.060043664643212216f,0.5310866560536155f,6.938893903907228e-18f,-0.8607611798649593f,0.5090090286404393f,-2.3069240027304305f,0.06975647374412516f,0.5077691082293754f,0.8586644088925136f,-3.7346324817803107f,0f,0f,0f,1f], start_interpolation: 0, interpolation_duration: 1 }
$data merge entity $(bone_rearfootleft) { transformation: [-0.9975640502598242f,0.05390150321859787f,0.044278590537530735f,0.5682658749504926f,6.938893903907228e-18f,-0.6347595880484117f,0.772709690233409f,-1.8550310392010136f,0.06975647374412516f,0.7708274082642534f,0.633213345594831f,-3.2029448806508327f,0f,0f,0f,1f], start_interpolation: 0, interpolation_duration: 1 }
$data merge entity $(bone_rearlegtipleft) { transformation: [-0.9975640502598242f,0.06856658664280982f,-0.012829217644458197f,0.575286534554842f,6.938893903907228e-18f,0.18391436602023864f,0.9829422699077366f,-1.7325505650500086f,0.06975647374412516f,0.980547871940747f,-0.18346635986811705f,-2.206570581609321f,0f,0f,0f,1f], start_interpolation: 0, interpolation_duration: 1 }
$data merge entity $(bone_rearlegr) { transformation: [-1.080694387781476f,-0.047968473082325144f,0.05839329515348121f,-1.3752600409980666f,-7.517135062566164e-18f,0.837102164419526f,0.6876562203857797f,-0.36743503144172485f,-0.07556951322280253f,0.6859811243944007f,-0.8350630256196075f,-1.5791673623956621f,0f,0f,0f,1f], start_interpolation: 0, interpolation_duration: 1 }
$data merge entity $(bone_rearfootrightd) { transformation: [-0.9975640502598242f,-0.03550667494187958f,-0.060043664643212424f,-0.5338971820274977f,-6.938893903907228e-18f,-0.8607611798649593f,0.5090090286404393f,-2.2819951948817185f,-0.06975647374412541f,0.5077691082293754f,0.8586644088925136f,-3.755500728811722f,0f,0f,0f,1f], start_interpolation: 0, interpolation_duration: 1 }
$data merge entity $(bone_rearfootright) { transformation: [-0.9975640502598242f,-0.05390150321859806f,-0.04427859053753088f,-0.571076400924375f,-6.938893903907228e-18f,-0.6347595880484117f,0.772709690233409f,-1.8301022313523014f,-0.06975647374412541f,0.7708274082642534f,0.633213345594831f,-3.223813127682244f,0f,0f,0f,1f], start_interpolation: 0, interpolation_duration: 1 }
$data merge entity $(bone_rearlegtipright) { transformation: [-0.9975640502598242f,-0.06856658664281005f,0.01282921764445825f,-0.7027925668112027f,-6.938893903907228e-18f,0.18391436602023864f,0.9829422699077366f,-1.7076217572012964f,-0.06975647374412541f,0.980547871940747f,-0.18346635986811705f,-2.2361583878587474f,0f,0f,0f,1f], start_interpolation: 0, interpolation_duration: 1 }
$data merge entity $(bone_tail11) { transformation: [-0.2937340837125001f,-5.409560860180806e-19f,4.076384521218843e-17f,1.0103352530260452e-15f,0f,0.29370090066648175f,0.004932425809289424f,0.032492734534127106f,-3.5972050541899386e-17f,0.0044172416601645035f,-0.33286205655842815f,-8.250013422069774f,0f,0f,0f,1f], start_interpolation: 0, interpolation_duration: 1 }
$data merge entity $(bone_tail10) { transformation: [-0.39164544495000014f,-3.178969678099112e-18f,5.426354078384047e-17f,9.79812011335135e-16f,0f,0.3909029326258136f,0.024282690239746357f,0.018833721274269778f,-4.796273405586585e-17f,0.025958257354793512f,-0.44309543634638865f,-8.000772239124931f,0f,0f,0f,1f], start_interpolation: 0, interpolation_duration: 1 }
$data merge entity $(bone_tail9) { transformation: [-0.48955680618750014f,-8.365104180707745e-18f,6.742882505746303e-17f,9.41883297240312e-16f,0f,0.4856307621459674f,0.06198437315109706f,-0.01603248862322232f,-5.99534175698323e-17f,0.06830625929477671f,-0.5505981406590831f,-7.691060785004197f,0f,0f,0f,1f], start_interpolation: 0, interpolation_duration: 1 }
$data merge entity $(bone_tail8) { transformation: [-0.5759491837500001f,-1.531683689181426e-17f,7.845496756374035e-17f,8.97752377985708e-16f,0f,0.5649006759895271f,0.11235337625421382f,-0.07923126276621759f,-7.053343243509683e-17f,0.12507146470703584f,-0.6406334268653112f,-7.330704482392459f,0f,0f,0f,1f], start_interpolation: 0, interpolation_duration: 1 }
$data merge entity $(bone_tail7) { transformation: [-0.6775872750000002f,-2.3303807375542662e-17f,9.110943420778342e-17f,8.465033212438298e-16f,0f,0.6558768327524354f,0.17022288107111314f,-0.17498163336871872f,-8.298050874717275e-17f,0.19029002804537337f,-0.7439649886907584f,-6.912224176253908f,0f,0f,0f,1f], start_interpolation: 0, interpolation_duration: 1 }
$data merge entity $(bone_tail6) { transformation: [-0.7971615000000002f,-3.086819251887214e-17f,1.0624490676222451e-16f,7.867405611900785e-16f,0f,0.7647400405912513f,0.22511051737178497f,-0.3016062993903478f,-9.76241279378503e-17f,0.2520579202131078f,-0.8675555011959067f,-6.42422420683121f,0f,0f,0f,1f], start_interpolation: 0, interpolation_duration: 1 }
$data merge entity $(bone_tail5) { transformation: [-0.8857350000000002f,-3.4240451995903314e-17f,1.1806659867022366e-16f,7.203280994380777e-16f,0f,0.8498329611136347f,0.24970863184083333f,-0.4420674048008165f,-1.0847125326427811e-16f,0.2795945085533465f,-0.9640869412505403f,-5.88192530237778f,0f,0f,0f,1f], start_interpolation: 0, interpolation_duration: 1 }
$data merge entity $(bone_tail4) { transformation: [-0.9841500000000002f,-3.366879580086595e-17f,1.323758404899385e-16f,6.458666891624873e-16f,0f,0.9529494643028618f,0.24595289768809792f,-0.5804159097503716f,-1.205236147380868e-16f,0.2749265814789005f,-1.0809307678107982f,-5.273901745484206f,0f,0f,0f,1f], start_interpolation: 0, interpolation_duration: 1 }
$data merge entity $(bone_tail3) { transformation: [-1.0935000000000001f,-2.879857909210984e-17f,1.4900978030848087e-16f,5.620486877389667e-16f,0f,1.0729251594587004f,0.21128386843327895f,-0.699263085744091f,-1.339151274867631e-16f,0.2351582440925868f,-1.2167571940924296f,-4.589475823807215f,0f,0f,0f,1f], start_interpolation: 0, interpolation_duration: 1 }
$data merge entity $(bone_tail2) { transformation: [-1.215f,-2.0426918193027747e-17f,1.6738841134993237e-16f,4.678927063546298e-16f,0f,1.20556070661463f,0.1514302627245287f,-0.7844426085266384f,-1.4879458609640342e-16f,0.16679844512923858f,-1.3668301053534349f,-3.8206338895459075f,0f,0f,0f,1f], start_interpolation: 0, interpolation_duration: 1 }
$data merge entity $(bone_tail1) { transformation: [-1.35f,-1.0653017629527996e-17f,1.8706378045337092e-16f,3.6266932984960865e-16f,0f,1.3475751978512787f,0.08150605197719775f,-0.8302897627638122f,-1.6532731788489269e-16f,0.08698849037081584f,-1.5274916864487948f,-2.9614198159184606f,0f,0f,0f,1f], start_interpolation: 0, interpolation_duration: 1 }
$data merge entity $(bone_tail0) { transformation: [-1.5f,-2.5786333332478606e-18f,2.0816944299880187e-16f,2.4492935982947064e-16f,0f,1.4998522057212322f,0.023863624295992657f,-0.46875f,-1.8369701987210297e-16f,0.021056139084699405f,-1.6998324998173966f,-2f,0f,0f,0f,1f], start_interpolation: 0, interpolation_duration: 1 }