# This file was generated by Animated Java via MC-Build. It is not recommended to edit this file directly.
$data merge entity $(bone_leftwing20) { transformation: [-2.4038829295735353f,-0.2447780437760325f,1.7068001292773705f,3.8866685385435606f,-0.7830138018508597f,2.7639829453963354f,-0.7064161484425255f,2.1226908737174304f,-1.536220152884062f,-1.0257768265829017f,-2.310745692418249f,2.800710675508081f,0f,0f,0f,1f], start_interpolation: 0, interpolation_duration: 1 }
$data merge entity $(bone_leftwing21) { transformation: [-2.8974911694105225f,-0.24476490850354254f,-0.5435365012882178f,3.8866685385435606f,-0.035771920769157806f,2.763834624621378f,-1.0539143242730078f,2.1226908737174304f,0.5950312246864613f,-1.0257217813757287f,-2.71009769830146f,2.800710675508081f,0f,0f,0f,1f], start_interpolation: 0, interpolation_duration: 1 }
$data merge entity $(bone_leftwing22) { transformation: [-1.6249106279902485f,-0.24523753698271514f,-2.4666066111853815f,3.8866685385435606f,0.7346891684380585f,2.769171447466228f,-0.7593059285703162f,2.1226908737174304f,2.3673870510899935f,-1.0277023975046897f,-1.4573710939012687f,2.800710675508081f,0f,0f,0f,1f], start_interpolation: 0, interpolation_duration: 1 }
$data merge entity $(bone_leftwing23) { transformation: [0.6352854483246294f,-0.24133046569467992f,-2.836391448640157f,3.8866685385435606f,1.0397241191694633f,2.7250536081372316f,0.0010164841270971872f,2.1226908737174304f,2.6499680374692636f,-1.0113292656451143f,0.679578517380778f,2.800710675508081f,0f,0f,0f,1f], start_interpolation: 0, interpolation_duration: 1 }
$data merge entity $(bone_leftwing1) { transformation: [-1.495642825517418f,-0.16548374790492337f,1.3174474060309258f,1.643204300267434f,-0.5763819479935006f,1.868608188436959f,-0.4196275588346925f,1.2581179517271794f,-1.19617573479213f,-0.6934829250137926f,-1.4450761378587713f,1.0064470733198858f,0f,0f,0f,1f], start_interpolation: 0, interpolation_duration: 1 }
$data merge entity $(bone_leftwing) { transformation: [-0.6371362001782893f,-0.9337256982452765f,0.2886605168183778f,0.6874999999999999f,-0.963745301151453f,0.5430048490710134f,-0.3707449790691337f,-0.1875f,0.16236861778674286f,-0.4409230833522418f,-1.0678644003974878f,1.25f,0f,0f,0f,1f], start_interpolation: 0, interpolation_duration: 1 }
$data merge entity $(bone_rightwing20) { transformation: [-2.4038829295735358f,0.2447780437760325f,-1.7068001292773698f,-3.886668538543561f,0.7830138018508597f,2.7639829453963354f,-0.7064161484425255f,2.1226908737174304f,1.5362201528840613f,-1.0257768265829015f,-2.3107456924182497f,2.80071067550808f,0f,0f,0f,1f], start_interpolation: 0, interpolation_duration: 1 }
$data merge entity $(bone_rightwing21) { transformation: [-2.89764666284412f,0.2447780437760325f,0.5435656700938957f,-3.886668538543561f,0.03577384046397707f,2.7639829453963354f,-1.0539708824288114f,2.1226908737174304f,-0.5950631569488282f,-1.0257768265829015f,-2.710243135292241f,2.80071067550808f,0f,0f,0f,1f], start_interpolation: 0, interpolation_duration: 1 }
$data merge entity $(bone_rightwing22) { transformation: [-1.6218660883809606f,0.2447780437760325f,2.461985014527126f,-3.886668538543561f,-0.7333126064073267f,2.7639829453963354f,-0.7578832429559338f,2.1226908737174304f,-2.3629513587365802f,-1.0257768265829015f,-1.4546404674013351f,2.80071067550808f,0f,0f,0f,1f], start_interpolation: 0, interpolation_duration: 1 }
$data merge entity $(bone_rightwing23) { transformation: [0.6352854483246301f,0.24133046569467992f,2.836391448640156f,-3.886668538543561f,-1.0397241191694633f,2.7250536081372316f,0.0010164841270971872f,2.1226908737174304f,-2.6499680374692636f,-1.011329265645114f,0.6795785173807789f,2.80071067550808f,0f,0f,0f,1f], start_interpolation: 0, interpolation_duration: 1 }
$data merge entity $(bone_rightwing1) { transformation: [-1.4956428255174181f,0.16548374790492337f,-1.3174474060309254f,-1.643204300267434f,0.5763819479935006f,1.868608188436959f,-0.4196275588346925f,1.2581179517271794f,1.1961757347921296f,-0.6934829250137925f,-1.4450761378587718f,1.0064470733198856f,0f,0f,0f,1f], start_interpolation: 0, interpolation_duration: 1 }
$data merge entity $(bone_rightwing) { transformation: [-0.6371362001782893f,0.9337256982452765f,-0.28866051681837757f,-0.6875000000000001f,0.963745301151453f,0.5430048490710134f,-0.3707449790691337f,-0.1875f,-0.162368617786743f,-0.4409230833522415f,-1.0678644003974878f,1.25f,0f,0f,0f,1f], start_interpolation: 0, interpolation_duration: 1 }
$data merge entity $(bone_head) { transformation: [-1.2269070000000002f,3.903497191408482e-18f,1.5020205896035827e-16f,-4.37391339388147e-16f,0f,1.2264928881121873f,-0.03187447347370889f,-0.6504147994519263f,-1.5025277304014817e-16f,-0.03187447347370889f,-1.2264928881121873f,3.5715713272812692f,0f,0f,0f,1f], start_interpolation: 0, interpolation_duration: 1 }
$data merge entity $(bone_neck4) { transformation: [-1.0497600000000002f,9.429828744849656e-18f,1.282122147388727e-16f,-4.290833938186909e-16f,0f,1.0469321834519068f,-0.07700039514589081f,-0.6225106934156723f,-1.2855852238729257e-16f,-0.07700039514589081f,-1.0469321834519068f,3.503731803467216f,0f,0f,0f,1f], start_interpolation: 0, interpolation_duration: 1 }
$data merge entity $(bone_neck3) { transformation: [-1.1664000000000003f,2.5137789627011817e-17f,1.4061350504948898e-16f,-3.6756498535953947e-16f,0f,1.1481964036274752f,-0.20526562960450087f,-0.7123144063676414f,-1.428428026525473e-16f,-0.20526562960450087f,-1.1481964036274752f,3.0013958768801956f,0f,0f,0f,1f], start_interpolation: 0, interpolation_duration: 1 }
$data merge entity $(bone_neck2) { transformation: [-1.2960000000000003f,3.486703795701009e-17f,1.5483699472431712e-16f,-3.288557366784602e-16f,0f,1.2643400107861358f,-0.2847109712064399f,-0.7834921491692514f,-1.58714225169497e-16f,-0.2847109712064399f,-1.2643400107861358f,2.6853108741836618f,0f,0f,0f,1f], start_interpolation: 0, interpolation_duration: 1 }
$data merge entity $(bone_neck1) { transformation: [-1.4400000000000002f,2.946487543222574e-17f,1.7387018136828323e-16f,-2.853881913363894e-16f,0f,1.4197577741544616f,-0.2405989665978822f,-0.8436418908187219f,-1.7634913907721887e-16f,-0.2405989665978822f,-1.4197577741544616f,2.3303714306450463f,0f,0f,0f,1f], start_interpolation: 0, interpolation_duration: 1 }
$data merge entity $(bone_neck0) { transformation: [-1.6f,1.2397575699672674e-17f,1.9555088993127708e-16f,-2.372753173347997e-16f,0f,1.5967941945990243f,-0.10123388807535649f,-0.96875f,-1.9594348786357652e-16f,-0.10123388807535649f,-1.5967941945990243f,1.9375f,0f,0f,0f,1f], start_interpolation: 0, interpolation_duration: 1 }
$data merge entity $(bone_frontlegl) { transformation: [-0.992546151641322f,-0.11151342782144566f,0.049161898636169585f,0.42925653860344143f,-8.673617379884035e-19f,0.40339840408209715f,0.9150244409763146f,-0.7616534351030403f,-0.12186934340514757f,0.9082039875487931f,-0.40039153354993656f,1.5026632068755148f,0f,0f,0f,1f], start_interpolation: 0, interpolation_duration: 1 }
$data merge entity $(bone_frontlegtipleft) { transformation: [-0.992546151641322f,-0.07199251203836954f,0.09833216702792125f,0.7978569109308099f,-8.673617379884035e-19f,0.8068654862693537f,0.5907352089280945f,-1.143500741319569f,-0.12186934340514757f,0.5863319582606125f,-0.8008512332888511f,0.5520313431922764f,0f,0f,0f,1f], start_interpolation: 0, interpolation_duration: 1 }
$data merge entity $(bone_frontfootleftd) { transformation: [-0.992546151641322f,-0.11954455898959547f,-0.023690404766167968f,0.8955577880097186f,-8.761196448864377e-17f,-0.1943918306625361f,0.9809239604432488f,-2.6970675957760926f,-0.1218693434051474f,0.9736123019907108f,0.19294286343461173f,-0.3304927317844811f,0f,0f,0f,1f], start_interpolation: 0, interpolation_duration: 1 }
$data merge entity $(bone_frontfootleft) { transformation: [0.992546151641322f,0.11835616239234413f,0.029050915403113137f,0.9111450071121955f,1.1680479474985982e-16f,-0.23837754919656207f,0.9711725614117406f,-2.249420883211131f,0.12186934340514753f,-0.9639335884088683f,-0.23660071909273747f,-0.37062615827463286f,0f,0f,0f,1f], start_interpolation: 0, interpolation_duration: 1 }
$data merge entity $(bone_frontlegr) { transformation: [-0.992546151641322f,0.11151342782144542f,-0.04916189863616948f,-0.8735163485432814f,8.673617379884035e-19f,0.40339840408209715f,0.9150244409763146f,-0.800795950841372f,0.12186934340514732f,0.9082039875487931f,-0.40039153354993656f,1.5472783588588406f,0f,0f,0f,1f], start_interpolation: 0, interpolation_duration: 1 }
$data merge entity $(bone_frontlegtipright) { transformation: [-0.992546151641322f,0.0719925120383694f,-0.09833216702792105f,-0.7494556653313895f,8.673617379884035e-19f,0.8068654862693537f,0.5907352089280945f,-1.1065879937021421f,0.12186934340514732f,0.5863319582606125f,-0.8008512332888511f,0.5062942789964283f,0f,0f,0f,1f], start_interpolation: 0, interpolation_duration: 1 }
$data merge entity $(bone_frontfootrightd) { transformation: [-0.992546151641322f,0.11954455898959557f,0.02369040476616781f,-0.8597629197888418f,-8.587724101266696e-17f,-0.1943918306625361f,0.9809239604432488f,-2.6525097707085665f,0.12186934340514749f,0.9736123019907108f,0.19294286343461173f,-0.30527192909464596f,0f,0f,0f,1f], start_interpolation: 0, interpolation_duration: 1 }
$data merge entity $(bone_frontfootright) { transformation: [0.992546151641322f,-0.11835616239234392f,-0.029050915403113317f,-0.8555328973032573f,1.15070071273883e-16f,-0.23837754919656207f,0.9711725614117406f,-2.1923760283074727f,-0.12186934340514737f,-0.9639335884088683f,-0.23660071909273747f,-0.35763544630308675f,0f,0f,0f,1f], start_interpolation: 0, interpolation_duration: 1 }
$data merge entity $(bone_rearlegl) { transformation: [-1.080694387781476f,0.048786188923326666f,-0.0577118627239562f,0.001027618876862424f,0f,0.8273334305235954f,0.6993786569871646f,-0.39217934180567254f,0.07556951322280227f,0.6976750057293922f,-0.8253180878684727f,-1.4591137882840868f,0f,0f,0f,1f], start_interpolation: 0, interpolation_duration: 1 }
$data merge entity $(bone_rearfootleftd) { transformation: [-0.9975640502598242f,0.034657432805207694f,0.06053782272734409f,0.5294496539363172f,0f,-0.8678452260847336f,0.49683464408386196f,-2.275143760187073f,0.06975647374412518f,0.49562437986169544f,0.8657311987317396f,-3.7580427027213252f,0f,0f,0f,1f], start_interpolation: 0, interpolation_duration: 1 }
$data merge entity $(bone_rearfootleft) { transformation: [-0.9975640502598242f,0.05327248866826729f,0.045033405159993836f,0.5670691810673463f,0f,-0.6455802987573824f,0.7636923974063962f,-1.830802774314849f,0.06975647374412518f,0.7618320811093597f,0.6440076975963618f,-3.220058400485157f,0f,0f,0f,1f], start_interpolation: 0, interpolation_duration: 1 }
$data merge entity $(bone_rearlegtipleft) { transformation: [-0.9975640502598242f,0.06874048543066757f,-0.011862179056606968f,0.5742032995478128f,0f,0.17005130018640008f,0.9854352111148226f,-1.7223411748231252f,0.06975647374412518f,0.9830347404683473f,-0.16963706376589438f,-2.2220615639224337f,0f,0f,0f,1f], start_interpolation: 0, interpolation_duration: 1 }
$data merge entity $(bone_rearlegr) { transformation: [-1.080694387781476f,-0.04878618892332683f,0.0577118627239564f,-1.3755133498457361f,0f,0.8273334305235954f,0.6993786569871646f,-0.3669625533494588f,-0.07556951322280255f,0.6976750057293922f,-0.8253180878684727f,-1.5755448771052696f,0f,0f,0f,1f], start_interpolation: 0, interpolation_duration: 1 }
$data merge entity $(bone_rearfootrightd) { transformation: [-0.9975640502598242f,-0.0605378227273443f,0.0346574328052078f,-0.5322848157979319f,0f,0.4968346440838618f,0.8678452260847337f,-2.2499269717308596f,-0.06975647374412543f,0.8657311987317398f,-0.4956243798616952f,-3.7785586401443356f,0f,0f,0f,1f], start_interpolation: 0, interpolation_duration: 1 }
$data merge entity $(bone_rearfootright) { transformation: [-0.9975640502598242f,-0.05327248866826746f,-0.045033405159993975f,-0.5699043429289612f,0f,-0.6455802987573824f,0.7636923974063962f,-1.805585985858635f,-0.06975647374412543f,0.7618320811093597f,0.6440076975963618f,-3.240574337908167f,0f,0f,0f,1f], start_interpolation: 0, interpolation_duration: 1 }
$data merge entity $(bone_rearlegtipright) { transformation: [-0.9975640502598242f,-0.0687404854306678f,0.01186217905660701f,-0.701733967691906f,0f,0.17005130018640008f,0.9854352111148226f,-1.6971243863669112f,-0.06975647374412543f,0.9830347404683473f,-0.16963706376589438f,-2.2512970605634592f,0f,0f,0f,1f], start_interpolation: 0, interpolation_duration: 1 }
$data merge entity $(bone_tail11) { transformation: [-0.2937340837125001f,6.771868657305541e-19f,4.0754659805476357e-17f,1.0118986025494566e-15f,0f,0.29380310864029535f,-0.0017728293965181487f,0.08345786845521279f,-3.5972050541899386e-17f,-0.005529650395542932f,-0.3327870520206426f,-8.262779139699543f,0f,0f,0f,1f], start_interpolation: 0, interpolation_duration: 1 }
$data merge entity $(bone_tail10) { transformation: [-0.39164544495000014f,-6.623950211964003e-20f,5.4347007029453167e-17f,9.813284110953892e-16f,0f,0.391717339177842f,0.004622274803230835f,0.08085783887839544f,-4.796273405586585e-17f,0.0005408865818761627f,-0.44377698996389564f,-8.013154582844852f,0f,0f,0f,1f], start_interpolation: 0, interpolation_duration: 1 }
$data merge entity $(bone_tail9) { transformation: [-0.48955680618750014f,-3.3038646141940303e-18f,6.785342229580891e-17f,9.431608610539966e-16f,0f,0.4888219665143186f,0.028988512565668187f,0.06455180056020708f,-5.99534175698323e-17f,0.026978101902477597f,-0.5540652402231495f,-7.70149288521933f,0f,0f,0f,1f], start_interpolation: 0, interpolation_duration: 1 }
$data merge entity $(bone_tail8) { transformation: [-0.5759491837500001f,-9.13766630662238e-18f,7.939804583456344e-17f,8.984994602720547e-16f,0f,0.5715883899843917f,0.07191785531306014f,0.024098006946610753f,-7.053343243509683e-17f,0.07461470779153942f,-0.6483342453501163f,-7.336804872209889f,0f,0f,0f,1f], start_interpolation: 0, interpolation_duration: 1 }
$data merge entity $(bone_tail7) { transformation: [-0.6775872750000002f,-1.7163955909664162e-17f,9.244616597898647e-17f,8.464984919088747e-16f,0f,0.6650245047439024f,0.1307648795897145f,-0.04945723782260365f,-8.298050874717275e-17f,0.14015433610420883f,-0.7548802319440276f,-6.912184741741374f,0f,0f,0f,1f], start_interpolation: 0, interpolation_duration: 1 }
$data merge entity $(bone_tail6) { transformation: [-0.7971615000000002f,-2.6238048587675382e-17f,1.0746207544920934e-16f,7.860510744686944e-16f,0f,0.7725641407848782f,0.19731433511660165f,-0.16044655132569208f,-9.76241279378503e-17f,0.21424992582304822f,-0.8774944377760892f,-6.418594120492324f,0f,0f,0f,1f], start_interpolation: 0, interpolation_duration: 1 }
$data merge entity $(bone_tail5) { transformation: [-0.8857350000000002f,-3.2689219806567854e-17f,1.1848310255821953e-16f,7.19404329279696e-16f,0f,0.8515095012242967f,0.2446536216681588f,-0.2980642135140314f,-1.0847125326427811e-16f,0.26692773646513723f,-0.9674879535937392f,-5.874382146595846f,0f,0f,0f,1f], start_interpolation: 0, interpolation_duration: 1 }
$data merge entity $(bone_tail4) { transformation: [-0.9841500000000002f,-3.58721786457941e-17f,1.317709947230239e-16f,6.452831447479951e-16f,0f,0.9470432267965857f,0.2686091699328979f,-0.4491568716012865f,-1.205236147380868e-16f,0.2929185677925236f,-1.0759918273151738f,-5.269136743731061f,0f,0f,0f,1f], start_interpolation: 0, interpolation_duration: 1 }
$data merge entity $(bone_tail3) { transformation: [-1.0935000000000001f,-3.459978027930928e-17f,1.4774319130281693e-16f,5.621775996401605e-16f,0f,1.062264676067135f,0.26065611316402043f,-0.595775935256048f,-1.339151274867631e-16f,0.2825286466546844f,-1.206414709985618f,-4.590528469364151f,0f,0f,0f,1f], start_interpolation: 0, interpolation_duration: 1 }
$data merge entity $(bone_tail2) { transformation: [-1.215f,-2.857862633545925e-17f,1.6616085351957914e-16f,4.687121195353973e-16f,0f,1.1954747230898097f,0.21866147909665795f,-0.7187730172479181f,-1.4879458609640342e-16f,0.23336219353495885f,-1.3568063349797412f,-3.8273249059380463f,0f,0f,0f,1f], start_interpolation: 0, interpolation_duration: 1 }
$data merge entity $(bone_tail1) { transformation: [-1.35f,-1.88183059351018e-17f,1.8638643955529432e-16f,3.6386974728554425e-16f,0f,1.3420010961391107f,0.149853562001806f,-0.8030656458739339f,-1.6532731788489269e-16f,0.15366312922390227f,-1.5219607782836961f,-2.971221968153467f,0f,0f,0f,1f], start_interpolation: 0, interpolation_duration: 1 }
$data merge entity $(bone_tail0) { transformation: [-1.5f,-7.75136187769588e-18f,2.0800452797626602e-16f,2.4492935982947064e-16f,0f,1.4986639998215394f,0.07173396281146835f,-0.46875f,-1.8369701987210297e-16f,0.06329467306894265f,-1.6984858664644114f,-2f,0f,0f,0f,1f], start_interpolation: 0, interpolation_duration: 1 }