# This file was generated by Animated Java via MC-Build. It is not recommended to edit this file directly.
$data merge entity $(bone_leftwing20) { transformation: [-2.0880193539140923f,-1.0091944600744036f,1.8366920892045073f,3.2434648618426034f,-1.4789526685190497f,2.5465378438707167f,-0.2820994950824524f,2.9425033245463714f,-1.4847930135448733f,-1.117321646886216f,-2.301894470960587f,2.7479066658186264f,0f,0f,0f,1f], start_interpolation: 0, interpolation_duration: 1 }
$data merge entity $(bone_leftwing21) { transformation: [-2.771517109554391f,-1.0091403047097152f,-0.22610975727950025f,3.2434648618426034f,-0.8243972150769824f,2.546401191628672f,-1.2597646877590805f,2.9425033245463714f,0.6243869062527871f,-1.1172616892034746f,-2.6669578501764164f,2.7479066658186264f,0f,0f,0f,1f], start_interpolation: 0, interpolation_duration: 1 }
$data merge entity $(bone_leftwing22) { transformation: [-1.7660113166086944f,-1.0110889028580474f,-2.1548845521214766f,3.2434648618426034f,0.33416847153510115f,2.551318161671154f,-1.4709626927299204f,2.9425033245463714f,2.3567264659027285f,-1.119419064197441f,-1.4061882862794033f,2.7479066658186264f,0f,0f,0f,1f], start_interpolation: 0, interpolation_duration: 1 }
$data merge entity $(bone_leftwing23) { transformation: [0.31816862099969745f,-0.9949804535944824f,-2.7231832604546664f,3.2434648618426034f,1.2696988735968664f,2.510671113675354f,-0.7689861986976411f,2.9425033245463714f,2.606449298076301f,-1.1015847222821846f,0.7070202264691466f,2.7479066658186264f,0f,0f,0f,1f], start_interpolation: 0, interpolation_duration: 1 }
$data merge entity $(bone_leftwing1) { transformation: [-1.2740919642861144f,-0.6822723110362165f,1.3824594605755534f,1.3323269154134318f,-1.0143131748270968f,1.7216030493773857f,-0.08515705341697466f,1.421033562305726f,-1.1609730616658274f,-0.7553723809934981f,-1.442759202402982f,1.0064470733198856f,0f,0f,0f,1f], start_interpolation: 0, interpolation_duration: 1 }
$data merge entity $(bone_leftwing) { transformation: [-0.42988461027562125f,-1.0154088490674893f,0.38112360487737434f,0.6874999999999999f,-1.0723557082038175f,0.33655766915154334f,-0.31287902059594935f,-0.1875f,0.1623686177867429f,-0.46560167061752267f,-1.0573375181971487f,1.25f,0f,0f,0f,1f], start_interpolation: 0, interpolation_duration: 1 }
$data merge entity $(bone_rightwing20) { transformation: [-2.088019353914093f,1.0091944600744036f,-1.8366920892045069f,-3.243464861842604f,1.4789526685190497f,2.5465378438707167f,-0.2820994950824524f,2.9425033245463714f,1.4847930135448726f,-1.117321646886216f,-2.301894470960587f,2.7479066658186255f,0f,0f,0f,1f], start_interpolation: 0, interpolation_duration: 1 }
$data merge entity $(bone_rightwing21) { transformation: [-2.7716658426087624f,1.0091944600744036f,0.22612189142606917f,-3.243464861842604f,0.824441456231183f,2.5465378438707167f,-1.2598322928440908f,2.9425033245463714f,-0.6244204138834483f,-1.117321646886216f,-2.6671009720736496f,2.7479066658186255f,0f,0f,0f,1f], start_interpolation: 0, interpolation_duration: 1 }
$data merge entity $(bone_rightwing22) { transformation: [-1.7627024014528403f,1.0091944600744036f,2.150847018450786f,-3.243464861842604f,-0.3335423514702568f,2.5465378438707167f,-1.4682066001149443f,2.9425033245463714f,-2.3523107479240903f,-1.117321646886216f,-1.4035535592599921f,2.7479066658186255f,0f,0f,0f,1f], start_interpolation: 0, interpolation_duration: 1 }
$data merge entity $(bone_rightwing23) { transformation: [0.3181686209996983f,0.9949804535944824f,2.7231832604546664f,-3.243464861842604f,-1.2696988735968664f,2.510671113675354f,-0.7689861986976411f,2.9425033245463714f,-2.6064492980763005f,-1.1015847222821846f,0.7070202264691471f,2.7479066658186255f,0f,0f,0f,1f], start_interpolation: 0, interpolation_duration: 1 }
$data merge entity $(bone_rightwing1) { transformation: [-1.2740919642861148f,0.6822723110362165f,-1.3824594605755531f,-1.3323269154134318f,1.0143131748270968f,1.7216030493773857f,-0.08515705341697466f,1.421033562305726f,1.160973061665827f,-0.755372380993498f,-1.442759202402982f,1.0064470733198854f,0f,0f,0f,1f], start_interpolation: 0, interpolation_duration: 1 }
$data merge entity $(bone_rightwing) { transformation: [-0.42988461027562125f,1.0154088490674893f,-0.38112360487737407f,-0.6875000000000001f,1.0723557082038175f,0.33655766915154334f,-0.31287902059594935f,-0.1875f,-0.16236861778674305f,-0.4656016706175224f,-1.0573375181971487f,1.25f,0f,0f,0f,1f], start_interpolation: 0, interpolation_duration: 1 }
$data merge entity $(bone_head) { transformation: [-1.2269070000000002f,1.4123692167613044e-18f,1.5024613479038263e-16f,-4.372785129206849e-16f,0f,1.2268527945770964f,-0.011532869867007f,-0.6579147446317261f,-1.5025277304014817e-16f,-0.011532869867007f,-1.2268527945770964f,3.5706500292585193f,0f,0f,0f,1f], start_interpolation: 0, interpolation_duration: 1 }
$data merge entity $(bone_neck4) { transformation: [-1.0497600000000002f,5.6941376045141096e-18f,1.284323575869604e-16f,-4.290735487713588e-16f,0f,1.0487297862239138f,-0.046496162064675245f,-0.6280479489412709f,-1.2855852238729257e-16f,-0.046496162064675245f,-1.0487297862239138f,3.5036514125550036f,0f,0f,0f,1f], start_interpolation: 0, interpolation_duration: 1 }
$data merge entity $(bone_neck3) { transformation: [-1.1664000000000003f,2.117261122741456e-17f,1.4126495249511584e-16f,-3.6727013205474563e-16f,0f,1.153515875707755f,-0.1728874908435294f,-0.7036862261853151f,-1.428428026525473e-16f,-0.1728874908435294f,-1.153515875707755f,2.9989882169328608f,0f,0f,0f,1f], start_interpolation: 0, interpolation_duration: 1 }
$data merge entity $(bone_neck2) { transformation: [-1.2960000000000003f,3.358881945083021e-17f,1.5511929757142832e-16f,-3.2849030766188854e-16f,0f,1.2666451884692664f,-0.2742735250213862f,-0.7722546074406617f,-1.58714225169497e-16f,-0.2742735250213862f,-1.2666451884692664f,2.682326919815544f,0f,0f,0f,1f], start_interpolation: 0, interpolation_duration: 1 }
$data merge entity $(bone_neck1) { transformation: [-1.4400000000000002f,3.1724912470943496e-17f,1.734720403465275e-16f,-2.8512229757525666e-16f,0f,1.4165067059931524f,-0.2590535695110755f,-0.8370179998184305f,-1.7634913907721887e-16f,-0.2590535695110755f,-1.4165067059931524f,2.328200243317256f,0f,0f,0f,1f], start_interpolation: 0, interpolation_duration: 1 }
$data merge entity $(bone_neck0) { transformation: [-1.6f,1.570173054738643e-17f,1.9531335359867444e-16f,-2.372753173347997e-16f,0f,1.5948545632476172f,-0.12821435991437355f,-0.96875f,-1.9594348786357652e-16f,-0.12821435991437355f,-1.5948545632476172f,1.9375f,0f,0f,0f,1f], start_interpolation: 0, interpolation_duration: 1 }
$data merge entity $(bone_frontlegl) { transformation: [-0.9925461516413221f,-0.1117887077162882f,0.04853268681130352f,0.4292216983669415f,0f,0.3982354007599714f,0.917283252644212f,-0.7618894230196902f,-0.12186934340514757f,0.910445962377047f,-0.3952670144716492f,1.5029469578312025f,0f,0f,0f,1f], start_interpolation: 0, interpolation_duration: 1 }
$data merge entity $(bone_frontlegtipleft) { transformation: [-0.9925461516413221f,-0.07254551733288733f,0.09792489355064694f,0.798082407347454f,0f,0.8035236000665179f,0.5952728988759212f,-1.1381601839399158f,-0.12186934340514757f,0.5908358249556693f,-0.7975342569990032f,0.5501948222568603f,0f,0f,0f,1f], start_interpolation: 0, interpolation_duration: 1 }
$data merge entity $(bone_frontfootleftd) { transformation: [-0.9925461516413221f,-0.1194091540019908f,-0.02436371897988069f,0.8968485430136603f,-8.763578251859563e-17f,-0.19991671653538687f,0.979812893592297f,-2.686698897216849f,-0.1218693434051474f,0.9725095168635824f,0.19842656764596742f,-0.3410050876902239f,0f,0f,0f,1f], start_interpolation: 0, interpolation_duration: 1 }
$data merge entity $(bone_frontfootleft) { transformation: [0.9925461516413221f,0.118517998680279f,0.028383460867610334f,0.9121282413194929f,1.1615789770279472e-16f,-0.23290074496628166f,0.9725005105367046f,-2.238824102760491f,0.12186934340514753f,-0.9652516392024271f,-0.23116473813067967f,-0.3786339582786976f,0f,0f,0f,1f], start_interpolation: 0, interpolation_duration: 1 }
$data merge entity $(bone_frontlegr) { transformation: [-0.9925461516413221f,0.11178870771628797f,-0.04853268681130342f,-0.8735082519317658f,0f,0.3982354007599714f,0.917283252644212f,-0.8006261649137342f,0.12186934340514732f,0.910445962377047f,-0.3952670144716492f,1.547344300467916f,0f,0f,0f,1f], start_interpolation: 0, interpolation_duration: 1 }
$data merge entity $(bone_frontlegtipright) { transformation: [-0.9925461516413221f,0.07254551733288717f,-0.09792489355064674f,-0.7496556138950199f,0f,0.8035236000665179f,0.5952728988759212f,-1.1006758433548813f,0.12186934340514732f,0.5908358249556693f,-0.7975342569990032f,0.5046658286264474f,0f,0f,0f,1f], start_interpolation: 0, interpolation_duration: 1 }
$data merge entity $(bone_frontfootrightd) { transformation: [-0.9925461516413221f,0.11940915400199088f,0.024363718979880534f,-0.8610230096862537f,-8.763578251859563e-17f,-0.19991671653538687f,0.979812893592297f,-2.6419578432742057f,0.12186934340514749f,0.9725095168635824f,0.19842656764596742f,-0.31553453774955825f,0f,0f,0f,1f], start_interpolation: 0, interpolation_duration: 1 }
$data merge entity $(bone_frontfootright) { transformation: [0.9925461516413221f,-0.11851799868027876f,-0.028383460867610507f,-0.856476871598304f,1.1615789770279472e-16f,-0.23290074496628166f,0.9725005105367046f,-2.1815414189482487f,-0.12186934340514737f,-0.9652516392024271f,-0.23116473813067967f,-0.3653234999810496f,0f,0f,0f,1f], start_interpolation: 0, interpolation_duration: 1 }
$data merge entity $(bone_rearlegl) { transformation: [-1.080694387781476f,0.04911064800114554f,-0.05743601293299236f,0.0011191559041091592f,0f,0.8233789618390733f,0.7040299683336789f,-0.39211846162823205f,0.07556951322280225f,0.7023149867152405f,-0.8213732520709152f,-1.4578047478073013f,0f,0f,0f,1f], start_interpolation: 0, interpolation_duration: 1 }
$data merge entity $(bone_rearfootleftd) { transformation: [-0.9975640502598242f,0.03431572306368801f,0.06073217252685016f,0.5288034766332963f,0f,-0.8706313445490783f,0.49193603434660516f,-2.2623367101705263f,0.06975647374412516f,0.4907377028915554f,0.8685105303515352f,-3.7672834686744876f,0f,0f,0f,1f], start_interpolation: 0, interpolation_duration: 1 }
$data merge entity $(bone_rearfootleft) { transformation: [-0.9975640502598242f,0.05301785809199296f,0.045332905847211245f,0.5665970816647532f,0f,-0.6498738169233956f,0.7600421186206834f,-1.8210419807342308f,0.06975647374412516f,0.7581906942193067f,0.6482907569679142f,-3.2268097364816333f,0f,0f,0f,1f], start_interpolation: 0, interpolation_duration: 1 }
$data merge entity $(bone_rearlegtipleft) { transformation: [-0.9975640502598242f,0.0688062428883443f,-0.011474605387767884f,0.573772734248594f,0f,0.1644952041276923f,0.9863778828719696f,-1.7181953942860366f,0.06975647374412516f,0.9839751159244725f,-0.1640945020779373f,-2.228218934568282f,0f,0f,0f,1f], start_interpolation: 0, interpolation_duration: 1 }
$data merge entity $(bone_rearlegr) { transformation: [-1.080694387781476f,-0.04911064800114571f,0.05743601293299255f,-1.3756148223178326f,0f,0.8233789618390733f,0.7040299683336789f,-0.3667878527126414f,-0.07556951322280253f,0.7023149867152405f,-0.8213732520709152f,-1.5740937531475734f,0f,0f,0f,1f], start_interpolation: 0, interpolation_duration: 1 }
$data merge entity $(bone_rearfootrightd) { transformation: [-0.9975640502598242f,-0.060732172526850384f,0.034315723063688124f,-0.5316485739397611f,0f,0.49193603434660493f,0.8706313445490783f,-2.2370061012549356f,-0.06975647374412541f,0.8685105303515352f,-0.49073770289155527f,-3.787657322616587f,0f,0f,0f,1f], start_interpolation: 0, interpolation_duration: 1 }
$data merge entity $(bone_rearfootright) { transformation: [-0.9975640502598242f,-0.05301785809199315f,-0.045332905847211405f,-0.5694421789712181f,0f,-0.6498738169233956f,0.7600421186206834f,-1.7957113718186402f,-0.06975647374412541f,0.7581906942193067f,0.6482907569679142f,-3.2471835904237327f,0f,0f,0f,1f], start_interpolation: 0, interpolation_duration: 1 }
$data merge entity $(bone_rearlegtipright) { transformation: [-0.9975640502598242f,-0.06880624288834455f,0.011474605387767923f,-0.7013133378375371f,0f,0.1644952041276923f,0.9863778828719696f,-1.692864785370446f,-0.06975647374412541f,0.9839751159244725f,-0.1640945020779373f,-2.257312347728397f,0f,0f,0f,1f], start_interpolation: 0, interpolation_duration: 1 }
$data merge entity $(bone_tail11) { transformation: [-0.2937340837125001f,1.250401464053555e-18f,4.073623721788112e-17f,1.0137215484765985e-15f,0f,0.29380950950503226f,-0.0050802908709692285f,0.04040880975703213f,-3.5972050541899386e-17f,-0.010210302798522274f,-0.3326366201768811f,-8.277664622831589f,0f,0f,0f,1f], start_interpolation: 0, interpolation_duration: 1 }
$data merge entity $(bone_tail10) { transformation: [-0.39164544495000014f,1.5348616930910713e-18f,5.4318883784281354e-17f,9.831671763479403e-16f,0f,0.39176135369983967f,-0.005819234582759585f,0.04368212920983439f,-4.796273405586585e-17f,-0.012533096841960502f,-0.4435473462397509f,-8.028169240571728f,0f,0f,0f,1f], start_interpolation: 0, interpolation_duration: 1 }
$data merge entity $(bone_tail9) { transformation: [-0.48955680618750014f,-4.522187608685553e-19f,6.792420011065489e-17f,9.449598137856969e-16f,0f,0.4896572395329191f,0.0098207305116658f,0.03815796829702238f,-5.99534175698323e-17f,0.003692646411874889f,-0.5546431849407224f,-7.716182449042572f,0f,0f,0f,1f], start_interpolation: 0, interpolation_duration: 1 }
$data merge entity $(bone_tail8) { transformation: [-0.5759491837500001f,-5.259440864061345e-18f,7.973933199642977e-17f,9.00106439537705e-16f,0f,0.5743743708250186f,0.04561966006817764f,0.012496909508672459f,-7.053343243509683e-17f,0.042946593807481254f,-0.6511210583488025f,-7.349926853721371f,0f,0f,0f,1f], start_interpolation: 0, interpolation_duration: 1 }
$data merge entity $(bone_tail7) { transformation: [-0.6775872750000002f,-1.2700586397288424e-17f,9.315299762951745e-17f,8.477078783711015e-16f,0f,0.6703617668767032f,0.1005623089140627f,-0.04406938925548781f,-8.298050874717275e-17f,0.10370815819002728f,-0.7606519503776454f,-6.922060131633946f,0f,0f,0f,1f], start_interpolation: 0, interpolation_duration: 1 }
$data merge entity $(bone_tail6) { transformation: [-0.7971615000000002f,-2.1896239774608953e-17f,1.0841664232873319e-16f,7.867235170611892e-16f,0f,0.7795171661232819f,0.16833279811774288f,-0.13875658819671818f,-9.76241279378503e-17f,0.17879636634704776f,-0.8852890678701575f,-6.424085030956982f,0f,0f,0f,1f], start_interpolation: 0, interpolation_duration: 1 }
$data merge entity $(bone_tail5) { transformation: [-0.8857350000000002f,-2.94827430904737e-17f,1.193063057360512e-16f,7.196137200846603e-16f,0f,0.8572936768794933f,0.22407962645804244f,-0.26480137807936704f,-1.0847125326427811e-16f,0.24074486709964654f,-0.9742099176604793f,-5.876091952272962f,0f,0f,0f,1f], start_interpolation: 0, interpolation_duration: 1 }
$data merge entity $(bone_tail4) { transformation: [-0.9841500000000002f,-3.436320353646309e-17f,1.321557004703697e-16f,6.452761385700774e-16f,0f,0.9494602737237864f,0.2605064634956125f,-0.4113362637956491f,-1.205236147380868e-16f,0.2805968509482742f,-1.0791331881354012f,-5.269079533946799f,0f,0f,0f,1f], start_interpolation: 0, interpolation_duration: 1 }
$data merge entity $(bone_tail3) { transformation: [-1.0935000000000001f,-3.500485916613414e-17f,1.4762913740245947e-16f,5.622347487811939e-16f,0f,1.0609543611491163f,0.26662699284771196f,-0.5613139472724871f,-1.339151274867631e-16f,0.28583636678351576f,-1.2054833892126666f,-4.590995127514674f,0f,0f,0f,1f], start_interpolation: 0, interpolation_duration: 1 }
$data merge entity $(bone_tail2) { transformation: [-1.215f,-3.06111087982901e-17f,1.657780011546303e-16f,4.689846231317144e-16f,0f,1.1922233372681235f,0.23670306489976342f,-0.6944594212786039f,-1.4879458609640342e-16f,0.24995867232579014f,-1.3536801081752832f,-3.829550066666077f,0f,0f,0f,1f], start_interpolation: 0, interpolation_duration: 1 }
$data merge entity $(bone_tail1) { transformation: [-1.35f,-2.158378108813094e-17f,1.8606397203277404e-16f,3.6432363886327905e-16f,0f,1.3393473646112846f,0.1735796780640257f,-0.7920979901896184f,-1.6532731788489269e-16f,0.17624494754861897f,-1.5193276311367412f,-2.97492827415166f,0f,0f,0f,1f], start_interpolation: 0, interpolation_duration: 1 }
$data merge entity $(bone_tail0) { transformation: [-1.5f,-9.819432631104135e-18f,2.0789230377961304e-16f,2.4492935982947064e-16f,0f,1.497855429137675f,0.09087265261297854f,-0.46875f,-1.8369701987210297e-16f,0.0801817523055693f,-1.6975694863560316f,-2f,0f,0f,0f,1f], start_interpolation: 0, interpolation_duration: 1 }