# This file was generated by Animated Java via MC-Build. It is not recommended to edit this file directly.
$data merge entity $(bone_leftwing20) { transformation: [-1.6776861987393192f,-1.6362860127687129f,1.8054565112702639f,2.5768298285980373f,-2.013333650460917f,2.1655927125381496f,0.09182552169459612f,3.5220835658392264f,-1.372440432802984f,-1.1766530495138467f,-2.3417153906033152f,2.6388168474394678f,0f,0f,0f,1f], start_interpolation: 0, interpolation_duration: 1 }
$data merge entity $(bone_leftwing21) { transformation: [-2.4640232558527275f,-1.6361982064347882f,0.0473464819796064f,2.5768298285980373f,-1.4645542301758163f,2.165476502563012f,-1.3844093647476254f,3.5220835658392264f,0.7310726140202384f,-1.1765899079910487f,-2.6138029548767774f,2.6388168474394678f,0f,0f,0f,1f], start_interpolation: 0, interpolation_duration: 1 }
$data merge entity $(bone_leftwing22) { transformation: [-1.749083470011851f,-1.6393576212163439f,-1.7429394073046935f,2.5768298285980373f,-0.021545622269938676f,2.169657926576559f,-2.019094955827721f,3.5220835658392264f,2.392669424290942f,-1.1788618427313f,-1.292301030975314f,2.6388168474394678f,0f,0f,0f,1f], start_interpolation: 0, interpolation_duration: 1 }
$data merge entity $(bone_leftwing23) { transformation: [0.038132852195775176f,-1.613239730898731f,-2.4295983002705706f,2.5768298285980373f,1.4145473973270049f,2.135091406727753f,-1.3954872948461914f,3.5220835658392264f,2.5504011431034246f,-1.1600804713516797f,0.8103158357638415f,2.6388168474394678f,0f,0f,0f,1f], start_interpolation: 0, interpolation_duration: 1 }
$data merge entity $(bone_leftwing1) { transformation: [-1.0004106345355008f,-1.1062215297591298f,1.332461064874185f,1.0762138767947862f,-1.3471815328858339f,1.4640626788990307f,0.20401566044391561f,1.501311266510476f,-1.0882465160797214f,-0.795483751784009f,-1.477472544884671f,1.0064470733198856f,0f,0f,0f,1f], start_interpolation: 0, interpolation_duration: 1 }
$data merge entity $(bone_leftwing) { transformation: [-0.2591425845298576f,-1.0540879934315273f,0.42761517056553744f,0.6874999999999999f,-1.1258741776736507f,0.1750751624308139f,-0.2507331941698504f,-0.1875f,0.16236861778674297f,-0.4683570227021606f,-1.0561198996111671f,1.25f,0f,0f,0f,1f], start_interpolation: 0, interpolation_duration: 1 }
$data merge entity $(bone_rightwing20) { transformation: [-1.6776861987393195f,1.6362860127687133f,-1.805456511270263f,-2.576829828598038f,2.013333650460917f,2.1655927125381496f,0.09182552169459612f,3.5220835658392264f,1.3724404328029833f,-1.1766530495138463f,-2.3417153906033152f,2.638816847439467f,0f,0f,0f,1f], start_interpolation: 0, interpolation_duration: 1 }
$data merge entity $(bone_rightwing21) { transformation: [-2.464155487295074f,1.6362860127687133f,-0.047349022821534616f,-2.576829828598038f,1.4646328252612284f,2.1655927125381496f,-1.3844836588707283f,3.5220835658392264f,-0.7311118469235738f,-1.1766530495138463f,-2.6139432242244434f,2.638816847439467f,0f,0f,0f,1f], start_interpolation: 0, interpolation_duration: 1 }
$data merge entity $(bone_rightwing22) { transformation: [-1.7458062719846656f,1.6362860127687133f,1.739673721198197f,-2.576829828598038f,0.021505252972527714f,2.1655927125381496f,-2.015311846491097f,3.5220835658392264f,-2.3881863612173784f,-1.1766530495138463f,-1.2898796906208634f,2.638816847439467f,0f,0f,0f,1f], start_interpolation: 0, interpolation_duration: 1 }
$data merge entity $(bone_rightwing23) { transformation: [0.03813285219577582f,1.6132397308987312f,2.4295983002705706f,-2.576829828598038f,-1.4145473973270049f,2.135091406727753f,-1.3954872948461914f,3.5220835658392264f,-2.550401143103424f,-1.1600804713516795f,0.8103158357638417f,2.638816847439467f,0f,0f,0f,1f], start_interpolation: 0, interpolation_duration: 1 }
$data merge entity $(bone_rightwing1) { transformation: [-1.000410634535501f,1.10622152975913f,-1.3324610648741846f,-1.0762138767947864f,1.3471815328858339f,1.4640626788990307f,0.20401566044391561f,1.501311266510476f,1.088246516079721f,-0.7954837517840088f,-1.4774725448846713f,1.0064470733198854f,0f,0f,0f,1f], start_interpolation: 0, interpolation_duration: 1 }
$data merge entity $(bone_rightwing) { transformation: [-0.25914258452985756f,1.0540879934315273f,-0.42761517056553716f,-0.6875000000000001f,1.1258741776736507f,0.1750751624308139f,-0.2507331941698504f,-0.1875f,-0.16236861778674302f,-0.46835702270216034f,-1.0561198996111671f,1.25f,0f,0f,0f,1f], start_interpolation: 0, interpolation_duration: 1 }
$data merge entity $(bone_head) { transformation: [-1.2269070000000002f,-1.1493427918873354e-18f,1.5024837708741157e-16f,-4.37356685991187e-16f,0f,1.2268711043218368f,0.009385096116590896f,-0.6774893823272092f,-1.5025277304014817e-16f,0.009385096116590896f,-1.2268711043218368f,3.571288360821191f,0f,0f,0f,1f], start_interpolation: 0, interpolation_duration: 1 }
$data merge entity $(bone_neck4) { transformation: [-1.0497600000000002f,1.6705513008459223e-18f,1.2854766795533573e-16f,-4.292702520158271e-16f,0f,1.0496713668368352f,-0.013641086572953362f,-0.6455397200243678f,-1.2855852238729257e-16f,-0.013641086572953362f,-1.0496713668368352f,3.505257616438484f,0f,0f,0f,1f], start_interpolation: 0, interpolation_duration: 1 }
$data merge entity $(bone_neck3) { transformation: [-1.1664000000000003f,1.6141695838598113e-17f,1.4192784055670246e-16f,-3.6717682177226976e-16f,0f,1.1589287675068285f,-0.13180694915331176f,-0.7032052602789417f,-1.428428026525473e-16f,-0.13180694915331176f,-1.1589287675068285f,2.998226280654247f,0f,0f,0f,1f], start_interpolation: 0, interpolation_duration: 1 }
$data merge entity $(bone_neck2) { transformation: [-1.2960000000000003f,3.0659625742190084e-17f,1.5572473348990721e-16f,-3.2824563839979295e-16f,0f,1.2715889479181166f,-0.25035484323754825f,-0.7657939710883288f,-1.58714225169497e-16f,-0.25035484323754825f,-1.2715889479181166f,2.6803290436747176f,0f,0f,0f,1f], start_interpolation: 0, interpolation_duration: 1 }
$data merge entity $(bone_neck1) { transformation: [-1.4400000000000002f,3.2422533589155925e-17f,1.7334300726864161e-16f,-2.8490988658263257e-16f,0f,1.4154530709534354f,-0.264750078240761f,-0.831981490648519f,-1.7634913907721887e-16f,-0.264750078240761f,-1.4154530709534354f,2.326465775936359f,0f,0f,0f,1f], start_interpolation: 0, interpolation_duration: 1 }
$data merge entity $(bone_neck0) { transformation: [-1.6f,1.8223696595525246e-17f,1.9509420114021276e-16f,-2.372753173347997e-16f,0f,1.5930650476206278f,-0.14880777550076718f,-0.96875f,-1.9594348786357652e-16f,-0.14880777550076718f,-1.5930650476206278f,1.9375f,0f,0f,0f,1f], start_interpolation: 0, interpolation_duration: 1 }
$data merge entity $(bone_frontlegl) { transformation: [-0.9925461516413221f,-0.11199667612684265f,0.04805082099757402f,0.4291951840119031f,0f,0.3942814464654318f,0.9189897393187406f,-0.762070842122413f,-0.12186934340514757f,0.9121397291586777f,-0.3913425323528382f,1.5031628999239495f,0f,0f,0f,1f], start_interpolation: 0, interpolation_duration: 1 }
$data merge entity $(bone_frontlegtipleft) { transformation: [-0.9925461516413221f,-0.07296655616647689f,0.09761156972001916f,0.7982522508909444f,0f,0.8009526185393085f,0.5987277368345525f,-1.1340721012411212f,-0.12186934340514757f,0.5942649110760533f,-0.7949824391782305f,0.5488115576001196f,0f,0f,0f,1f], start_interpolation: 0, interpolation_duration: 1 }
$data merge entity $(bone_frontfootleftd) { transformation: [-0.9925461516413221f,-0.11930312487440564f,-0.024877726126069605f,0.8978300895335416f,-8.831492219438239e-17f,-0.20413440682424108f,0.9789428706265325f,-2.678735293088754f,-0.1218693434051474f,0.9716459789170732f,0.2026128199109846f,-0.3489991425833102f,0f,0f,0f,1f], start_interpolation: 0, interpolation_duration: 1 }
$data merge entity $(bone_frontfootleft) { transformation: [0.9925461516413221f,0.11863913246294053f,0.02787280234283291f,0.9128746863742186f,1.1632388426693555e-16f,-0.22871053182071835f,0.9734944748863676f,-2.23069579245384f,0.12186934340514753f,-0.9662381946925537f,-0.2270057581984939f,-0.38471326539383277f,0f,0f,0f,1f], start_interpolation: 0, interpolation_duration: 1 }
$data merge entity $(bone_frontlegr) { transformation: [-0.9925461516413221f,0.11199667612684243f,-0.04805082099757392f,-0.8735019862032638f,0f,0.3942814464654318f,0.9189897393187406f,-0.8004966732386369f,0.12186934340514732f,0.9121397291586777f,-0.3913425323528382f,1.54739533073146f,0f,0f,0f,1f], start_interpolation: 0, interpolation_duration: 1 }
$data merge entity $(bone_frontlegtipright) { transformation: [-0.9925461516413221f,0.07296655616647675f,-0.09761156972001894f,-0.7498056701110644f,0f,0.8009526185393085f,0.5987277368345525f,-1.0961517670459282f,0.12186934340514732f,0.5942649110760533f,-0.7949824391782305f,0.5034437188193094f,0f,0f,0f,1f], start_interpolation: 0, interpolation_duration: 1 }
$data merge entity $(bone_frontfootrightd) { transformation: [-0.9925461516413221f,0.11930312487440574f,0.02487772612606944f,-0.8619810382556071f,-8.831492219438239e-17f,-0.20413440682424108f,0.9789428706265325f,-2.6338551783367636f,0.12186934340514749f,0.9716459789170732f,0.2026128199109846f,-0.3233370543062704f,0f,0f,0f,1f], start_interpolation: 0, interpolation_duration: 1 }
$data merge entity $(bone_frontfootright) { transformation: [0.9925461516413221f,-0.11863913246294029f,-0.027872802342833094f,-0.8571932055971423f,1.1632388426693555e-16f,-0.22871053182071835f,0.9734944748863676f,-2.1732325924325844f,-0.12186934340514737f,-0.9662381946925537f,-0.2270057581984939f,-0.37115757222572543f,0f,0f,0f,1f], start_interpolation: 0, interpolation_duration: 1 }
$data merge entity $(bone_rearlegl) { transformation: [-1.080694387781476f,0.049357539611764756f,-0.05722398633618913f,0.001189121204496102f,0f,0.8203394361087306f,0.7075693045037502f,-0.39207692404838607f,0.07556951322280227f,0.7058457012402881f,-0.8183411304724857f,-1.4568041973969152f,0f,0f,0f,1f], start_interpolation: 0, interpolation_duration: 1 }
$data merge entity $(bone_rearfootleftd) { transformation: [-0.9975640502598242f,0.034053863002940735f,0.06087938931848586f,0.5283130857840813f,0f,-0.8727417836772902f,0.4881821166570753f,-2.2525148537139694f,0.06975647374412518f,0.486992929556846f,0.870615828556101f,-3.774296384544458f,0f,0f,0f,1f], start_interpolation: 0, interpolation_duration: 1 }
$data merge entity $(bone_rearfootleft) { transformation: [-0.9975640502598242f,0.05282214123340538f,0.04556080579547514f,0.5662389074226462f,0f,-0.653140896465f,0.7572364025619056f,-1.8135574390107845f,0.06975647374412518f,0.7553918127438333f,0.6515498780679578f,-3.231931866779758f,0f,0f,0f,1f], start_interpolation: 0, interpolation_duration: 1 }
$data merge entity $(bone_rearlegtipleft) { transformation: [-0.9975640502598242f,0.0688550200055921f,-0.011178186312829927f,0.5734448109315511f,0f,0.16024586268269225f,0.9870771314811624f,-1.715003897045665f,0.06975647374412518f,0.9846726611991974f,-0.15985551181512614f,-2.2329084564831074f,0f,0f,0f,1f], start_interpolation: 0, interpolation_duration: 1 }
$data merge entity $(bone_rearlegr) { transformation: [-1.080694387781476f,-0.04935753961176492f,0.057223986336189324f,-1.3756924100735475f,0f,0.8203394361087306f,0.7075693045037502f,-0.3666598788482735f,-0.07556951322280255f,0.7058457012402881f,-0.8183411304724857f,-1.5729841965474884f,0f,0f,0f,1f], start_interpolation: 0, interpolation_duration: 1 }
$data merge entity $(bone_rearfootrightd) { transformation: [-0.9975640502598242f,-0.06087938931848606f,0.03405386300294083f,-0.5311658055458738f,0f,0.48818211665707506f,0.8727417836772903f,-2.2270978085138573f,-0.06975647374412543f,0.870615828556101f,-0.48699292955684576f,-3.7945612322968594f,0f,0f,0f,1f], start_interpolation: 0, interpolation_duration: 1 }
$data merge entity $(bone_rearfootright) { transformation: [-0.9975640502598242f,-0.052822141233405555f,-0.045560805795475286f,-0.5690916271844387f,0f,-0.653140896465f,0.7572364025619056f,-1.7881403938106721f,-0.06975647374412543f,0.7553918127438333f,0.6515498780679578f,-3.2521967145321593f,0f,0f,0f,1f], start_interpolation: 0, interpolation_duration: 1 }
$data merge entity $(bone_rearlegtipright) { transformation: [-0.9975640502598242f,-0.06885502000559232f,0.011178186312829965f,-0.7009930369758219f,0f,0.16024586268269225f,0.9870771314811624f,-1.6895868518455526f,-0.06975647374412543f,0.9846726611991974f,-0.15985551181512614f,-2.2618928634535242f,0f,0f,0f,1f], start_interpolation: 0, interpolation_duration: 1 }
$data merge entity $(bone_tail11) { transformation: [-0.2937340837125001f,1.761116122575273e-18f,4.0712865669108025e-17f,1.0159107750010816e-15f,0f,0.2937822599308298f,-0.008136087390620467f,-0.046515221275048924f,-3.5972050541899386e-17f,-0.014380604463274098f,-0.3324457769983468f,-8.295541014016436f,0f,0f,0f,1f], start_interpolation: 0, interpolation_duration: 1 }
$data merge entity $(bone_tail10) { transformation: [-0.39164544495000014f,3.0580574274746516e-18f,5.424845920878089e-17f,9.853960166961424e-16f,0f,0.3915342560794637f,-0.015971264251787576f,-0.037531385133418416f,-4.796273405586585e-17f,-0.02497093390195275f,-0.44297228594032806f,-8.046369103175001f,0f,0f,0f,1f], start_interpolation: 0, interpolation_duration: 1 }
$data merge entity $(bone_tail9) { transformation: [-0.48955680618750014f,2.421953736767291e-18f,6.787503328059209e-17f,9.472163104758093e-16f,0f,0.4897256473673652f,-0.009856847579628883f,-0.031986908369877165f,-5.99534175698323e-17f,-0.019776753088756326f,-0.5542417073057255f,-7.734608142815531f,0f,0f,0f,1f], start_interpolation: 0, interpolation_duration: 1 }
$data merge entity $(bone_tail8) { transformation: [-0.5759491837500001f,-1.1082280181915841e-18f,7.989611464580996e-17f,9.022747459875411e-16f,0f,0.5760152603575559f,0.016947117607647597f,-0.04151966202417894f,-7.053343243509683e-17f,0.00904936851150201f,-0.6524012858355304f,-7.367632419533045f,0f,0f,0f,1f], start_interpolation: 0, interpolation_duration: 1 }
$data merge entity $(bone_tail7) { transformation: [-0.6775872750000002f,-7.578255602143068e-18f,9.369850907221638e-17f,8.495693346344195e-16f,0f,0.6748205858423793f,0.06515029509539025f,-0.07816670301533596f,-8.298050874717275e-17f,0.06188115305914602f,-0.7651063893479569f,-6.9372600755248195f,0f,0f,0f,1f], start_interpolation: 0, interpolation_duration: 1 }
$data merge entity $(bone_tail6) { transformation: [-0.7971615000000002f,-1.6437984813763102e-17f,1.093650485576968e-16f,7.880514948207151e-16f,0f,0.7868006000101669f,0.13079482048647412f,-0.15173878953897765f,-9.76241279378503e-17f,0.1342263322388779f,-0.8930333924347904f,-6.43492879228025f,0f,0f,0f,1f], start_interpolation: 0, interpolation_duration: 1 }
$data merge entity $(bone_tail5) { transformation: [-0.8857350000000002f,-2.4808714289410398e-17f,1.2035127917872087e-16f,7.203539002826846e-16f,0f,0.8650852152685938f,0.1923884997096755f,-0.2599573206256701f,-1.0847125326427811e-16f,0.20257852555269967f,-0.9827427733654646f,-5.8821359822621755f,0f,0f,0f,1f], start_interpolation: 0, interpolation_duration: 1 }
$data merge entity $(bone_tail4) { transformation: [-0.9841500000000002f,-3.117242810296097e-17f,1.3292905971641113e-16f,6.455813041922034e-16f,0f,0.9550716349235696f,0.23968777002342312f,-0.39478169126384566f,-1.205236147380868e-16f,0.2545421922848647f,-1.0854481456119556f,-5.271571400355451f,0f,0f,0f,1f], start_interpolation: 0, interpolation_duration: 1 }
$data merge entity $(bone_tail3) { transformation: [-1.0935000000000001f,-3.370080148107338e-17f,1.479151514136074e-16f,5.623790315220492e-16f,0f,1.0628545493701673f,0.2595999355839956f,-0.5408066550298432f,-1.339151274867631e-16f,0.2751879276909651f,-1.2078188708498785f,-4.592173285502394f,0f,0f,0f,1f], start_interpolation: 0, interpolation_duration: 1 }
$data merge entity $(bone_tail2) { transformation: [-1.215f,-3.113687433502814e-17f,1.656611782161845e-16f,4.691946187754454e-16f,0f,1.1911104495498588f,0.24310033548207793f,-0.677550593738512f,-1.4879458609640342e-16f,0.2542518737378552f,-1.352726176490432f,-3.8312648112265264f,0f,0f,0f,1f], start_interpolation: 0, interpolation_duration: 1 }
$data merge entity $(bone_tail1) { transformation: [-1.35f,-2.3277963676181906e-17f,1.858388436355376e-16f,3.6466026923045553e-16f,0f,1.3374946729124564f,0.18869060207519606f,-0.7836890574058097f,-1.6532731788489269e-16f,0.19007899822535712f,-1.5174893182665061f,-2.977677069701617f,0f,0f,0f,1f], start_interpolation: 0, interpolation_duration: 1 }
$data merge entity $(bone_tail0) { transformation: [-1.5f,-1.1398966591650784e-17f,2.0778874267212834e-16f,2.4492935982947064e-16f,0f,1.49710927565208f,0.10549024267948505f,-0.46875f,-1.8369701987210297e-16f,0.09307962589366328f,-1.6967238457390241f,-2f,0f,0f,0f,1f], start_interpolation: 0, interpolation_duration: 1 }