# This file was generated by Animated Java via MC-Build. It is not recommended to edit this file directly.
$data merge entity $(bone_leftwing20) { transformation: [-0.9393626415812655f,-2.4072954927917527f,1.4402299639630778f,1.6340933386809673f,-2.6061428374528965f,1.31087742845213f,0.49127995021047f,4.115095696758582f,-1.0379563813116324f,-1.112773512027651f,-2.536950486811917f,2.322174955102187f,0f,0f,0f,1f], start_interpolation: 0, interpolation_duration: 1 }
$data merge entity $(bone_leftwing21) { transformation: [-1.6884602456213424f,-2.407166312568829f,0.32472943825504497f,1.6340933386809673f,-2.1636600454479624f,1.3108070841844905f,-1.5333482517886179f,4.115095696758582f,1.103845130517761f,-1.112713798406794f,-2.5088225916048135f,2.322174955102187f,0f,0f,0f,1f], start_interpolation: 0, interpolation_duration: 1 }
$data merge entity $(bone_leftwing22) { transformation: [-1.4092097195462707f,-2.4118144272041366f,-0.9909103430233953f,1.6340933386809673f,-0.40077852743096026f,1.3133381854051454f,-2.626622080839082f,4.115095696758582f,2.5764566192992726f,-1.1148623916569893f,-0.9505668358312666f,2.322174955102187f,0f,0f,0f,1f], start_interpolation: 0, interpolation_duration: 1 }
$data merge entity $(bone_leftwing23) { transformation: [-0.2618783435513274f,-2.3733899224707415f,-1.67492819354669f,1.6340933386809673f,1.5853630692848846f,1.2924143660795648f,-2.0792386802248566f,4.115095696758582f,2.434129847845193f,-1.0971006456610641f,1.174021508135032f,2.322174955102187f,0f,0f,0f,1f], start_interpolation: 0, interpolation_duration: 1 }
$data merge entity $(bone_leftwing1) { transformation: [-0.529806212862057f,-1.6274673754085087f,1.034724755088861f,0.8393840193878819f,-1.717530169740436f,0.8862269938831302f,0.5144821001203614f,1.5388004421479278f,-0.8771519211882012f,-0.7522975855961583f,-1.6323764424488731f,1.0064470733198856f,0f,0f,0f,1f], start_interpolation: 0, interpolation_duration: 1 }
$data merge entity $(bone_leftwing) { transformation: [-0.10125601292525466f,-1.0921795999036807f,0.39749472010559755f,0.6874999999999999f,-1.150866961431952f,0.038476755087962056f,-0.18744569217081977f,-0.1875f,0.162368617786743f,-0.40838018069349014f,-1.0807280745339625f,1.25f,0f,0f,0f,1f], start_interpolation: 0, interpolation_duration: 1 }
$data merge entity $(bone_rightwing20) { transformation: [-0.9393626415812656f,2.4072954927917527f,-1.4402299639630771f,-1.634093338680968f,2.6061428374528965f,1.31087742845213f,0.49127995021047f,4.115095696758582f,1.0379563813116321f,-1.1127735120276503f,-2.536950486811917f,2.322174955102187f,0f,0f,0f,1f], start_interpolation: 0, interpolation_duration: 1 }
$data merge entity $(bone_rightwing21) { transformation: [-1.6885508565898437f,2.4072954927917527f,-0.32474686481215614f,-1.634093338680968f,2.163776157943199f,1.31087742845213f,-1.5334305386949902f,4.115095696758582f,-1.103904368202872f,-1.1127735120276503f,-2.508957227196864f,2.322174955102187f,0f,0f,0f,1f], start_interpolation: 0, interpolation_duration: 1 }
$data merge entity $(bone_rightwing22) { transformation: [-1.4065693313704244f,2.4072954927917527f,0.9890537081189157f,-1.634093338680968f,0.40002760237680846f,1.31087742845213f,-2.6217006686543183f,4.115095696758582f,-2.571629200428384f,-1.1127735120276503f,-0.9487857911798797f,2.322174955102187f,0f,0f,0f,1f], start_interpolation: 0, interpolation_duration: 1 }
$data merge entity $(bone_rightwing23) { transformation: [-0.2618783435513267f,2.3733899224707415f,1.67492819354669f,-1.634093338680968f,-1.5853630692848846f,1.2924143660795648f,-2.0792386802248566f,4.115095696758582f,-2.434129847845193f,-1.0971006456610635f,1.1740215081350323f,2.322174955102187f,0f,0f,0f,1f], start_interpolation: 0, interpolation_duration: 1 }
$data merge entity $(bone_rightwing1) { transformation: [-0.5298062128620572f,1.6274673754085087f,-1.0347247550888605f,-0.8393840193878821f,1.717530169740436f,0.8862269938831302f,0.5144821001203614f,1.5388004421479278f,0.877151921188201f,-0.7522975855961579f,-1.6323764424488731f,1.0064470733198856f,0f,0f,0f,1f], start_interpolation: 0, interpolation_duration: 1 }
$data merge entity $(bone_rightwing) { transformation: [-0.10125601292525463f,1.0921795999036807f,-0.39749472010559733f,-0.6875000000000001f,1.150866961431952f,0.038476755087962056f,-0.18744569217081977f,-0.1875f,-0.162368617786743f,-0.4083801806934899f,-1.0807280745339625f,1.25f,0f,0f,0f,1f], start_interpolation: 0, interpolation_duration: 1 }
$data merge entity $(bone_head) { transformation: [-1.2269070000000002f,-5.97540985391769e-18f,1.501339078400745e-16f,-4.378400099824962e-16f,0f,1.2259363919834159f,0.048792924278886f,-0.7485059660427898f,-1.5025277304014817e-16f,0.048792924278886f,-1.2259363919834159f,3.5752350007147977f,0f,0f,0f,1f], start_interpolation: 0, interpolation_duration: 1 }
$data merge entity $(bone_neck4) { transformation: [-1.0497600000000002f,-6.422430907687705e-18f,1.2839799865901332e-16f,-4.300158360321731e-16f,0f,1.0484492242858021f,0.052443128191403864f,-0.7124642322718958f,-1.2855852238729257e-16f,0.052443128191403864f,-1.0484492242858021f,3.5113457719529166f,0f,0f,0f,1f], start_interpolation: 0, interpolation_duration: 1 }
$data merge entity $(bone_neck3) { transformation: [-1.1664000000000003f,3.906663987804583e-18f,1.4278937021403578e-16f,-3.6754548656353247e-16f,0f,1.1659636910287217f,-0.03190033232867266f,-0.7264206276656902f,-1.428428026525473e-16f,-0.03190033232867266f,-1.1659636910287217f,3.001236657127851f,0f,0f,0f,1f], start_interpolation: 0, interpolation_duration: 1 }
$data merge entity $(bone_neck2) { transformation: [-1.2960000000000003f,2.0438853524309418e-17f,1.57392688959067e-16f,-3.2819731432376573e-16f,0f,1.2852088379167768f,-0.1668959045051989f,-0.7681446037919899f,-1.58714225169497e-16f,-0.1668959045051989f,-1.2852088379167768f,2.6799344476486566f,0f,0f,0f,1f], start_interpolation: 0, interpolation_duration: 1 }
$data merge entity $(bone_neck1) { transformation: [-1.4400000000000002f,2.9076855917661265e-17f,1.7393549178709863e-16f,-2.847134413769911e-16f,0f,1.4202910741954275f,-0.23743054681485065f,-0.8275022404957025f,-1.7634913907721887e-16f,-0.23743054681485065f,-1.4202910741954275f,2.3248616790998f,0f,0f,0f,1f], start_interpolation: 0, interpolation_duration: 1 }
$data merge entity $(bone_neck0) { transformation: [-1.6f,2.0473715372496794e-17f,1.9487092501188972e-16f,-2.372753173347997e-16f,0f,1.5912418596738787f,-0.1671805730987203f,-0.96875f,-1.9594348786357652e-16f,-0.1671805730987203f,-1.5912418596738787f,1.9375f,0f,0f,0f,1f], start_interpolation: 0, interpolation_duration: 1 }
$data merge entity $(bone_frontlegl) { transformation: [-0.9925461516413221f,-0.11218067401945242f,0.04761967281012268f,0.4291715825285028f,0f,0.3907436561122171f,0.9204995356913861f,-0.7622336734645299f,-0.12186934340514757f,0.913638271738109f,-0.3878311121524413f,1.5033551185809757f,0f,0f,0f,1f], start_interpolation: 0, interpolation_duration: 1 }
$data merge entity $(bone_frontlegtipleft) { transformation: [-0.9925461516413221f,-0.07334147710944543f,0.09733018338319557f,0.7984021370514373f,0f,0.7986437004064839f,0.6018041540244123f,-1.1304156496622093f,-0.12186934340514757f,0.597318397118692f,-0.7926907313710405f,0.5475908327843056f,0f,0f,0f,1f], start_interpolation: 0, interpolation_duration: 1 }
$data merge entity $(bone_frontfootleftd) { transformation: [-0.9925461516413221f,-0.11920655068338425f,-0.025336438900751063f,0.8987032495961463f,-8.892013396624662e-17f,-0.20789837864738042f,0.9781504302282911f,-2.671593067963801f,-0.1218693434051474f,0.9708594452493935f,0.20634873565892795f,-0.3561104606202363f,0f,0f,0f,1f], start_interpolation: 0, interpolation_duration: 1 }
$data merge entity $(bone_frontfootleft) { transformation: [0.9925461516413221f,0.1187454669170652f,0.02741625336638744f,0.9135377863723478f,1.1647031680274595e-16f,-0.22496431506358272f,0.9743670032118151f,-2.2234134797633445f,0.12186934340514753f,-0.9671042193241747f,-0.2232874651729847f,-0.39011378149498754f,0f,0f,0f,1f], start_interpolation: 0, interpolation_duration: 1 }
$data merge entity $(bone_frontlegr) { transformation: [-0.9925461516413221f,0.11218067401945218f,-0.04761967281012259f,-0.8734963323455933f,0f,0.3907436561122171f,0.9204995356913861f,-0.8003812015848843f,0.12186934340514732f,0.913638271738109f,-0.3878311121524413f,1.547441377706983f,0f,0f,0f,1f], start_interpolation: 0, interpolation_duration: 1 }
$data merge entity $(bone_frontlegtipright) { transformation: [-0.9925461516413221f,0.07334147710944527f,-0.09733018338319538f,-0.7499376892420643f,0f,0.7986437004064839f,0.6018041540244123f,-1.0921064876297213f,0.12186934340514732f,0.597318397118692f,-0.7926907313710405f,0.5023685092813263f,0f,0f,0f,1f], start_interpolation: 0, interpolation_duration: 1 }
$data merge entity $(bone_frontfootrightd) { transformation: [-0.9925461516413221f,0.11920655068338434f,0.025336438900750907f,-0.8628331309442753f,-8.892013396624662e-17f,-0.20789837864738042f,0.9781504302282911f,-2.626589450075236f,0.12186934340514749f,0.9708594452493935f,0.20634873565892795f,-0.33027679235152796f,0f,0f,0f,1f], start_interpolation: 0, interpolation_duration: 1 }
$data merge entity $(bone_frontfootright) { transformation: [0.9925461516413221f,-0.11874546691706497f,-0.027416253366387613f,-0.8578293310229932f,1.1647031680274595e-16f,-0.22496431506358272f,0.9743670032118151f,-2.1657899466183617f,-0.12186934340514737f,-0.9671042193241747f,-0.2232874651729847f,-0.37633839806549774f,0f,0f,0f,1f], start_interpolation: 0, interpolation_duration: 1 }
$data merge entity $(bone_rearlegl) { transformation: [-1.080694387781476f,0.04957728526755331f,-0.05703371033196881f,0.0012516230795017735f,0f,0.8176117178912321f,0.7107194874759375f,-0.39204347562331326f,0.07556951322280225f,0.7089882105250827f,-0.8156200568394704f,-1.4559103789420407f,0f,0f,0f,1f], start_interpolation: 0, interpolation_duration: 1 }
$data merge entity $(bone_rearfootleftd) { transformation: [-0.9975640502598242f,0.033819439866540915f,0.06100992637537145f,0.5278775750789644f,0f,-0.8746131090164184f,0.4848215233842602f,-2.243716610866775f,0.06975647374412516f,0.48364052252034073f,0.8724825954407555f,-3.780524477789562f,0f,0f,0f,1f], start_interpolation: 0, interpolation_duration: 1 }
$data merge entity $(bone_rearfootleft) { transformation: [-0.9975640502598242f,0.052646501844894306f,0.04576364793927996f,0.5659208957678311f,0f,-0.6560487576700959f,0.7547185088226761f,-1.806853730759947f,0.06975647374412516f,0.7528800524672038f,0.6544506558693067f,-3.236479645321013f,0f,0f,0f,1f], start_interpolation: 0, interpolation_duration: 1 }
$data merge entity $(bone_rearlegtipleft) { transformation: [-0.9975640502598242f,0.06889750727997627f,-0.010913254318508208f,0.5731527283014751f,0f,0.15644790702206768f,0.9876862115006033f,-1.712136211956667f,0.06975647374412516f,0.9852802575303232f,-0.15606680778360632f,-2.2370854326952068f,0f,0f,0f,1f], start_interpolation: 0, interpolation_duration: 1 }
$data merge entity $(bone_rearlegr) { transformation: [-1.080694387781476f,-0.04957728526755349f,0.057033710331969f,-1.3757617420961172f,0f,0.8176117178912321f,0.7107194874759375f,-0.3665496254763556f,-0.07556951322280253f,0.7089882105250827f,-0.8156200568394704f,-1.5719927024318137f,0f,0f,0f,1f], start_interpolation: 0, interpolation_duration: 1 }
$data merge entity $(bone_rearfootrightd) { transformation: [-0.9975640502598242f,-0.03381943986654103f,-0.06100992637537167f,-0.5307371249883208f,0f,-0.8746131090164184f,0.4848215233842602f,-2.2182227607198173f,-0.06975647374412541f,0.48364052252034073f,0.8724825954407555f,-3.8006916498811627f,0f,0f,0f,1f], start_interpolation: 0, interpolation_duration: 1 }
$data merge entity $(bone_rearfootright) { transformation: [-0.9975640502598242f,-0.052646501844894486f,-0.045763647939280123f,-0.5687804456771878f,0f,-0.6560487576700959f,0.7547185088226761f,-1.7813598806129893f,-0.06975647374412541f,0.7528800524672038f,0.6544506558693067f,-3.256646817412614f,0f,0f,0f,1f], start_interpolation: 0, interpolation_duration: 1 }
$data merge entity $(bone_rearlegtipright) { transformation: [-0.9975640502598242f,-0.06889750727997652f,0.010913254318508243f,-0.7007077844933101f,0f,0.15644790702206768f,0.9876862115006033f,-1.6866423618097093f,-0.06975647374412541f,0.9852802575303232f,-0.15606680778360632f,-2.265972164004823f,0f,0f,0f,1f], start_interpolation: 0, interpolation_duration: 1 }
$data merge entity $(bone_tail11) { transformation: [-0.2937340837125001f,2.4985860841924503e-18f,4.066969011132558e-17f,1.0198826975883854e-15f,0f,0.2936539057608063f,-0.012900468845434224f,-0.33369993337664317f,-3.5972050541899386e-17f,-0.020402503692755043f,-0.33209322181417056f,-8.327974223249246f,0f,0f,0f,1f], start_interpolation: 0, interpolation_duration: 1 }
$data merge entity $(bone_tail10) { transformation: [-0.39164544495000014f,5.574456875196222e-18f,5.404174815584829e-17f,9.894842142507207e-16f,0f,0.39049019550769565f,-0.033402063062350655f,-0.3149112729040709f,-4.796273405586585e-17f,-0.04551889474644753f,-0.4412843620991315f,-8.079751769568485f,0f,0f,0f,1f], start_interpolation: 0, interpolation_duration: 1 }
$data merge entity $(bone_tail9) { transformation: [-0.48955680618750014f,7.65662904648943e-18f,6.747760940496768e-17f,9.515280589604263e-16f,0f,0.4876615532507349f,-0.046728348468021326f,-0.2886265768908089f,-5.99534175698323e-17f,-0.0625211207984235f,-0.5509964950869772f,-7.769816241082061f,0f,0f,0f,1f], start_interpolation: 0, interpolation_duration: 1 }
$data merge entity $(bone_tail8) { transformation: [-0.5759491837500001f,7.146376521138841e-18f,7.957458828700959e-17f,9.067673530489835e-16f,0f,0.5748494816923818f,-0.04152478060368712f,-0.26526888780123486f,-7.053343243509683e-17f,-0.05835459273738706f,-0.6497758238735653f,-7.40431734015318f,0f,0f,0f,1f], start_interpolation: 0, interpolation_duration: 1 }
$data merge entity $(bone_tail7) { transformation: [-0.6775872750000002f,3.572138515892751e-18f,9.392602974151075e-17f,8.539339613193838e-16f,0f,0.6779124098766962f,-0.013937645760154688f,-0.25742896206114785f,-8.298050874717275e-17f,-0.029168724552906318f,-0.7669642366019797f,-6.972899957064566f,0f,0f,0f,1f], start_interpolation: 0, interpolation_duration: 1 }
$data merge entity $(bone_tail6) { transformation: [-0.7971615000000002f,-3.273471905998891e-18f,1.1053263434768777e-16f,7.917593544988094e-16f,0f,0.7968292766359224f,0.03752896918295775f,-0.27853900722656155f,-9.76241279378503e-17f,0.026729926606414267f,-0.9025674539356566f,-6.465205764225759f,0f,0f,0f,1f], start_interpolation: 0, interpolation_duration: 1 }
$data merge entity $(bone_tail5) { transformation: [-0.8857350000000002f,-1.1956056851233558e-17f,1.2228478986841104e-16f,7.229741601978282e-16f,0f,0.8805010254297153f,0.10163390150838358f,-0.33570807682502735f,-1.0847125326427811e-16f,0.09762861307895332f,-0.9985310862981106f,-5.903532028183072f,0f,0f,0f,1f], start_interpolation: 0, interpolation_duration: 1 }
$data merge entity $(bone_tail4) { transformation: [-0.9841500000000002f,-2.0356540821902246e-17f,1.349936543440579e-16f,6.470402296292956e-16f,0f,0.97110877491167f,0.1638245863424989f,-0.42785940664268296f,-1.205236147380868e-16f,0.166223770282789f,-1.1023068401276659f,-5.28348443061126f,0f,0f,0f,1f], start_interpolation: 0, interpolation_duration: 1 }
$data merge entity $(bone_tail3) { transformation: [-1.0935000000000001f,-2.6261387972750104e-17f,1.493981773229503e-16f,5.630037548851361e-16f,0f,1.0742610942112085f,0.20822844763220183f,-0.5449879084357965f,-1.339151274867631e-16f,0.21444050636505405f,-1.2199286963961131f,-4.597274538888446f,0f,0f,0f,1f], start_interpolation: 0, interpolation_duration: 1 }
$data merge entity $(bone_tail2) { transformation: [-1.215f,-2.7645399161785112e-17f,1.6626031474128383e-16f,4.694823278431639e-16f,0f,1.1957087757630631f,0.22033422711022005f,-0.6689259111852952f,-1.4879458609640342e-16f,0.22574181536286966f,-1.3576184974887515f,-3.833614134051024f,0f,0f,0f,1f], start_interpolation: 0, interpolation_duration: 1 }
$data merge entity $(bone_tail1) { transformation: [-1.35f,-2.31862647705439e-17f,1.858291463562111e-16f,3.6495343301779515e-16f,0f,1.3374148691098902f,0.19063583362105438f,-0.7761585675971383f,-1.6532731788489269e-16f,0.18933021983715698f,-1.5174101339716284f,-2.980070933691983f,0f,0f,0f,1f], start_interpolation: 0, interpolation_duration: 1 }
$data merge entity $(bone_tail0) { transformation: [-1.5f,-1.2809068450279735e-17f,2.0768321080134144e-16f,2.4492935982947064e-16f,0f,1.4963489228986047f,0.11853984556002292f,-0.46875f,-1.8369701987210297e-16f,0.10459398137649081f,-1.6958621126184186f,-2f,0f,0f,0f,1f], start_interpolation: 0, interpolation_duration: 1 }