# This file was generated by Animated Java via MC-Build. It is not recommended to edit this file directly.
$data merge entity $(bone_leftwing20) { transformation: [-0.905342690961242f,-2.7496398157118342f,0.6095667370242228f,2.1449466314640846f,-2.7379935704713603f,1.009303470600293f,0.4862446127236875f,4.1447423590005075f,-0.6599105477954287f,-0.4153594818918955f,-2.8537222501185964f,1.9744827027826117f,0f,0f,0f,1f], start_interpolation: 0, interpolation_duration: 1 }
$data merge entity $(bone_leftwing21) { transformation: [-1.0673322150892646f,-2.749492264617498f,-0.22779616967922298f,2.1449466314640846f,-2.2516244215328247f,1.0092493093858848f,-1.6316862937894732f,4.1447423590005075f,1.594298050073749f,-0.41533719288307847f,-2.4569301189122954f,1.9744827027826117f,0f,0f,0f,1f], start_interpolation: 0, interpolation_duration: 1 }
$data merge entity $(bone_leftwing22) { transformation: [-0.5786836610137865f,-2.7548013931011024f,-0.9278031460866836f,2.1449466314640846f,-0.39112664871765634f,1.0111981180166536f,-2.7584637905230722f,4.1447423590005075f,2.8804113140284358f,-0.4161391876911426f,-0.56096614098284f,1.9744827027826117f,0f,0f,0f,1f], start_interpolation: 0, interpolation_duration: 1 }
$data merge entity $(bone_leftwing23) { transformation: [0.26118969436238343f,-2.71091249436378f,-1.0438763508700037f,2.1449466314640846f,1.6852890437675285f,0.9950879287608522f,-2.1625321494572067f,4.1447423590005075f,2.366120290044539f,-0.4095093483441223f,1.6555124013738942f,1.9744827027826117f,0f,0f,0f,1f], start_interpolation: 0, interpolation_duration: 1 }
$data merge entity $(bone_leftwing1) { transformation: [-0.5656333890877977f,-1.858911424706592f,0.47382189084545223f,1.2964965478323878f,-1.806536216160771f,0.6823460082931558f,0.5204140896112639f,1.4349380347593508f,-0.6453570863084841f,-0.28080641029311243f,-1.8720742482844317f,1.0064470733198856f,0f,0f,0f,1f], start_interpolation: 0, interpolation_duration: 1 }
$data merge entity $(bone_leftwing) { transformation: [-0.40599769855492523f,-1.0894812978383464f,0.09647528978804726f,0.6874999999999999f,-1.081625356506234f,0.3846572982558128f,-0.20793379276205212f,-0.1875f,0.1623686177867429f,-0.16180350944933894f,-1.143926207147564f,1.25f,0f,0f,0f,1f], start_interpolation: 0, interpolation_duration: 1 }
$data merge entity $(bone_rightwing20) { transformation: [-0.9053426909612423f,2.7496398157118342f,-0.6095667370242221f,-2.1449466314640846f,2.7379935704713603f,1.009303470600293f,0.4862446127236875f,4.1447423590005075f,0.6599105477954283f,-0.4153594818918948f,-2.8537222501185964f,1.9744827027826113f,0f,0f,0f,1f], start_interpolation: 0, interpolation_duration: 1 }
$data merge entity $(bone_rightwing21) { transformation: [-1.0673894933141872f,2.7496398157118342f,0.22780839432686298f,-2.1449466314640846f,2.251745254623249f,1.009303470600293f,-1.6317738579922754f,4.1447423590005075f,-1.5943836078420008f,-0.4153594818918948f,-2.457061969702501f,1.9744827027826113f,0f,0f,0f,1f], start_interpolation: 0, interpolation_duration: 1 }
$data merge entity $(bone_rightwing22) { transformation: [-0.577599401180134f,2.7496398157118342f,0.9260647529841806f,-2.1449466314640846f,0.39039380805937257f,1.009303470600293f,-2.7532953510246987f,4.1447423590005075f,-2.8750143856155517f,-0.4153594818918948f,-0.5599150778620307f,1.9744827027826113f,0f,0f,0f,1f], start_interpolation: 0, interpolation_duration: 1 }
$data merge entity $(bone_rightwing23) { transformation: [0.26118969436238404f,2.71091249436378f,1.0438763508700037f,-2.1449466314640846f,-1.6852890437675285f,0.9950879287608522f,-2.1625321494572067f,4.1447423590005075f,-2.366120290044539f,-0.4095093483441216f,1.6555124013738949f,1.9744827027826113f,0f,0f,0f,1f], start_interpolation: 0, interpolation_duration: 1 }
$data merge entity $(bone_rightwing1) { transformation: [-0.5656333890877979f,1.858911424706592f,-0.4738218908454518f,-1.296496547832388f,1.806536216160771f,0.6823460082931558f,0.5204140896112639f,1.4349380347593508f,0.6453570863084839f,-0.280806410293112f,-1.872074248284432f,1.0064470733198854f,0f,0f,0f,1f], start_interpolation: 0, interpolation_duration: 1 }
$data merge entity $(bone_rightwing) { transformation: [-0.40599769855492523f,1.0894812978383464f,-0.09647528978804697f,-0.6875000000000001f,1.081625356506234f,0.3846572982558128f,-0.20793379276205212f,-0.1875f,-0.16236861778674305f,-0.1618035094493387f,-1.143926207147564f,1.25f,0f,0f,0f,1f], start_interpolation: 0, interpolation_duration: 1 }
$data merge entity $(bone_head) { transformation: [-1.2269070000000002f,-1.0878019704754777e-17f,1.4985848155362195e-16f,-4.383151147094331e-16f,0f,1.2236873656793068f,0.08882577174356299f,-0.9123254279659496f,-1.5025277304014817e-16f,0.08882577174356299f,-1.2236873656793068f,3.579114525221518f,0f,0f,0f,1f], start_interpolation: 0, interpolation_duration: 1 }
$data merge entity $(bone_neck4) { transformation: [-1.0497600000000002f,-1.5985609384370485e-17f,1.275607853966662e-16f,-4.30842115915403e-16f,0f,1.0416128591972724f,0.1305324065314203f,-0.8716167507078211f,-1.2855852238729257e-16f,0.1305324065314203f,-1.0416128591972724f,3.518092859225795f,0f,0f,0f,1f], start_interpolation: 0, interpolation_duration: 1 }
$data merge entity $(bone_neck3) { transformation: [-1.1664000000000003f,-1.5797149011168686e-17f,1.4196660294855793e-16f,-3.687317271254089e-16f,0f,1.159245286456476f,0.12899351079974472f,-0.8151820897329327f,-1.428428026525473e-16f,0.12899351079974472f,-1.159245286456476f,3.010923046401087f,0f,0f,0f,1f], start_interpolation: 0, interpolation_duration: 1 }
$data merge entity $(bone_neck2) { transformation: [-1.2960000000000003f,-2.7010439823218503e-18f,1.5869123993642293e-16f,-3.290589171413032e-16f,0f,1.2958123113285396f,0.022055697889403092f,-0.8096681652605819f,-1.58714225169497e-16f,0.022055697889403092f,-1.2958123113285396f,2.686969968568952f,0f,0f,0f,1f], start_interpolation: 0, interpolation_duration: 1 }
$data merge entity $(bone_neck1) { transformation: [-1.4400000000000002f,1.3043942112239342e-17f,1.7586606957411892e-16f,-2.8509239974777344e-16f,0f,1.436055438160323f,-0.10651187037210272f,-0.8362961328536076f,-1.7634913907721887e-16f,-0.10651187037210272f,-1.436055438160323f,2.327956109028871f,0f,0f,0f,1f], start_interpolation: 0, interpolation_duration: 1 }
$data merge entity $(bone_neck0) { transformation: [-1.6f,1.6062681751749232e-17f,1.952840000898322e-16f,-2.372753173347997e-16f,0f,1.594614873658238f,-0.1311617501710101f,-0.96875f,-1.9594348786357652e-16f,-0.1311617501710101f,-1.594614873658238f,1.9375f,0f,0f,0f,1f], start_interpolation: 0, interpolation_duration: 1 }
$data merge entity $(bone_frontlegl) { transformation: [-0.992546151641322f,-0.11181858587814925f,0.04846380829250574f,0.42921789951411005f,0f,0.39767021745075476f,0.9175284181717039f,-0.7619153185379401f,-0.12186934340514757f,0.9106893004778746f,-0.39470604395311437f,1.5029778970046908f,0f,0f,0f,1f], start_interpolation: 0, interpolation_duration: 1 }
$data merge entity $(bone_frontlegtipleft) { transformation: [-0.992546151641322f,-0.07260583183947626f,0.09788018208452355f,0.7981068358632593f,0f,0.8031567197266873f,0.5957678101054699f,-1.137575730285473f,-0.12186934340514757f,0.591327047191962f,-0.7971701113295917f,0.5499958679614203f,0f,0f,0f,1f], start_interpolation: 0, interpolation_duration: 1 }
$data merge entity $(bone_frontfootleftd) { transformation: [-0.992546151641322f,-0.1193941216640057f,-0.024437278368966465f,0.896989214543967f,-8.773303699662144e-17f,-0.2005203087681048f,0.9796895456069458f,-2.6855617881655895f,-0.1218693434051474f,0.9723870882954095f,0.19902566079371223f,-0.3421507653655953f,0f,0f,0f,1f], start_interpolation: 0, interpolation_duration: 1 }
$data merge entity $(bone_frontfootleft) { transformation: [0.992546151641322f,0.11853546229645587f,0.028310440479923073f,0.9122352856585868f,1.1618177508568314e-16f,-0.23230157551441621f,0.972643808397257f,-2.237662922404943f,0.12186934340514753f,-0.9653938689424568f,-0.23057003479704963f,-0.37950576445943307f,0f,0f,0f,1f], start_interpolation: 0, interpolation_duration: 1 }
$data merge entity $(bone_frontlegr) { transformation: [-0.992546151641322f,0.11181858587814901f,-0.04846380829250564f,-0.8735073597523424f,0f,0.39767021745075476f,0.9175284181717039f,-0.8006076268833139f,0.12186934340514732f,0.9106893004778746f,-0.39470604395311437f,1.5473515666862157f,0f,0f,0f,1f], start_interpolation: 0, interpolation_duration: 1 }
$data merge entity $(bone_frontlegtipright) { transformation: [-0.992546151641322f,0.07260583183947611f,-0.09788018208452334f,-0.749677225756243f,0f,0.8031567197266873f,0.5957678101054699f,-1.1000289756833503f,0.12186934340514732f,0.591327047191962f,-0.7971701113295917f,0.5044898141416934f,0f,0f,0f,1f], start_interpolation: 0, interpolation_duration: 1 }
$data merge entity $(bone_frontfootrightd) { transformation: [-0.992546151641322f,0.11939412166400579f,0.0244372783689663f,-0.8611603213247072f,-8.773303699662144e-17f,-0.2005203087681048f,0.9796895456069458f,-2.640800789909886f,0.12186934340514749f,0.9723870882954095f,0.19902566079371223f,-0.3166528513017173f,0f,0f,0f,1f], start_interpolation: 0, interpolation_duration: 1 }
$data merge entity $(bone_frontfootright) { transformation: [0.992546151641322f,-0.11853546229645565f,-0.028310440479923253f,-0.8565796142010677f,1.1618177508568314e-16f,-0.23230157551441621f,0.972643808397257f,-2.1803543495880957f,-0.12186934340514737f,-0.9653938689424568f,-0.23057003479704963f,-0.3661602713308685f,0f,0f,0f,1f], start_interpolation: 0, interpolation_duration: 1 }
$data merge entity $(bone_rearlegl) { transformation: [-1.080694387781476f,0.04914602310079123f,-0.057405746594812096f,0.0011291640400786784f,3.758567531283082e-18f,0.8229450761141257f,0.7045370911532102f,-0.3921122547031176f,0.07556951322280224f,0.7028208742090714f,-0.8209404232697866f,-1.4576616247949497f,0f,0f,0f,1f], start_interpolation: 0, interpolation_duration: 1 }
$data merge entity $(bone_rearfootleftd) { transformation: [-0.9975640502598242f,0.034278301477875237f,0.0607533017786418f,0.5287331428125441f,3.469446951953614e-18f,-0.8709342447769356f,0.49139957394652767f,-2.2609334981244924f,0.06975647374412515f,0.49020254928205f,0.8688126927296611f,-3.768289289171626f,0f,0f,0f,1f], start_interpolation: 0, interpolation_duration: 1 }
$data merge entity $(bone_rearfootleft) { transformation: [-0.9975640502598242f,0.052989919933672726f,0.045365559785345726f,0.5665457051566783f,3.469446951953614e-18f,-0.6503419302952705f,0.7596416087207318f,-1.8199726334158983f,0.06975647374412515f,0.7577911599413418f,0.6487577300391425f,-3.227544454777048f,0f,0f,0f,1f], start_interpolation: 0, interpolation_duration: 1 }
$data merge entity $(bone_rearlegtipleft) { transformation: [-0.9975640502598242f,0.06881329895419247f,-0.01143221396999537f,0.5737257643427565f,3.469446951953614e-18f,0.16388749826905047f,0.9864790357179984f,-1.7177400748792229f,0.06975647374412515f,0.9840760223672523f,-0.16348827656022386f,-2.2288906355157736f,0f,0f,0f,1f], start_interpolation: 0, interpolation_duration: 1 }
$data merge entity $(bone_rearlegr) { transformation: [-1.080694387781476f,-0.04914602310079139f,0.05740574659481229f,-1.3756259192941682f,-3.758567531283082e-18f,0.8229450761141257f,0.7045370911532102f,-0.36676925178222486f,-0.07556951322280252f,0.7028208742090714f,-0.8209404232697866f,-1.57393505899254f,0f,0f,0f,1f], start_interpolation: 0, interpolation_duration: 1 }
$data merge entity $(bone_rearfootrightd) { transformation: [-0.9975640502598242f,-0.03427830147787536f,-0.06075330177864201f,-0.5315793289593748f,-3.469446951953614e-18f,-0.8709342447769356f,0.49139957394652767f,-2.2355904952036f,-0.0697564737441254f,0.49020254928205f,0.8688126927296611f,-3.788647571971044f,0f,0f,0f,1f], start_interpolation: 0, interpolation_duration: 1 }
$data merge entity $(bone_rearfootright) { transformation: [-0.9975640502598242f,-0.05298991993367291f,-0.045365559785345885f,-0.5693918913035092f,-3.469446951953614e-18f,-0.6503419302952705f,0.7596416087207318f,-1.7946296304950056f,-0.0697564737441254f,0.7577911599413418f,0.6487577300391425f,-3.2479027375764655f,0f,0f,0f,1f], start_interpolation: 0, interpolation_duration: 1 }
$data merge entity $(bone_rearlegtipright) { transformation: [-0.9975640502598242f,-0.0688132989541927f,0.011432213969995409f,-0.7012674567720656f,-3.469446951953614e-18f,0.16388749826905047f,0.9864790357179984f,-1.69239707195833f,-0.0697564737441254f,0.9840760223672523f,-0.16348827656022386f,-2.257968477533207f,0f,0f,0f,1f], start_interpolation: 0, interpolation_duration: 1 }
$data merge entity $(bone_tail11) { transformation: [-0.2937340837125001f,2.6482160653709466e-18f,4.0668691985048745e-17f,1.0199625964133662e-15f,0f,0.29347207038836337f,-0.015074692315436882f,-0.9569573889915071f,-3.5972050541899386e-17f,-0.021624325211275098f,-0.3320850714946045f,-8.328626646666647f,0f,0f,0f,1f], start_interpolation: 0, interpolation_duration: 1 }
$data merge entity $(bone_tail10) { transformation: [-0.39164544495000014f,7.199474875901164e-18f,5.38607226003224e-17f,9.896659399506849e-16f,0f,0.3890327740171766f,-0.046584625274278896f,-0.9307535372747252f,-4.796273405586585e-17f,-0.0587881737078292f,-0.439806176260962f,-8.081235672519856f,0f,0f,0f,1f], start_interpolation: 0, interpolation_duration: 1 }
$data merge entity $(bone_tail9) { transformation: [-0.48955680618750014f,1.2500312779642972e-17f,6.676456855273134e-17f,9.521108701397736e-16f,0f,0.482589804722556f,-0.08352729730888801f,-0.8837694325384757f,-5.99534175698323e-17f,-0.1020727999970781f,-0.5451740746737378f,-7.774575255515878f,0f,0f,0f,1f], start_interpolation: 0, interpolation_duration: 1 }
$data merge entity $(bone_tail8) { transformation: [-0.5759491837500001f,1.661313147203518e-17f,7.816545511218702e-17f,9.081428016391684e-16f,0f,0.5651935179964767f,-0.11205316663535915f,-0.8207395263060862f,-7.053343243509683e-17f,-0.13565651323795466f,-0.6382693782942871f,-7.415548730225342f,0f,0f,0f,1f], start_interpolation: 0, interpolation_duration: 1 }
$data merge entity $(bone_tail7) { transformation: [-0.6775872750000002f,1.8694956864397866e-17f,9.213589887484093e-17f,8.563163585220704e-16f,0f,0.6661223822081456f,-0.12568223318745417f,-0.7500432701381432f,-8.298050874717275e-17f,-0.1526559076250721f,-0.7523467087734151f,-6.992353706540296f,0f,0f,0f,1f], start_interpolation: 0, interpolation_duration: 1 }
$data merge entity $(bone_tail6) { transformation: [-0.7971615000000002f,1.75719555694024e-17f,1.0919926442681952e-16f,7.948917722819844e-16f,0f,0.7890337366438646f,-0.11589976088397651f,-0.6848496546409064f,-9.76241279378503e-17f,-0.14348590615381246f,-0.8916796622736306f,-6.490783896511378f,0f,0f,0f,1f], start_interpolation: 0, interpolation_duration: 1 }
$data merge entity $(bone_tail5) { transformation: [-0.8857350000000002f,1.190395523139516e-17f,1.2231548266306155e-16f,7.260893132840123e-16f,0f,0.8830381472325484f,-0.07373905330895811f,-0.6433714371546174f,-1.0847125326427811e-16f,-0.09720317106681824f,-0.9987817119860378f,-5.928969183519232f,0f,0f,0f,1f], start_interpolation: 0, interpolation_duration: 1 }
$data merge entity $(bone_tail4) { transformation: [-0.9841500000000002f,3.717783165196011e-18f,1.3649757245072163e-16f,6.493094287804814e-16f,0f,0.9844784012283855f,-0.013317687013370466f,-0.6358802382095965f,-1.205236147380868e-16f,-0.030358003367048157f,-1.1145872634114302f,-5.3020138478503025f,0f,0f,0f,1f], start_interpolation: 0, interpolation_duration: 1 }
$data merge entity $(bone_tail3) { transformation: [-1.0935000000000001f,-5.0774215035939724e-18f,1.5163523169232546e-16f,5.640146109535484e-16f,0f,1.092747880965517f,0.05158905610971179f,-0.6648990822713093f,-1.339151274867631e-16f,0.04146029293612714f,-1.2381956315723015f,-4.605528805090883f,0f,0f,0f,1f], start_interpolation: 0, interpolation_duration: 1 }
$data merge entity $(bone_tail2) { transformation: [-1.215f,-1.1938757787075655e-17f,1.681547318384911e-16f,4.694275742943971e-16f,0f,1.2111711392097584f,0.10268965601579916f,-0.7226620137801963f,-1.4879458609640342e-16f,0.09748735550027879f,-1.37308758701339f,-3.8331670373958513f,0f,0f,0f,1f], start_interpolation: 0, interpolation_duration: 1 }
$data merge entity $(bone_tail1) { transformation: [-1.35f,-1.426579860105225e-17f,1.8676486252952767e-16f,3.643723391215378e-16f,0f,1.3451152932969694f,0.12130575885070462f,-0.7908965031337177f,-1.6532731788489269e-16f,0.11648908575913197f,-1.5250508363681727f,-2.975325941938754f,0f,0f,0f,1f], start_interpolation: 0, interpolation_duration: 1 }
$data merge entity $(bone_tail0) { transformation: [-1.5f,-1.0045440795823299e-17f,2.0787843394330913e-16f,2.4492935982947064e-16f,0f,1.497755497542174f,0.0929642155588014f,-0.46875f,-1.8369701987210297e-16f,0.08202724902247183f,-1.6974562305477972f,-2f,0f,0f,0f,1f], start_interpolation: 0, interpolation_duration: 1 }