# This file was generated by Animated Java via MC-Build. It is not recommended to edit this file directly.
$data merge entity $(bone_leftwing20) { transformation: [-1.2438061116279289f,-2.6573778748568335f,0.3781868559449209f,2.817196700676857f,-2.603540125309324f,1.295801187251921f,0.5424151639951929f,3.8522389701172886f,-0.6528868843011264f,-0.10477702252404253f,-2.883486882746248f,1.9705542044837512f,0f,0f,0f,1f], start_interpolation: 0, interpolation_duration: 1 }
$data merge entity $(bone_leftwing21) { transformation: [-1.136004220618612f,-2.6572352747201684f,-0.6319746600923738f,2.817196700676857f,-2.198633767286119f,1.295731652005112f,-1.4959565196959066f,3.8522389701172886f,1.6205865708333165f,-0.1047713999824113f,-2.472553131008468f,1.9705542044837512f,0f,0f,0f,1f], start_interpolation: 0, interpolation_duration: 1 }
$data merge entity $(bone_leftwing22) { transformation: [-0.3351762757925368f,-2.6623662596900854f,-1.2586051550244475f,2.817196700676857f,-0.45206952656421096f,1.298233643339765f,-2.6258040146395567f,3.8522389701172886f,2.9099680720142445f,-0.10497370817984539f,-0.5528928587828904f,1.9705542044837512f,0f,0f,0f,1f], start_interpolation: 0, interpolation_duration: 1 }
$data merge entity $(bone_leftwing23) { transformation: [0.6618171448769784f,-2.6199500174644834f,-1.0976358308561094f,2.817196700676857f,1.5497219001758207f,1.2775504663047108f,-2.1149873008140023f,3.8522389701172886f,2.38061011997067f,-0.10330128981243629f,1.6819538473634643f,1.9705542044837512f,0f,0f,0f,1f], start_interpolation: 0, interpolation_duration: 1 }
$data merge entity $(bone_leftwing1) { transformation: [-0.8095511802097365f,-1.7965371548327886f,0.34217121142248597f,1.6028699303622524f,-1.7121666500582473f,0.8760346054660875f,0.5486790796578591f,1.2839889950299173f,-0.642738087442577f,-0.07083517015709917f,-1.8925829254274364f,1.0064470733198856f,0f,0f,0f,1f], start_interpolation: 0, interpolation_duration: 1 }
$data merge entity $(bone_leftwing) { transformation: [-0.6102466202415018f,-0.9936671980531727f,-0.03654686180908334f,0.6874999999999999f,-0.9809926633532782f,0.6086509794180557f,-0.1682512728379629f,-0.1875f,0.1623686177867429f,-0.05727648625491493f,-1.1538920864584454f,1.25f,0f,0f,0f,1f], start_interpolation: 0, interpolation_duration: 1 }
$data merge entity $(bone_rightwing20) { transformation: [-1.2438061116279289f,2.6573778748568335f,-0.37818685594492013f,-2.8171967006768575f,2.603540125309324f,1.295801187251921f,0.5424151639951929f,3.8522389701172886f,0.6528868843011261f,-0.10477702252404188f,-2.883486882746248f,1.9705542044837505f,0f,0f,0f,1f], start_interpolation: 0, interpolation_duration: 1 }
$data merge entity $(bone_rightwing21) { transformation: [-1.13606518411652f,2.6573778748568335f,0.6320085749187186f,-2.8171967006768575f,2.1987517566409474f,1.295801187251921f,-1.4960367999805255f,3.8522389701172886f,-1.6206735393711336f,-0.10477702252404188f,-2.4726858202052986f,1.9705542044837505f,0f,0f,0f,1f], start_interpolation: 0, interpolation_duration: 1 }
$data merge entity $(bone_rightwing22) { transformation: [-0.33454826743923616f,2.6573778748568335f,1.2562469494832207f,-2.8171967006768575f,0.4512224993147931f,1.295801187251921f,-2.6208841352375223f,3.8522389701172886f,-2.904515764112261f,-0.10477702252404188f,-0.5518569222955163f,1.9705542044837505f,0f,0f,0f,1f], start_interpolation: 0, interpolation_duration: 1 }
$data merge entity $(bone_rightwing23) { transformation: [0.661817144876979f,2.6199500174644834f,1.097635830856109f,-2.8171967006768575f,-1.5497219001758207f,1.2775504663047108f,-2.1149873008140023f,3.8522389701172886f,-2.3806101199706697f,-0.10330128981243564f,1.6819538473634643f,1.9705542044837505f,0f,0f,0f,1f], start_interpolation: 0, interpolation_duration: 1 }
$data merge entity $(bone_rightwing1) { transformation: [-0.8095511802097366f,1.7965371548327886f,-0.3421712114224855f,-1.6028699303622527f,1.7121666500582473f,0.8760346054660875f,0.5486790796578591f,1.2839889950299173f,0.6427380874425768f,-0.07083517015709873f,-1.8925829254274364f,1.0064470733198854f,0f,0f,0f,1f], start_interpolation: 0, interpolation_duration: 1 }
$data merge entity $(bone_rightwing) { transformation: [-0.6102466202415018f,0.9936671980531727f,0.03654686180908362f,-0.6875000000000001f,0.9809926633532782f,0.6086509794180557f,-0.1682512728379629f,-0.1875f,-0.16236861778674305f,-0.05727648625491469f,-1.1538920864584454f,1.25f,0f,0f,0f,1f], start_interpolation: 0, interpolation_duration: 1 }
$data merge entity $(bone_head) { transformation: [-1.2269070000000002f,-1.1420531391889997e-17f,1.4981811395482567e-16f,-4.382384282674164e-16f,0f,1.2233577392202788f,0.09325571585081852f,-0.9675960850580736f,-1.5025277304014817e-16f,0.09325571585081852f,-1.2233577392202788f,3.5784883329016575f,0f,0f,0f,1f], start_interpolation: 0, interpolation_duration: 1 }
$data merge entity $(bone_neck4) { transformation: [-1.0497600000000002f,-1.7590575060500486e-17f,1.2734938298808087e-16f,-4.3082879730130197e-16f,0f,1.0398866275300476f,0.14363794583669126f,-0.9261222563329664f,-1.2855852238729257e-16f,0.14363794583669126f,-1.0398866275300476f,3.517984104488426f,0f,0f,0f,1f], start_interpolation: 0, interpolation_duration: 1 }
$data merge entity $(bone_neck3) { transformation: [-1.1664000000000003f,-2.0887155989526227e-17f,1.4130744136210156e-16f,-3.690067917053825e-16f,0f,1.15386282363605f,0.17055657193624052f,-0.8515037561108612f,-1.428428026525473e-16f,0.17055657193624052f,-1.15386282363605f,3.0131691191476544f,0f,0f,0f,1f], start_interpolation: 0, interpolation_duration: 1 }
$data merge entity $(bone_neck2) { transformation: [-1.2960000000000003f,-1.0404019427942061e-17f,1.5837285642084252e-16f,-3.294135776001719e-16f,0f,1.2932125126290115f,0.08495526575650827f,-0.8302649396717341f,-1.58714225169497e-16f,0.08495526575650827f,-1.2932125126290115f,2.6898659909904015f,0f,0f,0f,1f], start_interpolation: 0, interpolation_duration: 1 }
$data merge entity $(bone_neck1) { transformation: [-1.4400000000000002f,6.1095081956388816e-18f,1.7624327721329884e-16f,-2.8535275829684717e-16f,0f,1.4391355722809733f,-0.049887920336643674f,-0.842736919755895f,-1.7634913907721887e-16f,-0.049887920336643674f,-1.4391355722809733f,2.330082097920158f,0f,0f,0f,1f], start_interpolation: 0, interpolation_duration: 1 }
$data merge entity $(bone_neck0) { transformation: [-1.6f,1.2848155469749847e-17f,1.9552180271562733e-16f,-2.372753173347997e-16f,0f,1.596556679458577f,-0.10491315111177552f,-0.96875f,-1.9594348786357652e-16f,-0.10491315111177552f,-1.596556679458577f,1.9375f,0f,0f,0f,1f], start_interpolation: 0, interpolation_duration: 1 }
$data merge entity $(bone_frontlegl) { transformation: [-0.992546151641322f,-0.11155115660921207f,0.04907622969573795f,0.4292517804123806f,0f,0.40269544681624203f,0.9153340248857064f,-0.7616855049320599f,-0.12186934340514759f,0.90851126386667f,-0.3996938160209437f,1.5027019592318847f,0f,0f,0f,1f], start_interpolation: 0, interpolation_duration: 1 }
$data merge entity $(bone_frontlegtipleft) { transformation: [-0.992546151641322f,-0.07206802059724504f,0.09827683994307536f,0.7978878615124673f,0f,0.8064114993740443f,0.5913547950911583f,-1.142773448305195f,-0.12186934340514759f,0.5869469261223716f,-0.800400630343016f,0.5517792709331113f,0f,0f,0f,1f], start_interpolation: 0, interpolation_duration: 1 }
$data merge entity $(bone_frontfootleftd) { transformation: [-0.992546151641322f,-0.11952632691766413f,-0.02378222099748951f,0.8957341343676153f,-8.686623167448621e-17f,-0.19514522957940966f,0.9807743570120498f,-2.6956578771173008f,-0.12186934340514742f,0.9734638136808019f,0.19369064663020547f,-0.33192895761450325f,0f,0f,0f,1f], start_interpolation: 0, interpolation_duration: 1 }
$data merge entity $(bone_frontfootleft) { transformation: [0.992546151641322f,0.11837844173965964f,0.028959996431142512f,0.9112794482501906f,1.1596769882099715e-16f,-0.23763151274941083f,0.9713553747977239f,-2.247979240446722f,0.12186934340514755f,-0.9641150391315948f,-0.23586024348813325f,-0.3717210934766364f,0f,0f,0f,1f], start_interpolation: 0, interpolation_duration: 1 }
$data merge entity $(bone_frontlegr) { transformation: [-0.992546151641322f,0.11155115660921183f,-0.04907622969573785f,-0.8735152518557141f,0f,0.40269544681624203f,0.9153340248857064f,-0.8007727873375762f,0.12186934340514734f,0.90851126386667f,-0.3996938160209437f,1.5472872906623116f,0f,0f,0f,1f], start_interpolation: 0, interpolation_duration: 1 }
$data merge entity $(bone_frontlegtipright) { transformation: [-0.992546151641322f,0.0720680205972449f,-0.09827683994307515f,-0.7494831569009285f,0f,0.8064114993740443f,0.5913547950911583f,-1.105782724227005f,0.12186934340514734f,0.5869469261223716f,-0.800400630343016f,0.5060703781302539f,0f,0f,0f,1f], start_interpolation: 0, interpolation_duration: 1 }
$data merge entity $(bone_frontfootrightd) { transformation: [-0.992546151641322f,0.11952632691766422f,0.023782220997489348f,-0.8599350939640282f,-8.686623167448621e-17f,-0.19514522957940966f,0.9807743570120498f,-2.6510749948726207f,0.1218693434051475f,0.9734638136808019f,0.19369064663020547f,-0.30667417522331514f,0f,0f,0f,1f], start_interpolation: 0, interpolation_duration: 1 }
$data merge entity $(bone_frontfootright) { transformation: [0.992546151641322f,-0.11837844173965942f,-0.028959996431142693f,-0.8556619970117463f,1.1596769882099715e-16f,-0.23763151274941083f,0.9713553747977239f,-2.1909018631021002f,-0.12186934340514738f,-0.9641150391315948f,-0.23586024348813325f,-0.3586868790527713f,0f,0f,0f,1f], start_interpolation: 0, interpolation_duration: 1 }
$data merge entity $(bone_rearlegl) { transformation: [-1.080694387781476f,0.04883050351744275f,-0.057674372601392875f,0.0010400937731540605f,3.758567531283082e-18f,0.826795987608966f,0.7000139327076467f,-0.39217060868475007f,0.07556951322280225f,0.698308733950148f,-0.8247819541377716f,-1.4589353889556331f,0f,0f,0f,1f], start_interpolation: 0, interpolation_duration: 1 }
$data merge entity $(bone_rearfootleftd) { transformation: [-0.9975640502598242f,0.03461092295103282f,0.06056442554579787f,0.5293612849839915f,3.469446951953614e-18f,-0.8682265931038202f,0.4961678980217621f,-2.273401258835116f,0.06975647374412516f,0.49495925795949225f,0.8661116367599351f,-3.759306437615992f,0f,0f,0f,1f], start_interpolation: 0, interpolation_duration: 1 }
$data merge entity $(bone_rearfootleft) { transformation: [-0.9975640502598242f,0.053237882401285755f,0.0450743109391779f,0.567004609054837f,3.469446951953614e-18f,-0.6461667071147504f,0.7631962962544305f,-1.8294746435495386f,0.06975647374412516f,0.7613371884348663f,0.644592677492444f,-3.2209818232855785f,0f,0f,0f,1f], start_interpolation: 0, interpolation_duration: 1 }
$data merge entity $(bone_rearlegtipleft) { transformation: [-0.9975640502598242f,0.06874957659586975f,-0.011809375390064577f,0.5741445184713467f,3.469446951953614e-18f,0.16929432862937904f,0.9855655383047481f,-1.7217781610642062f,0.06975647374412516f,0.9831647501877885f,-0.16888193615354102f,-2.222902172479186f,0f,0f,0f,1f], start_interpolation: 0, interpolation_duration: 1 }
$data merge entity $(bone_rearlegr) { transformation: [-1.080694387781476f,-0.04883050351744292f,0.05767437260139307f,-1.3755271762886685f,-3.758567531283082e-18f,0.826795987608966f,0.7000139327076467f,-0.36693825949304576f,-0.07556951322280253f,0.698308733950148f,-0.8247819541377716f,-1.5753471497593767f,0f,0f,0f,1f], start_interpolation: 0, interpolation_duration: 1 }
$data merge entity $(bone_rearfootrightd) { transformation: [-0.9975640502598242f,-0.06056442554579807f,0.03461092295103292f,-0.5321977983922467f,-3.469446951953614e-18f,0.49616789802176187f,0.8682265931038202f,-2.2481689096434114f,-0.06975647374412541f,0.8661116367599353f,-0.494959257959492f,-3.7798030470215633f,0f,0f,0f,1f], start_interpolation: 0, interpolation_duration: 1 }
$data merge entity $(bone_rearfootright) { transformation: [-0.9975640502598242f,-0.05323788240128593f,-0.04507431093917805f,-0.5698411224630924f,-3.469446951953614e-18f,-0.6461667071147504f,0.7631962962544305f,-1.8042422943578345f,-0.06975647374412541f,0.7613371884348663f,0.644592677492444f,-3.24147843269115f,0f,0f,0f,1f], start_interpolation: 0, interpolation_duration: 1 }
$data merge entity $(bone_rearlegtipright) { transformation: [-0.9975640502598242f,-0.06874957659586997f,0.011809375390064618f,-0.7016765381620804f,-3.469446951953614e-18f,0.16929432862937904f,0.9855655383047481f,-1.696545811872502f,-0.06975647374412541f,0.9831647501877885f,-0.16888193615354102f,-2.252118341102773f,0f,0f,0f,1f], start_interpolation: 0, interpolation_duration: 1 }
$data merge entity $(bone_tail11) { transformation: [-0.2937340837125001f,2.4208981130047613e-18f,4.0687732657566834e-17f,1.0180919584209487e-15f,0f,0.2934689744111791f,-0.014234017074768564f,-1.1596352533742567f,-3.5972050541899386e-17f,-0.019768133266589886f,-0.33224055038477407f,-8.31335172826797f,0f,0f,0f,1f], start_interpolation: 0, interpolation_duration: 1 }
$data merge entity $(bone_tail10) { transformation: [-0.39164544495000014f,7.003944827807092e-18f,5.389304242400064e-17f,9.877771220574484e-16f,0f,0.3890152264426576f,-0.04622495875420954f,-1.133633714075014f,-4.796273405586585e-17f,-0.057191549699746186f,-0.4400700876491336f,-8.065812303965332f,0f,0f,0f,1f], start_interpolation: 0, interpolation_duration: 1 }
$data merge entity $(bone_tail9) { transformation: [-0.48955680618750014f,1.2857300853153048e-17f,6.67050029317501e-17f,9.50255557908339e-16f,0f,0.48182661427142054f,-0.08740339341143646f,-1.084469305281081f,-5.99534175698323e-17f,-0.10498782883444274f,-0.544687684467005f,-7.759425481452642f,0f,0f,0f,1f], start_interpolation: 0, interpolation_duration: 1 }
$data merge entity $(bone_tail8) { transformation: [-0.5759491837500001f,1.811438491387299e-17f,7.784104997406639e-17f,9.064699672979267e-16f,0f,0.5625108713851025f,-0.12441635253396502f,-1.0144851069807257f,-7.053343243509683e-17f,-0.14791517788218558f,-0.6356204093152604f,-7.401889001212808f,0f,0f,0f,1f], start_interpolation: 0, interpolation_duration: 1 }
$data merge entity $(bone_tail7) { transformation: [-0.6775872750000002f,2.189005460272986e-17f,9.144103121839045e-17f,8.55034387237582e-16f,0f,0.6608381070528432f,-0.15055651783191104f,-0.9297970657002756f,-8.298050874717275e-17f,-0.17874586058584868f,-0.7466726837652725f,-6.981885616594843f,0f,0f,0f,1f], start_interpolation: 0, interpolation_duration: 1 }
$data merge entity $(bone_tail6) { transformation: [-0.7971615000000002f,2.283356317957856e-17f,1.0823494689453182e-16f,7.941522296094078e-16f,0f,0.7819634119062664f,-0.15602999448886512f,-0.842030193800289f,-9.76241279378503e-17f,-0.1864501927860031f,-0.8838054120574947f,-6.484745072312502f,0f,0f,0f,1f], start_interpolation: 0, interpolation_duration: 1 }
$data merge entity $(bone_tail5) { transformation: [-0.8857350000000002f,1.8830395916451017e-17f,1.2145701088963303e-16f,7.258326609839892e-16f,0f,0.8769517984593511f,-0.12613008528431585f,-0.7710820208278614f,-1.0847125326427811e-16f,-0.15376185141349713f,-0.9917717579811269f,-5.926873458448118f,0f,0f,0f,1f], start_interpolation: 0, interpolation_duration: 1 }
$data merge entity $(bone_tail4) { transformation: [-0.9841500000000002f,1.1638826758130918e-17f,1.3606763410423786e-16f,6.492946168003554e-16f,0f,0.9816969331470474f,-0.07313839164418219f,-0.7299416755280089f,-1.205236147380868e-16f,-0.09503823278870546f,-1.111076550389659f,-5.301892898853935f,0f,0f,0f,1f], start_interpolation: 0, interpolation_duration: 1 }
$data merge entity $(bone_tail3) { transformation: [-1.0935000000000001f,2.8063708571920745e-18f,1.5171238223490642e-16f,5.639564017932205e-16f,0f,1.0937663607688637f,-0.008237433637071905f,-0.725308119107156f,-1.339151274867631e-16f,-0.022915757091317927f,-1.2388256135608608f,-4.60505349122595f,0f,0f,0f,1f], start_interpolation: 0, interpolation_duration: 1 }
$data merge entity $(bone_tail2) { transformation: [-1.215f,-5.232703026501645e-18f,1.6851692915725135e-16f,4.691656291422666e-16f,0f,1.2142583377701788f,0.051036485116006156f,-0.7540161419849094f,-1.4879458609640342e-16f,0.04272826279499409f,-1.3760451525662698f,-3.831028092907424f,0f,0f,0f,1f], start_interpolation: 0, interpolation_duration: 1 }
$data merge entity $(bone_tail1) { transformation: [-1.35f,-9.678064116855222e-18f,1.8708111399908786e-16f,3.6393250251777966e-16f,0f,1.3477178415634117f,0.08454595855916672f,-0.8015732436744407f,-1.6532731788489269e-16f,0.07902739078396699f,-1.5276332255907663f,-2.971734403512618f,0f,0f,0f,1f], start_interpolation: 0, interpolation_duration: 1 }
$data merge entity $(bone_tail0) { transformation: [-1.5f,-8.033299873980392e-18f,2.07990787057447e-16f,2.4492935982947064e-16f,0f,1.498564997071172f,0.07434312105484853f,-0.46875f,-1.8369701987210297e-16f,0.065596871518984f,-1.6983736633473283f,-2f,0f,0f,0f,1f], start_interpolation: 0, interpolation_duration: 1 }