# This file was generated by Animated Java via MC-Build. It is not recommended to edit this file directly.
$data merge entity $(bone_leftwing20) { transformation: [-2.8185232281961836f,-0.5643358832508968f,0.6994197124081526f,5.187294973581043f,-0.29181475087895337f,2.7522824565595276f,1.044759083040305f,-0.07835233473269648f,-0.8500041614010648f,0.9263921422924503f,-2.6778772629474243f,2.1475579807052516f,0f,0f,0f,1f], start_interpolation: 0, interpolation_duration: 1 }
$data merge entity $(bone_leftwing21) { transformation: [-2.4608991252898478f,-0.5643055998746265f,-1.5415354522608746f,5.187294973581043f,-0.9541971426696256f,2.7521347636558726f,0.515808996700617f,-0.07835233473269648f,1.3357695061454742f,0.9263424302634061f,-2.4715190458147194f,2.1475579807052516f,0f,0f,0f,1f], start_interpolation: 0, interpolation_duration: 1 }
$data merge entity $(bone_leftwing22) { transformation: [-0.6017560925702226f,-0.565395245032864f,-2.846549137955164f,5.187294973581043f,-1.035879347894095f,2.7574489946695304f,-0.3287144524461046f,-0.07835233473269648f,2.7109901797139666f,0.9281311499646295f,-0.7574489994740321f,2.1475579807052516f,0f,0f,0f,1f], start_interpolation: 0, interpolation_duration: 1 }
$data merge entity $(bone_leftwing23) { transformation: [1.6036584103960279f,-0.5563874905290531f,-2.371846771524946f,5.187294973581043f,-0.4754278304704374f,2.7135179149178437f,-0.9579840018907071f,-0.07835233473269648f,2.389391664257808f,0.9133443656404439f,1.4012687069126315f,2.1475579807052516f,0f,0f,0f,1f], start_interpolation: 0, interpolation_duration: 1 }
$data merge entity $(bone_leftwing1) { transformation: [-1.8456160869823401f,-0.38152285064849356f,0.6694337711118571f,2.4188708431075328f,-0.12237234774451689f,1.8606979988008072f,0.7230684378163428f,-0.2619108563494718f,-0.7607406049235772f,0.6262932792963044f,-1.7404110032773268f,1.0064470733198858f,0f,0f,0f,1f], start_interpolation: 0, interpolation_duration: 1 }
$data merge entity $(bone_leftwing) { transformation: [-1.1542472287383552f,0.09482323931902543f,-0.14082968204886706f,0.6874999999999999f,0.04960723756631455f,1.113876035737092f,0.34340997379629373f,-0.1875f,0.16236861778674286f,0.33376614778431135f,-1.1060504968862657f,1.25f,0f,0f,0f,1f], start_interpolation: 0, interpolation_duration: 1 }
$data merge entity $(bone_rightwing20) { transformation: [-2.8185232281961836f,0.5643358832508966f,-0.6994197124081521f,-5.187294973581043f,0.29181475087895337f,2.7522824565595276f,1.044759083040305f,-0.07835233473269648f,0.850004161401064f,0.9263921422924505f,-2.677877262947425f,2.1475579807052503f,0f,0f,0f,1f], start_interpolation: 0, interpolation_duration: 1 }
$data merge entity $(bone_rightwing21) { transformation: [-2.4610311890761905f,0.5643358832508966f,1.5416181785321459f,-5.187294973581043f,0.9542483495176773f,2.7522824565595276f,0.5158366775138751f,-0.07835233473269648f,-1.3358411900177845f,0.9263921422924505f,-2.471651679517522f,2.1475579807052503f,0f,0f,0f,1f], start_interpolation: 0, interpolation_duration: 1 }
$data merge entity $(bone_rightwing22) { transformation: [-0.6006286027086867f,0.5643358832508966f,2.8412156559463684f,-5.187294973581043f,1.0339384560993217f,2.7522824565595276f,-0.32809855139076155f,-0.07835233473269648f,-2.705910689900588f,0.9263921422924505f,-0.7560297931243469f,2.1475579807052503f,0f,0f,0f,1f], start_interpolation: 0, interpolation_duration: 1 }
$data merge entity $(bone_rightwing23) { transformation: [1.603658410396028f,0.5563874905290529f,2.371846771524945f,-5.187294973581043f,0.4754278304704374f,2.7135179149178437f,-0.9579840018907071f,-0.07835233473269648f,-2.3893916642578077f,0.9133443656404441f,1.4012687069126322f,2.1475579807052503f,0f,0f,0f,1f], start_interpolation: 0, interpolation_duration: 1 }
$data merge entity $(bone_rightwing1) { transformation: [-1.8456160869823401f,0.38152285064849345f,-0.6694337711118568f,-2.4188708431075328f,0.12237234774451689f,1.8606979988008072f,0.7230684378163428f,-0.2619108563494718f,0.7607406049235768f,0.6262932792963045f,-1.740411003277327f,1.0064470733198854f,0f,0f,0f,1f], start_interpolation: 0, interpolation_duration: 1 }
$data merge entity $(bone_rightwing) { transformation: [-1.1542472287383552f,-0.09482323931902553f,0.1408296820488673f,-0.6875000000000001f,-0.04960723756631455f,1.113876035737092f,0.34340997379629373f,-0.1875f,-0.1623686177867431f,0.33376614778431135f,-1.1060504968862657f,1.25f,0f,0f,0f,1f], start_interpolation: 0, interpolation_duration: 1 }
$data merge entity $(bone_head) { transformation: [-1.2269070000000002f,-8.073519691481027e-18f,1.500357093696216e-16f,-4.378157291011877e-16f,0f,1.2251345406208733f,0.06592529125215633f,-1.1316316284309536f,-1.5025277304014817e-16f,0.06592529125215633f,-1.2251345406208733f,3.57503673227262f,0f,0f,0f,1f], start_interpolation: 0, interpolation_duration: 1 }
$data merge entity $(bone_neck4) { transformation: [-1.0497600000000002f,-1.5173572961218405e-17f,1.276599246513744e-16f,-4.303111579655149e-16f,0f,1.0424223926462404f,0.12390162593641559f,-1.0913120770397327f,-1.2855852238729257e-16f,0.12390162593641559f,-1.0424223926462404f,3.5137572585427432f,0f,0f,0f,1f], start_interpolation: 0, interpolation_duration: 1 }
$data merge entity $(bone_neck3) { transformation: [-1.1664000000000003f,-2.9151886032760707e-17f,1.398364537964529e-16f,-3.6913270942956674e-16f,0f,1.1418512986259588f,0.23804321419904403f,-0.987168170827651f,-1.428428026525473e-16f,0.23804321419904403f,-1.1418512986259588f,3.0141973153938864f,0f,0f,0f,1f], start_interpolation: 0, interpolation_duration: 1 }
$data merge entity $(bone_neck2) { transformation: [-1.2960000000000003f,-3.250456587797258e-17f,1.5535011576512692e-16f,-3.30295180488285e-16f,0f,1.2685299620534485f,0.26541992271243864f,-0.9208131901495413f,-1.58714225169497e-16f,0.26541992271243864f,-1.2685299620534485f,2.697064824880524f,0f,0f,0f,1f], start_interpolation: 0, interpolation_duration: 1 }
$data merge entity $(bone_neck1) { transformation: [-1.4400000000000002f,-2.1085407003851156e-17f,1.7508404971543875e-16f,-2.8652416805942535e-16f,0f,1.4296697614147937f,0.1721754143197176f,-0.8777693365696119f,-1.7634913907721887e-16f,0.1721754143197176f,-1.4296697614147937f,2.3396473845268257f,0f,0f,0f,1f], start_interpolation: 0, interpolation_duration: 1 }
$data merge entity $(bone_neck0) { transformation: [-1.6f,-4.405815927430297e-18f,1.958939489166451e-16f,-2.372753173347997e-16f,0f,1.599595483800179f,0.03597621722849231f,-0.96875f,-1.9594348786357652e-16f,0.03597621722849231f,-1.599595483800179f,1.9375f,0f,0f,0f,1f], start_interpolation: 0, interpolation_duration: 1 }
$data merge entity $(bone_frontlegl) { transformation: [-0.9925461516413221f,-0.1100619767800124f,0.0523306614641722f,0.42943581921432883f,8.673617379884035e-19f,0.429399716138635f,0.9031145463229233f,-0.7604808453673302f,-0.12186934340514756f,0.896382867444116f,-0.42619903576927826f,1.5012030834726289f,0f,0f,0f,1f], start_interpolation: 0, interpolation_duration: 1 }
$data merge entity $(bone_frontlegtipleft) { transformation: [-0.9925461516413221f,-0.06915113715013764f,0.10035067061482268f,0.7966561859282202f,8.673617379884035e-19f,0.8234283357153465f,0.5674202815735924f,-1.1704384626313165f,-0.12186934340514756f,0.5631908168391043f,-0.8172906257666857f,0.5618104635780974f,0f,0f,0f,1f], start_interpolation: 0, interpolation_duration: 1 }
$data merge entity $(bone_frontfootleftd) { transformation: [-0.9925461516413221f,-0.12017312759234743f,-0.020262188101859355f,0.888898619400373f,-8.131263514996737e-17f,-0.1662615678046186f,0.9860816858004973f,-2.7487592470085223f,-0.1218693434051474f,0.9787315824452707f,0.16502227929032706f,-0.2762581557076771f,0f,0f,0f,1f], start_interpolation: 0, interpolation_duration: 1 }
$data merge entity $(bone_frontfootleft) { transformation: [0.9925461516413221f,0.11747701204416437f,0.03242357943190465f,0.9060438110993638f,1.1389460503568104e-16f,-0.2660519744010968f,0.9639586852750892f,-2.302489035960952f,0.12186934340514752f,-0.956773483411018f,-0.264068863328384f,-0.3290802507491295f,0f,0f,0f,1f], start_interpolation: 0, interpolation_duration: 1 }
$data merge entity $(bone_frontlegr) { transformation: [-0.9925461516413221f,0.11006197678001216f,-0.05233066146417208f,-0.8735556340484144f,-8.673617379884035e-19f,0.429399716138635f,0.9031145463229233f,-0.8016632304242995f,0.12186934340514731f,0.896382867444116f,-0.42619903576927826f,1.5469584040954392f,0f,0f,0f,1f], start_interpolation: 0, interpolation_duration: 1 }
$data merge entity $(bone_frontlegtipright) { transformation: [-0.9925461516413221f,0.0691511371501375f,-0.10035067061482249f,-0.7483785212993003f,-8.673617379884035e-19f,0.8234283357153465f,0.5674202815735924f,-1.1364442371646952f,0.12186934340514731f,0.5631908168391043f,-0.8172906257666857f,0.5150669131465896f,0f,0f,0f,1f], start_interpolation: 0, interpolation_duration: 1 }
$data merge entity $(bone_frontfootrightd) { transformation: [-0.9925461516413221f,0.12017312759234752f,0.02026218810185921f,-0.853257408870643f,-8.304735862594417e-17f,-0.1662615678046186f,0.9860816858004973f,-2.7051529985444684f,0.12186934340514746f,0.9787315824452707f,0.16502227929032706f,-0.252288794485863f,0f,0f,0f,1f], start_interpolation: 0, interpolation_duration: 1 }
$data merge entity $(bone_frontfootright) { transformation: [0.9925461516413221f,-0.11747701204416415f,-0.03242357943190482f,-0.8506283917580605f,1.1562932851165785e-16f,-0.2660519744010968f,0.9639586852750892f,-2.2466789291500544f,-0.12186934340514735f,-0.956773483411018f,-0.264068863328384f,-0.31769145408508037f,0f,0f,0f,1f], start_interpolation: 0, interpolation_duration: 1 }
$data merge entity $(bone_rearlegl) { transformation: [-1.080694387781476f,0.04711589355072982f,-0.059083364017696045f,0.0005635209792936857f,3.758567531283082e-18f,0.8469947066765542f,0.6754339923138373f,-0.39260224170157004f,0.07556951322280224f,0.6737886690557545f,-0.8449314701408953f,-1.4657506974276584f,0f,0f,0f,1f], start_interpolation: 0, interpolation_duration: 1 }
$data merge entity $(bone_rearfootleftd) { transformation: [-0.9975640502598242f,0.03637441524322994f,0.05952199211155405f,0.5328060172590399f,3.469446951953614e-18f,-0.8532826978881938f,0.5214485952465934f,-2.3393231730859734f,0.06975647374412515f,0.5201783726764875f,0.8512041441219764f,-3.710044471006801f,0f,0f,0f,1f], start_interpolation: 0, interpolation_duration: 1 }
$data merge entity $(bone_rearfootleft) { transformation: [-0.9975640502598242f,0.05453848986248867f,0.0434915940468275f,0.5695237993990448f,3.469446951953614e-18f,-0.6234775313666188f,0.781841267701435f,-1.8797419929620645f,0.06975647374412515f,0.779936741668519f,0.6219587714360808f,-3.1849557229359307f,0f,0f,0f,1f], start_interpolation: 0, interpolation_duration: 1 }
$data merge entity $(bone_rearlegtipleft) { transformation: [-0.9975640502598242f,0.06837315947658129f,-0.01382304931644258f,0.5764131463166647f,3.469446951953614e-18f,0.1981615264433682f,0.9801693779330358f,-1.742841052639511f,0.06975647374412515f,0.9777817345915315f,-0.19767881492451572f,-2.190459282802609f,0f,0f,0f,1f], start_interpolation: 0, interpolation_duration: 1 }
$data merge entity $(bone_rearlegr) { transformation: [-1.080694387781476f,-0.04711589355072999f,0.059083364017696254f,-1.374999528331263f,-3.758567531283082e-18f,0.8469947066765542f,0.6754339923138373f,-0.3679753604500581f,-0.07556951322280252f,0.6737886690557545f,-0.8449314701408953f,-1.5828928670992646f,0f,0f,0f,1f], start_interpolation: 0, interpolation_duration: 1 }
$data merge entity $(bone_rearfootrightd) { transformation: [-0.9975640502598242f,-0.03637441524323008f,-0.059521992111554275f,-0.5355914555037504f,-3.469446951953614e-18f,-0.8532826978881938f,0.5214485952465934f,-2.3146962918344616f,-0.0697564737441254f,0.5201783726764875f,0.8512041441219764f,-3.731271489280235f,0f,0f,0f,1f], start_interpolation: 0, interpolation_duration: 1 }
$data merge entity $(bone_rearfootright) { transformation: [-0.9975640502598242f,-0.05453848986248888f,-0.04349159404682766f,-0.5723092376437555f,-3.469446951953614e-18f,-0.6234775313666188f,0.781841267701435f,-1.8551151117105524f,-0.0697564737441254f,0.779936741668519f,0.6219587714360808f,-3.2061827412093646f,0f,0f,0f,1f], start_interpolation: 0, interpolation_duration: 1 }
$data merge entity $(bone_rearlegtipright) { transformation: [-0.9975640502598242f,-0.06837315947658154f,0.013823049316442635f,-0.7038940908438537f,-3.469446951953614e-18f,0.1981615264433682f,0.9801693779330358f,-1.718214171387999f,-0.0697564737441254f,0.9777817345915315f,-0.19767881492451572f,-2.2204058602940586f,0f,0f,0f,1f], start_interpolation: 0, interpolation_duration: 1 }
$data merge entity $(bone_tail11) { transformation: [-0.2937340837125001f,5.032485463369538e-19f,4.0764203227443933e-17f,1.0089591446643686e-15f,0f,0.2937053701107925f,-0.004731028114235961f,-1.7242227901169922f,-3.5972050541899386e-17f,-0.004109336232188163f,-0.3328649799748431f,-8.238776644554537f,0f,0f,0f,1f], start_interpolation: 0, interpolation_duration: 1 }
$data merge entity $(bone_tail10) { transformation: [-0.39164544495000014f,3.088243659196486e-18f,5.4268612927626295e-17f,9.784330498925787e-16f,0f,0.3909388550748213f,-0.023722790912388488f,-1.7108787202287736f,-4.796273405586585e-17f,-0.025217423189662795f,-0.4431368535434888f,-7.9895121644363245f,0f,0f,0f,1f], start_interpolation: 0, interpolation_duration: 1 }
$data merge entity $(bone_tail9) { transformation: [-0.48955680618750014f,8.227719262711926e-18f,6.744551695693966e-17f,9.404949466043e-16f,0f,0.4857433155571061f,-0.061111518279371564f,-1.6765034911966272f,-5.99534175698323e-17f,-0.06718442630512222f,-0.5507344403618893f,-7.6797240417327615f,0f,0f,0f,1f], start_interpolation: 0, interpolation_duration: 1 }
$data merge entity $(bone_tail8) { transformation: [-0.5759491837500001f,1.5164954641563962e-17f,7.848421762534385e-17f,8.96347574190044e-16f,0f,0.5650926123232124f,-0.11139571635411469f,-1.6138434007474378f,-7.053343243509683e-17f,-0.12383125201586598f,-0.6408722717438826f,-7.319233388876827f,0f,0f,0f,1f], start_interpolation: 0, interpolation_duration: 1 }
$data merge entity $(bone_tail7) { transformation: [-0.6775872750000002f,2.3177083027316935e-17f,9.114145631045496e-17f,8.450805050154132e-16f,0f,0.6560748524977446f,-0.1694687318295295f,-1.5185172390933275f,-8.298050874717275e-17f,-0.18925524521399728f,-0.7442264690024193f,-6.900606000062966f,0f,0f,0f,1f], start_interpolation: 0, interpolation_duration: 1 }
$data merge entity $(bone_tail6) { transformation: [-0.7971615000000002f,3.081186817316724e-17f,1.0626090193197408e-16f,7.853087476786777e-16f,0f,0.7648083027985957f,-0.2248896106794893f,-1.3920168330861147f,-9.76241279378503e-17f,-0.25159799702754826f,-0.8676861116687445f,-6.4125325622492975f,0f,0f,0f,1f], start_interpolation: 0, interpolation_duration: 1 }
$data merge entity $(bone_tail5) { transformation: [-0.8857350000000002f,3.429294929519878e-17f,1.1805096900326077e-16f,7.189050776143436e-16f,0f,0.8496651159857024f,-0.2502914880191309f,-1.2512278710753535f,-1.0847125326427811e-16f,-0.28002318153344175f,-0.9639593153344496f,-5.87030544737367f,0f,0f,0f,1f], start_interpolation: 0, interpolation_duration: 1 }
$data merge entity $(bone_tail4) { transformation: [-0.9841500000000002f,3.38415765110052e-17f,1.3233134288252216e-16f,6.444686972429249e-16f,0f,0.9525719733345019f,-0.24742629067792096f,-1.112050582569023f,-1.205236147380868e-16f,-0.27633744304535f,-1.0805674172721178f,-5.262486275158103f,0f,0f,0f,1f], start_interpolation: 0, interpolation_duration: 1 }
$data merge entity $(bone_tail3) { transformation: [-1.0935000000000001f,2.907430414820835e-17f,1.4895575334771797e-16f,5.6068108598483355e-16f,0f,1.072485345266509f,-0.21352720615904136f,-0.9919415291045622f,-1.339151274867631e-16f,-0.23740971003599573f,-1.2163160304785572f,-4.578308508013915f,0f,0f,0f,1f], start_interpolation: 0, interpolation_duration: 1 }
$data merge entity $(bone_tail2) { transformation: [-1.215f,2.0753759042175232e-17f,1.6734768132540147e-16f,4.665480152392953e-16f,0f,1.2052305571161839f,-0.15407357541032418f,-0.9052751429362549f,-1.4879458609640342e-16f,-0.16946730319815317f,-1.3664975194636968f,-3.8096536533155856f,0f,0f,0f,1f], start_interpolation: 0, interpolation_duration: 1 }
$data merge entity $(bone_tail1) { transformation: [-1.35f,1.0950036962097124e-17f,1.8704605387443048e-16f,3.613346099349281e-16f,0f,1.347429319693408f,-0.08396859697442807f,-0.8580428071381391f,-1.6532731788489269e-16f,-0.0894138372771722f,-1.527346937947f,-2.950521000720398f,0f,0f,0f,1f], start_interpolation: 0, interpolation_duration: 1 }
$data merge entity $(bone_tail0) { transformation: [-1.5f,2.7537638886819223e-18f,2.0816656191578306e-16f,2.4492935982947064e-16f,0f,1.499831447637537f,-0.025484347073341962f,-0.46875f,-1.8369701987210297e-16f,-0.02248618859412526f,-1.6998089739892084f,-2f,0f,0f,0f,1f], start_interpolation: 0, interpolation_duration: 1 }