# This file was generated by Animated Java via MC-Build. It is not recommended to edit this file directly.
$data merge entity $(bone_leftwing20) { transformation: [-0.4471986556991822f,-1.9419289641741337f,-2.1864723578297385f,1.2872147462494201f,-0.42176301792321963f,2.231594838081818f,-1.8957416876964f,1.6020106557437417f,2.893763195246677f,0.0251493113081371f,-0.6141971939756674f,2.4576505735745022f,0f,0f,0f,1f], start_interpolation: 0, interpolation_duration: 1 }
$data merge entity $(bone_leftwing21) { transformation: [-0.2549196272334436f,-1.9418247564367603f,-2.2170091259216376f,1.2872147462494201f,-0.25491962723344314f,2.2314750863024786f,-1.9251835726345297f,1.6020106557437417f,2.936124798570672f,0.02514796174650211f,-0.3596326079732921f,2.4576505735745022f,0f,0f,0f,1f], start_interpolation: 0, interpolation_duration: 1 }
$data merge entity $(bone_leftwing22) { transformation: [-0.060841759942909204f,-1.9455743204043465f,-2.2350979882042448f,1.2872147462494201f,-0.08632514506820568f,2.235783950194769f,-1.9438215633706897f,1.6020106557437417f,2.9620044602296685f,0.025196521170265947f,-0.10256161925844198f,2.4576505735745022f,0f,0f,0f,1f], start_interpolation: 0, interpolation_duration: 1 }
$data merge entity $(bone_leftwing23) { transformation: [0.13205347851052032f,-1.9145778520026668f,-2.1963373993716386f,1.2872147462494201f,0.08208955387250148f,2.200163924869398f,-1.9129779019352902f,1.6020106557437417f,2.9125191206930694f,0.024795095655909812f,0.15349924844483487f,2.4576505735745022f,0f,0f,0f,1f], start_interpolation: 0, interpolation_duration: 1 }
$data merge entity $(bone_leftwing1) { transformation: [-0.29927275183565955f,-1.3128533842304002f,1.478800801840295f,0.8383056184959308f,-0.2383033581652074f,1.5086838341961586f,1.2911563026691864f,1.2445556184959305f,-1.9630708926312106f,0.017002351306909587f,-0.3821826664752601f,-0.48695576537231355f,0f,0f,0f,1f], start_interpolation: 0, interpolation_duration: 1 }
$data merge entity $(bone_leftwing) { transformation: [-0.10053707899728725f,-0.7658311408010668f,-0.8743603780119165f,0.6874999999999999f,-0.10053707899728712f,0.8800655699477592f,-0.7592680682409411f,1.09375f,1.1579705102482092f,0.009918038262363926f,-0.14183455511136833f,1.25f,0f,0f,0f,1f], start_interpolation: 0, interpolation_duration: 1 }
$data merge entity $(bone_rightwing20) { transformation: [-0.44719865569918127f,1.9419289641741337f,2.1864723578297385f,-1.2872147462494206f,0.42176301792321963f,2.231594838081818f,-1.8957416876964f,1.6020106557437417f,-2.893763195246677f,0.02514931130813757f,-0.6141971939756671f,2.4576505735745022f,0f,0f,0f,1f], start_interpolation: 0, interpolation_duration: 1 }
$data merge entity $(bone_rightwing21) { transformation: [-0.2549333074574063f,1.9419289641741337f,2.21712810138736f,-1.2872147462494206f,0.25493330745740667f,2.231594838081818f,-1.925286887325244f,1.6020106557437417f,-2.9362823652722456f,0.02514931130813757f,-0.3596519076038264f,2.4576505735745022f,0f,0f,0f,1f], start_interpolation: 0, interpolation_duration: 1 }
$data merge entity $(bone_rightwing22) { transformation: [-0.06072776281294074f,1.9419289641741337f,2.230910161354873f,-1.2872147462494206f,0.08616340058890302f,2.231594838081818f,-1.940179491221535f,1.6020106557437417f,-2.956454653522324f,0.02514931130813757f,-0.10236945305136143f,2.4576505735745022f,0f,0f,0f,1f], start_interpolation: 0, interpolation_duration: 1 }
$data merge entity $(bone_rightwing23) { transformation: [0.1320534785105211f,1.9145778520026668f,2.1963373993716386f,-1.2872147462494206f,-0.08208955387250148f,2.200163924869398f,-1.9129779019352902f,1.6020106557437417f,-2.9125191206930694f,0.024795095655910277f,0.15349924844483534f,2.4576505735745022f,0f,0f,0f,1f], start_interpolation: 0, interpolation_duration: 1 }
$data merge entity $(bone_rightwing1) { transformation: [-0.29927275183566004f,1.3128533842304002f,-1.4788008018402947f,-0.8383056184959305f,0.2383033581652074f,1.5086838341961586f,1.2911563026691864f,1.2445556184959305f,1.9630708926312106f,0.017002351306909906f,-0.38218266647526045f,-0.48695576537231355f,0f,0f,0f,1f], start_interpolation: 0, interpolation_duration: 1 }
$data merge entity $(bone_rightwing) { transformation: [-0.10053707899728696f,0.7658311408010668f,0.8743603780119165f,-0.6875000000000001f,0.10053707899728712f,0.8800655699477592f,-0.7592680682409411f,1.09375f,-1.1579705102482092f,0.009918038262364112f,-0.1418345551113681f,1.25f,0f,0f,0f,1f], start_interpolation: 0, interpolation_duration: 1 }
$data merge entity $(bone_head) { transformation: [-1.2269070000000002f,1.5457216538961358e-18f,1.5024482204330022e-16f,-4.223643213577145e-16f,0f,1.2268420751836897f,-0.012621775151597354f,1.0132412261311126f,-1.5025277304014817e-16f,-0.012621775151597354f,-1.2268420751836897f,3.4488664131713804f,0f,0f,0f,1f], start_interpolation: 0, interpolation_duration: 1 }
$data merge entity $(bone_neck4) { transformation: [-1.0497600000000002f,6.151911240102135e-17f,1.1288353506067435e-16f,-4.133866281538904e-16f,0f,0.9217640150553471f,-0.5023416747086046f,1.0106499969323044f,-1.2855852238729257e-16f,-0.5023416747086046f,-0.9217640150553471f,3.3755579848957775f,0f,0f,0f,1f], start_interpolation: 0, interpolation_duration: 1 }
$data merge entity $(bone_neck3) { transformation: [-1.1664000000000003f,7.70052084776733e-17f,1.2030903597379806e-16f,-3.607514249153538e-16f,0f,0.9823978314201441f,-0.628795245545796f,0.7355520770060187f,-1.428428026525473e-16f,-0.628795245545796f,-0.9823978314201441f,2.9457589336494645f,0f,0f,0f,1f], start_interpolation: 0, interpolation_duration: 1 }
$data merge entity $(bone_neck2) { transformation: [-1.2960000000000003f,7.624055921795121e-17f,1.3920338502093926e-16f,-3.2595057866011896e-16f,0f,1.136681899775985f,-0.6225514105049135f,0.5799142243797903f,-1.58714225169497e-16f,-0.6225514105049135f,-1.136681899775985f,2.6615884587054683f,0f,0f,0f,1f], start_interpolation: 0, interpolation_duration: 1 }
$data merge entity $(bone_neck1) { transformation: [-1.4400000000000002f,5.5215981927080224e-17f,1.6748198169685189e-16f,-2.8408008323590596e-16f,0f,1.367594165219387f,-0.4508727084864285f,0.4671960472581832f,-1.7634913907721887e-16f,-0.4508727084864285f,-1.367594165219387f,2.3196899174006216f,0f,0f,0f,1f], start_interpolation: 0, interpolation_duration: 1 }
$data merge entity $(bone_neck0) { transformation: [-1.6f,2.7270062818904893e-17f,1.9403657930915126e-16f,-2.372753173347997e-16f,0f,1.5844289099865128f,-0.22267696153610472f,0.3125f,-1.9594348786357652e-16f,-0.22267696153610472f,-1.5844289099865128f,1.9375f,0f,0f,0f,1f], start_interpolation: 0, interpolation_duration: 1 }
$data merge entity $(bone_frontlegl) { transformation: [-0.9961946980917455f,0.022557566113149793f,-0.08418598282936908f,0.4320065575925028f,0f,0.9659258262890683f,0.2588190451025207f,0.5331319363776024f,0.08715574274765805f,0.2578341604962994f,-0.9622501868990583f,1.5142818316552293f,0f,0f,0f,1f], start_interpolation: 0, interpolation_duration: 1 }
$data merge entity $(bone_frontlegtipleft) { transformation: [-0.9961946980917455f,-0.08682408883346505f,-0.007596123493895962f,0.6340832322772484f,0f,0.08715574274765825f,-0.9961946980917455f,-0.5411772360229403f,0.08715574274765805f,-0.992403876506104f,-0.08682408883346537f,0.9556004810524968f,0f,0f,0f,1f], start_interpolation: 0, interpolation_duration: 1 }
$data merge entity $(bone_frontfootleftd) { transformation: [-0.9961946980917451f,2.220446049250313e-16f,-0.08715574274765817f,0.7824100550335057f,2.0889254354981224e-16f,0.9999999999999997f,2.220446049250313e-16f,-0.9774668713391259f,0.08715574274765815f,2.7755575615628914e-16f,-0.9961946980917454f,2.772375709198119f,0f,0f,0f,1f], start_interpolation: 0, interpolation_duration: 1 }
$data merge entity $(bone_frontfootleft) { transformation: [0.9961946980917453f,-0.029809019626209247f,-0.08189960831908925f,0.7585025119555961f,-9.381338752702728e-17f,-0.9396926207859082f,0.34202014332566877f,-0.7631866243210973f,-0.08715574274765812f,-0.34071865342161034f,-0.9361168066628589f,2.377719355247905f,0f,0f,0f,1f], start_interpolation: 0, interpolation_duration: 1 }
$data merge entity $(bone_frontlegr) { transformation: [-0.9961946980917455f,-0.02255756611314986f,0.08418598282936932f,-0.8678392553011083f,0f,0.9659258262890683f,0.2588190451025207f,0.4525736619474011f,-0.0871557427476583f,0.2578341604962994f,-0.9622501868990583f,1.5240655430571544f,0f,0f,0f,1f], start_interpolation: 0, interpolation_duration: 1 }
$data merge entity $(bone_frontlegtipright) { transformation: [-0.9961946980917455f,0.08682408883346529f,0.00759612349389599f,-0.5737365320918434f,0f,0.08715574274765825f,-0.9961946980917455f,-0.61479679850878f,-0.0871557427476583f,-0.992403876506104f,-0.08682408883346537f,1.0308843458081784f,0f,0f,0f,1f], start_interpolation: 0, interpolation_duration: 1 }
$data merge entity $(bone_frontfootrightd) { transformation: [-0.9961946980917451f,1.9081958235744878e-16f,0.08715574274765815f,-0.7403458224295776f,2.0889254354981224e-16f,0.9999999999999997f,2.220446049250313e-16f,-1.0097758144728515f,-0.08715574274765815f,2.7755575615628914e-16f,-0.9961946980917454f,2.81384536235524f,0f,0f,0f,1f], start_interpolation: 0, interpolation_duration: 1 }
$data merge entity $(bone_frontfootright) { transformation: [0.9961946980917453f,0.029809019626209094f,0.08189960831908938f,-0.693982988494082f,-9.381338752702728e-17f,-0.9396926207859082f,0.34202014332566877f,-0.7966319612015283f,0.08715574274765821f,-0.34071865342161034f,-0.9361168066628589f,2.4053076317074757f,0f,0f,0f,1f], start_interpolation: 0, interpolation_duration: 1 }
$data merge entity $(bone_rearlegl) { transformation: [-0.9972135912401435f,-0.30449082294970087f,-0.2940433697542943f,-0.1189459024999916f,0f,0.752546567997247f,-0.7792847837002055f,0.6602086522493076f,0.4232920558633798f,-0.7173354256176743f,-0.6927227682904428f,-1.4214926792322946f,0f,0f,0f,1f], start_interpolation: 0, interpolation_duration: 1 }
$data merge entity $(bone_rearfootleftd) { transformation: [-0.9205048534524403f,-0.006819198462093352f,-0.39067161824585606f,1.014903849761651f,0f,0.9998476951563913f,-0.01745240643728377f,-0.9334000245038303f,0.3907311284892737f,-0.016065024829944263f,-0.9203646561046941f,-0.5098320152356514f,0f,0f,0f,1f], start_interpolation: 0, interpolation_duration: 1 }
$data merge entity $(bone_rearfootleft) { transformation: [-0.9205048534524403f,0.027256025705474335f,-0.3897793270983517f,0.7503375655947184f,0f,0.9975640502598243f,0.06975647374412497f,-0.7607469425222664f,0.3907311284892737f,0.0642111726411948f,-0.9182625498938424f,-1.1331111217075185f,0f,0f,0f,1f], start_interpolation: 0, interpolation_duration: 1 }
$data merge entity $(bone_rearlegtipleft) { transformation: [-0.9205048534524403f,0.31610812317912357f,-0.22966599493759063f,1.0232682601166638f,0f,0.5877852522924735f,0.8090169943749473f,-0.2235252523782271f,0.3907311284892737f,0.7447040698476446f,-0.5410591775229888f,-0.33017015773410757f,0f,0f,0f,1f], start_interpolation: 0, interpolation_duration: 1 }
$data merge entity $(bone_rearlegr) { transformation: [-0.9972135912401435f,0.304490822949701f,0.2940433697542944f,-1.1403140377386722f,0f,0.752546567997247f,-0.7792847837002055f,0.6416519819058173f,-0.4232920558633801f,-0.7173354256176743f,-0.6927227682904428f,-1.9848071228577444f,0f,0f,0f,1f], start_interpolation: 0, interpolation_duration: 1 }
$data merge entity $(bone_rearfootrightd) { transformation: [-0.9205048534524403f,0.35695064759094364f,0.1589246675469463f,-1.0084696165032097f,0f,0.40673664307580004f,-0.913545457642601f,-0.9519566948473207f,-0.39073112848927394f,-0.8409230276094449f,-0.37440305402822693f,-0.5358911571883496f,0f,0f,0f,1f], start_interpolation: 0, interpolation_duration: 1 }
$data merge entity $(bone_rearfootright) { transformation: [-0.9205048534524403f,-0.027256025705474307f,0.38977932709835184f,-0.7439033323362769f,0f,0.9975640502598243f,0.06975647374412497f,-0.7793036128657568f,-0.39073112848927394f,0.0642111726411948f,-0.9182625498938424f,-1.1591702636602168f,0f,0f,0f,1f], start_interpolation: 0, interpolation_duration: 1 }
$data merge entity $(bone_rearlegtipright) { transformation: [-0.9205048534524403f,-0.3161081231791237f,0.2296659949375907f,-1.1318971335397776f,0f,0.5877852522924735f,0.8090169943749473f,-0.2420819227217175f,-0.39073112848927394f,0.7447040698476446f,-0.5410591775229888f,-0.40507069074796503f,0f,0f,0f,1f], start_interpolation: 0, interpolation_duration: 1 }
$data merge entity $(bone_tail11) { transformation: [-0.21067532845415982f,-0.008698667918113065f,0.21119713072283072f,-2.215661266222031f,0.11251093870723218f,0.24028939627161985f,0.12892645967430916f,-0.5741042707880328f,-0.2052838828199783f,0.1985825323834151f,-0.16037674287731077f,0.12226778829709736f,0f,0f,0f,1f], start_interpolation: 0, interpolation_duration: 1 }
$data merge entity $(bone_tail10) { transformation: [-0.2828586192854385f,0.2184112826207866f,-0.17499569517654193f,-2.117226187685226f,0.15436354342022016f,0.33013099699917114f,0.14794315283768714f,-0.6573222942592318f,0.23313659600138437f,0.07434444700600457f,-0.361760692408761f,0.3257581777770254f,0f,0f,0f,1f], start_interpolation: 0, interpolation_duration: 1 }
$data merge entity $(bone_tail9) { transformation: [-0.01953582275981855f,0.12706483954309117f,-0.4804922967746751f,-1.8469492707494715f,0.1690926660021086f,0.4498417579960125f,0.10378610479894576f,-0.7157019782086388f,0.5158368445442905f,-0.1456202080835932f,-0.10370567460597194f,0.3840926197428846f,0f,0f,0f,1f], start_interpolation: 0, interpolation_duration: 1 }
$data merge entity $(bone_tail8) { transformation: [0.3972034220108532f,-0.001912173296929616f,-0.4297067461273854f,-1.6052392260528172f,0.15412482173670836f,0.5427948145065868f,0.12720828597859277f,-0.7872566390715973f,0.48109844240686295f,-0.19705802763618968f,0.3771409240946401f,0.17195084993964954f,0f,0f,0f,1f], start_interpolation: 0, interpolation_duration: 1 }
$data merge entity $(bone_tail7) { transformation: [0.6576818563339377f,-0.07598404718122892f,-0.18873692474954584f,-1.4990747058811977f,0.10961799339347447f,0.6676514610276538f,0.0727177491568648f,-0.8281603729723337f,0.2544518272163828f,-0.08725176877251727f,0.7061212959511135f,-0.22524237903285182f,0f,0f,0f,1f], start_interpolation: 0, interpolation_duration: 1 }
$data merge entity $(bone_tail6) { transformation: [0.7965613507244297f,-0.12659235507122218f,0.0737399173879961f,-1.5451621542486953f,0.13901968752768656f,0.7883948703001085f,-0.004892780082086934f,-0.8251023854210293f,-0.004604873845238028f,0.04316524459119836f,0.887907518726638f,-0.7801845782370006f,0f,0f,0f,1f], start_interpolation: 0, interpolation_duration: 1 }
$data merge entity $(bone_tail5) { transformation: [0.8618257694299203f,-0.1242937005227538f,0.22726825060526035f,-1.7014090765398118f,0.1748784634651157f,0.8617419537351351f,-0.13443861404119206f,-0.7326758382677098f,-0.13912485772910876f,0.21854776677525212f,0.9531610402264834f,-1.435482793392708f,0f,0f,0f,1f], start_interpolation: 0, interpolation_duration: 1 }
$data merge entity $(bone_tail4) { transformation: [0.9849505075983367f,-0.1155699914250091f,0.12776067061313368f,-1.7812594956730203f,0.1600942400651745f,0.940828520192709f,-0.25704097758376226f,-0.5720252272778583f,-0.009191381048575642f,0.3342106499559635f,1.0453258790020712f,-2.0888114677690024f,0f,0f,0f,1f], start_interpolation: 0, interpolation_duration: 1 }
$data merge entity $(bone_tail3) { transformation: [0.9827709518709227f,-0.3962736376680344f,-0.33385286752013454f,-1.5726014534729362f,0.3096958762740827f,0.999258747615309f,-0.33401887669191f,-0.3632634293454145f,0.561304927743904f,0.2340436036131681f,1.0569682551247261f,-2.7494166272219562f,0f,0f,0f,1f], start_interpolation: 0, interpolation_duration: 1 }
$data merge entity $(bone_tail2) { transformation: [0.48048683396449554f,-0.6163184539172514f,-0.9555873955671337f,-0.9753593312434775f,0.24288180387604313f,1.0465128497550178f,-0.5785377598085604f,-0.00167732946506427f,1.2673487766385656f,0.034579662556043f,0.4779752771750143f,-3.0481511754563404f,0f,0f,0f,1f], start_interpolation: 0, interpolation_duration: 1 }
$data merge entity $(bone_tail1) { transformation: [-0.5242693693459871f,-0.4051378468628834f,-1.2009653098252153f,-0.29981634446679395f,0.10593094757872842f,1.25746003381419f,-0.4956859594515273f,0.27714602272641986f,1.340007560691593f,-0.29150201499384043f,-0.621177847200701f,-2.6987386364059462f,0f,0f,0f,1f], start_interpolation: 0, interpolation_duration: 1 }
$data merge entity $(bone_tail0) { transformation: [-1.4095389311788626f,-0.08908676192082701f,-0.5726009510168906f,2.2962127484012875e-16f,0f,1.477211629518312f,-0.29520190203378155f,0.8125f,0.5130302149885028f,-0.24476386674980222f,-1.5732081832771496f,-1.875f,0f,0f,0f,1f], start_interpolation: 0, interpolation_duration: 1 }
$data merge entity $(bone_body) { transformation: [-2.6666666666666665f,0f,3.265724797726275e-16f,-2.4492935982947064e-16f,0f,2.6666666666666665f,0f,1.09375f,-3.265724797726275e-16f,0f,-2.6666666666666665f,2f,0f,0f,0f,1f], start_interpolation: 0, interpolation_duration: 1 }