# This file was generated by Animated Java via MC-Build. It is not recommended to edit this file directly.
$data merge entity $(bone_leftwing20) { transformation: [-0.20670087163994352f,2.9389651651409765f,0.2673847767960463f,1.9964524707857068f,1.1065260369964962f,0.32566905538637747f,-2.7242018843917726f,-2.5325809032828395f,-2.7358017088640083f,-0.09033014758500313f,-1.1220363565077363f,5.395019589386078f,0f,0f,0f,1f], start_interpolation: 0, interpolation_duration: 1 }
$data merge entity $(bone_leftwing21) { transformation: [-0.33590897611456844f,2.938807454475072f,0.03705092126719092f,1.9964524707857068f,2.728138008209658f,0.32565157934270106f,-1.0963625871548084f,-2.5325809032828395f,-1.0932634784931046f,-0.09032530029116793f,-2.7472555709652875f,5.395019589386078f,0f,0f,0f,1f], start_interpolation: 0, interpolation_duration: 1 }
$data merge entity $(bone_leftwing22) { transformation: [-0.2604962197062614f,2.9444821408763278f,-0.21631184531491812f,1.9964524707857068f,2.6889633914014515f,0.326280395832883f,1.2031796024876684f,-2.5325809032828395f,1.2191151594767387f,-0.09049971381134296f,-2.7000355928354933f,5.395019589386078f,0f,0f,0f,1f], start_interpolation: 0, interpolation_duration: 1 }
$data merge entity $(bone_leftwing23) { transformation: [-0.02495022289217292f,2.8975712895756103f,-0.33226879578017576f,1.9964524707857068f,0.9864456789689299f,0.32108216728234396f,2.725944902000266f,-2.5325809032828395f,2.744676092595554f,-0.08905789198521434f,-0.9827340856274358f,5.395019589386078f,0f,0f,0f,1f], start_interpolation: 0, interpolation_duration: 1 }
$data merge entity $(bone_leftwing1) { transformation: [-0.12008060134172993f,1.9869060271375614f,0.1943838689445191f,1.8163315687731119f,0.5514643842130353f,0.2201706289936073f,-1.909819867702998f,-1.7053843269632865f,-1.9187151122889365f,-0.06106826878986127f,-0.5610730651359617f,2.516946920952673f,0f,0f,0f,1f], start_interpolation: 0, interpolation_duration: 1 }
$data merge entity $(bone_leftwing) { transformation: [-0.7525543791820747f,0.888808233372353f,0.06923107520839185f,0.6874999999999998f,0.5789101827499716f,0.5561063924836462f,-0.8465930496161248f,-0.837019052838329f,-0.6779646139684486f,-0.5117389135481615f,-0.799748946656556f,1.5f,0f,0f,0f,1f], start_interpolation: 0, interpolation_duration: 1 }
$data merge entity $(bone_rightwing20) { transformation: [-0.20670087163994444f,-2.938965165140976f,-0.2673847767960461f,-1.9964524707857085f,-1.1065260369964962f,0.32566905538637747f,-2.7242018843917726f,-2.5325809032828395f,2.7358017088640083f,-0.09033014758500395f,-1.1220363565077363f,5.395019589386077f,0f,0f,0f,1f], start_interpolation: 0, interpolation_duration: 1 }
$data merge entity $(bone_rightwing21) { transformation: [-0.3359270026199208f,-2.938965165140976f,-0.037052909599381324f,-1.9964524707857085f,-2.728284413330993f,0.32566905538637747f,-1.09642142329034f,-2.5325809032828395f,1.0933221483154296f,-0.09033014758500395f,-2.7474030020277906f,5.395019589386077f,0f,0f,0f,1f], start_interpolation: 0, interpolation_duration: 1 }
$data merge entity $(bone_rightwing22) { transformation: [-0.2600081368263146f,-2.938965165140976f,0.21590654918990454f,-1.9964524707857085f,-2.6839251724298823f,0.32566905538637747f,1.2009252459133681f,-2.5325809032828395f,-1.2168309449929549f,-0.09033014758500395f,-2.694976628257829f,5.395019589386077f,0f,0f,0f,1f], start_interpolation: 0, interpolation_duration: 1 }
$data merge entity $(bone_rightwing23) { transformation: [-0.02495022289217217f,-2.89757128957561f,0.3322687957801762f,-1.9964524707857085f,-0.9864456789689299f,0.32108216728234396f,2.725944902000266f,-2.5325809032828395f,-2.744676092595554f,-0.08905789198521516f,-0.9827340856274358f,5.395019589386077f,0f,0f,0f,1f], start_interpolation: 0, interpolation_duration: 1 }
$data merge entity $(bone_rightwing1) { transformation: [-0.12008060134173054f,-1.9869060271375611f,-0.19438386894451903f,-1.8163315687731127f,-0.5514643842130353f,0.2201706289936073f,-1.909819867702998f,-1.7053843269632865f,1.9187151122889365f,-0.061068268789861824f,-0.5610730651359617f,2.5169469209526723f,0f,0f,0f,1f], start_interpolation: 0, interpolation_duration: 1 }
$data merge entity $(bone_rightwing) { transformation: [-0.752554379182075f,-0.8888082333723528f,-0.06923107520839164f,-0.6875000000000002f,-0.5789101827499716f,0.5561063924836462f,-0.8465930496161248f,-0.837019052838329f,0.6779646139684484f,-0.5117389135481618f,-0.799748946656556f,1.4999999999999998f,0f,0f,0f,1f], start_interpolation: 0, interpolation_duration: 1 }
$data merge entity $(bone_head) { transformation: [-1.2269070000000002f,7.942489004538172e-18f,1.500427028371159e-16f,-4.697901454993857e-16f,0f,1.225191646616653f,-0.06485534449661765f,0.28443645193871675f,-1.5025277304014817e-16f,-0.06485534449661765f,-1.225191646616653f,3.836127655961473f,0f,0f,0f,1f], start_interpolation: 0, interpolation_duration: 1 }
$data merge entity $(bone_neck4) { transformation: [-1.0497600000000002f,3.178794302427037e-17f,1.2456652984124485e-16f,-4.610113641647995e-16f,0f,1.0171629071171617f,-0.25956825303754827f,0.2999997769712813f,-1.2855852238729257e-16f,-0.25956825303754827f,-1.0171629071171617f,3.764443466359227f,0f,0f,0f,1f], start_interpolation: 0, interpolation_duration: 1 }
$data merge entity $(bone_neck3) { transformation: [-1.1664000000000003f,5.63018785507297e-17f,1.3127895772473765e-16f,-4.035768201602267e-16f,0f,1.0719740403203533f,-0.4597397273232515f,0.09886364626735872f,-1.428428026525473e-16f,-0.4597397273232515f,-1.0719740403203533f,3.295454823719073f,0f,0f,0f,1f], start_interpolation: 0, interpolation_duration: 1 }
$data merge entity $(bone_neck2) { transformation: [-1.2960000000000003f,7.793492406096881e-17f,1.382618996063804e-16f,-3.690113452586316e-16f,0f,1.1289940879496336f,-0.6363869494063933f,-0.060233091084239604f,-1.58714225169497e-16f,-0.6363869494063933f,-1.1289940879496336f,3.0132063017316644f,0f,0f,0f,1f], start_interpolation: 0, interpolation_duration: 1 }
$data merge entity $(bone_neck1) { transformation: [-1.4400000000000002f,1.0429400510871606e-16f,1.4220330288590133e-16f,-3.334605195371563e-16f,0f,1.1611780881222964f,-0.8516251802669114f,-0.27313938615096744f,-1.7634913907721887e-16f,-0.8516251802669114f,-1.1611780881222964f,2.72291177970109f,0f,0f,0f,1f], start_interpolation: 0, interpolation_duration: 1 }
$data merge entity $(bone_neck0) { transformation: [-1.6f,1.4221686387164839e-16f,1.3478951764383087e-16f,-3.086516941181766e-16f,0f,1.1006399374715763f,-1.1612888219743465f,-0.6322515877365276f,-1.9594348786357652e-16f,-1.1612888219743465f,-1.1006399374715763f,2.5203323467065926f,0f,0f,0f,1f], start_interpolation: 0, interpolation_duration: 1 }
$data merge entity $(bone_frontlegl) { transformation: [-0.992546151641322f,-0.11861633480736014f,0.027969661758233934f,0.42821039447172915f,-0.10554194733138723f,0.9513786823527375f,0.28937778096852507f,-0.9021426275757872f,-0.06093467170257386f,0.28426883030265077f,-0.9568062488836819f,2.1351640744113274f,0f,0f,0f,1f], start_interpolation: 0, interpolation_duration: 1 }
$data merge entity $(bone_frontlegtipleft) { transformation: [-0.992546151641322f,-0.09568241807191678f,0.07547855148260799f,0.8030152900865203f,-0.10554194733138723f,0.9845382430162524f,-0.13980466870591057f,-1.8751783141475498f,-0.06093467170257386f,-0.14672873921076834f,-0.9872981529781761f,1.8181840196183954f,0f,0f,0f,1f], start_interpolation: 0, interpolation_duration: 1 }
$data merge entity $(bone_frontfootleftd) { transformation: [-0.992546151641322f,-0.05771678515324949f,-0.10733550006207351f,0.9766152981277815f,-0.10554194733138725f,-0.03328255009428971f,0.9938577208095332f,-3.7416071210595416f,-0.06093467170257364f,0.997778053762857f,0.026942925114115446f,2.0495877596673875f,0f,0f,0f,1f], start_interpolation: 0, interpolation_duration: 1 }
$data merge entity $(bone_frontfootleft) { transformation: [0.992546151641322f,0.09767111428641367f,-0.07288683211700234f,0.9482406542736312f,0.10554194733138729f,-0.389858188063206f,0.9148068050433231f,-3.3078843934658866f,0.06093467170257375f,-0.9156805920374878f,-0.3972606438478085f,1.934172389173347f,0f,0f,0f,1f], start_interpolation: 0, interpolation_duration: 1 }
$data merge entity $(bone_frontlegr) { transformation: [-0.992546151641322f,0.11861633480736007f,-0.027969661758233698f,-0.8731940373536627f,0.10554194733138723f,0.9513786823527375f,0.28937778096852507f,-0.8812873869619027f,0.06093467170257361f,0.28426883030265077f,-0.9568062488836819f,2.1764817495578814f,0f,0f,0f,1f], start_interpolation: 0, interpolation_duration: 1 }
$data merge entity $(bone_frontlegtipright) { transformation: [-0.992546151641322f,0.09568241807191682f,-0.07547855148260775f,-0.7532748526881207f,0.10554194733138723f,0.9845382430162524f,-0.13980466870591057f,-1.8742846751662525f,0.06093467170257361f,-0.14672873921076834f,-0.9872981529781761f,1.7469757469962572f,0f,0f,0f,1f], start_interpolation: 0, interpolation_duration: 1 }
$data merge entity $(bone_frontfootrightd) { transformation: [-0.992546151641322f,0.0577167851532497f,0.10733550006207351f,-0.9406939127666878f,0.10554194733138722f,-0.03328255009428971f,0.9938577208095332f,-3.6937562359698175f,0.060934671702573835f,0.997778053762857f,0.026942925114115446f,2.0192099997225363f,0f,0f,0f,1f], start_interpolation: 0, interpolation_duration: 1 }
$data merge entity $(bone_frontfootright) { transformation: [0.992546151641322f,-0.09767111428641362f,0.07288683211700227f,-0.890895768941078f,-0.10554194733138718f,-0.389858188063206f,0.9148068050433231f,-3.251573555852775f,-0.060934671702573724f,-0.9156805920374878f,-0.3972606438478085f,1.8908452296462555f,0f,0f,0f,1f], start_interpolation: 0, interpolation_duration: 1 }
$data merge entity $(bone_rearlegl) { transformation: [-1.080694387781476f,0.049310799844385814f,-0.057264267632077634f,0.001175855032835016f,0.0654451182025709f,1.0211598946126257f,-0.35575345008768966f,-3.2836367827513295f,0.03778475661140106f,-0.3583462372685803f,-1.0216513091629542f,0.3236783899274623f,0f,0f,0f,1f], start_interpolation: 0, interpolation_duration: 1 }
$data merge entity $(bone_rearfootleftd) { transformation: [-0.9975640502598242f,0.03410355959842388f,0.060851564087799605f,0.5284058357561479f,0.06041087834083468f,-0.013807718443665795f,0.9980780894747012f,-6.220478360869121f,0.03487823687206252f,0.9993229178469275f,0.011713857545620598f,0.7784850456917064f,0f,0f,0f,1f], start_interpolation: 0, interpolation_duration: 1 }
$data merge entity $(bone_rearfootleft) { transformation: [-0.9975640502598242f,0.05285932396807169f,0.04551766139481765f,0.5663066434610939f,0.06041087834083468f,0.3283878000809447f,0.9426091334885774f,-5.5313861065856065f,0.03487823687206252f,0.94306274691965f,-0.33078114209407455f,0.6689558538669864f,0f,0f,0f,1f], start_interpolation: 0, interpolation_duration: 1 }
$data merge entity $(bone_rearlegtipleft) { transformation: [-0.9975640502598242f,0.06884587007835449f,-0.011234402626271f,0.5735069105623514f,0.06041087834083468f,0.9331640978063712f,0.35433782234374933f,-4.616592442779417f,0.03487823687206252f,0.35279599308718884f,-0.9350499964463507f,1.0823723615365761f,0f,0f,0f,1f], start_interpolation: 0, interpolation_duration: 1 }
$data merge entity $(bone_rearlegr) { transformation: [-1.080694387781476f,-0.04931079984438572f,0.05726426763207789f,-1.375677696712173f,-0.0654451182025709f,1.0211598946126257f,-0.35575345008768966f,-3.371569189851189f,-0.03778475661140132f,-0.3583462372685803f,-1.0216513091629542f,0.24358039680089183f,0f,0f,0f,1f], start_interpolation: 0, interpolation_duration: 1 }
$data merge entity $(bone_rearfootrightd) { transformation: [-0.9975640502598242f,-0.060851564087799605f,0.03410355959842411f,-0.5312571083282276f,-0.06041087834083468f,0.9980780894747012f,0.013807718443665962f,-6.225345810250334f,-0.03487823687206276f,0.01171385754562082f,-0.9993229178469274f,0.746344628264222f,0f,0f,0f,1f], start_interpolation: 0, interpolation_duration: 1 }
$data merge entity $(bone_rearfootright) { transformation: [-0.9975640502598242f,-0.052859323968071914f,-0.04551766139481757f,-0.5691579160331737f,-0.06041087834083468f,0.3283878000809447f,0.9426091334885774f,-5.53625355596682f,-0.03487823687206276f,0.94306274691965f,-0.33078114209407455f,0.636815436439502f,0f,0f,0f,1f], start_interpolation: 0, interpolation_duration: 1 }
$data merge entity $(bone_rearlegtipright) { transformation: [-0.9975640502598242f,-0.06884587007835458f,0.011234402626271232f,-0.7010536894169093f,-0.06041087834083468f,0.9331640978063712f,0.35433782234374933f,-4.6290112519532345f,-0.03487823687206276f,0.35279599308718884f,-0.9350499964463507f,1.045872164500084f,0f,0f,0f,1f], start_interpolation: 0, interpolation_duration: 1 }
$data merge entity $(bone_tail11) { transformation: [-0.2937340837125001f,-3.080098576712618e-17f,2.0463418451017185e-17f,4.900774994617905e-16f,0f,0.20626027449304507f,0.25175350006857283f,-6.176064222128842f,-3.5972050541899386e-17f,0.2515091354386508f,-0.16709649235407803f,-4.001786472662988f,0f,0f,0f,1f], start_interpolation: 0, interpolation_duration: 1 }
$data merge entity $(bone_tail10) { transformation: [-0.39164544495000014f,-3.783073885890312e-17f,3.162058450397205e-17f,4.722909206783063e-16f,0f,0.31014127132566827f,0.3035130486808791f,-6.346790312011836f,-4.796273405586585e-17f,0.308911425606488f,-0.258201667011154f,-3.856548034969214f,0f,0f,0f,1f], start_interpolation: 0, interpolation_duration: 1 }
$data merge entity $(bone_tail9) { transformation: [-0.48955680618750014f,-4.178101768069325e-17f,4.530811127686849e-17f,4.468051080850677e-16f,0f,0.4334758677941005f,0.3260821622995317f,-6.530211528305323f,-5.99534175698323e-17f,0.34116790008174463f,-0.3699688049518748f,-3.648440582183784f,0f,0f,0f,1f], start_interpolation: 0, interpolation_duration: 1 }
$data merge entity $(bone_tail8) { transformation: [-0.5759491837500001f,-4.003297778371112e-17f,6.045469560292441e-17f,4.1279934180842275e-16f,0f,0.5645818442599997f,0.2974682292305826f,-6.697537407247525f,-7.053343243509683e-17f,0.32689407110346963f,-0.49365005195796313f,-3.37076242795743f,0f,0f,0f,1f], start_interpolation: 0, interpolation_duration: 1 }
$data merge entity $(bone_tail7) { transformation: [-0.6775872750000002f,-3.252026812634965e-17f,7.886141992714668e-17f,3.684397930994027e-16f,0f,0.7191733434078637f,0.21550798140198374f,-6.818760646786141f,-8.298050874717275e-17f,0.2655481413007534f,-0.6439523622815417f,-3.0085392241740627f,0f,0f,0f,1f], start_interpolation: 0, interpolation_duration: 1 }
$data merge entity $(bone_tail6) { transformation: [-0.7971615000000002f,-1.679041532808616e-17f,9.89425446017019e-17f,3.127846117609454e-16f,0f,0.8812092788521909f,0.06011767441258589f,-6.852576838643221f,-9.76241279378503e-17f,0.13710414578126787f,-0.8079271890523011f,-2.5540801803321433f,0f,0f,0f,1f], start_interpolation: 0, interpolation_duration: 1 }
$data merge entity $(bone_tail5) { transformation: [-0.8857350000000002f,8.114157751171196e-18f,1.1121226028635833e-16f,2.5022771534986883e-16f,0f,0.9667793501264946f,-0.16875526632426335f,-6.757652001335822f,-1.0847125326427811e-16f,-0.06625712619198099f,-0.9081170208731909f,-2.0432643560909733f,0f,0f,0f,1f], start_interpolation: 0, interpolation_duration: 1 }
$data merge entity $(bone_tail4) { transformation: [-0.9841500000000002f,3.851713973638197e-17f,1.177584609457857e-16f,1.8398858106786436e-16f,0f,0.9973972270964253f,-0.44075084162895684f,-6.5097296529195345f,-1.205236147380868e-16f,-0.31451631411766295f,-0.9615708057847676f,-1.5023807778370417f,0f,0f,0f,1f], start_interpolation: 0, interpolation_duration: 1 }
$data merge entity $(bone_tail3) { transformation: [-1.0935000000000001f,7.144566716697643e-17f,1.176728760226882e-16f,1.1779758830510225e-16f,0f,0.9677206149260869f,-0.7290372056826966f,-6.099646224723018f,-1.339151274867631e-16f,-0.5833981456263118f,-0.9608719518527027f,-0.9618903049198965f,0f,0f,0f,1f], start_interpolation: 0, interpolation_duration: 1 }
$data merge entity $(bone_tail2) { transformation: [-1.215f,1.0410585515491467e-16f,1.1206581815827181e-16f,5.476056559107435e-17f,0f,0.8899271167701506f,-1.0101231525948835f,-5.531451951388396f,-1.4879458609640342e-16f,-0.8500888193019995f,-0.9150868498272026f,-0.44715395189209506f,0f,0f,0f,1f], start_interpolation: 0, interpolation_duration: 1 }
$data merge entity $(bone_tail1) { transformation: [-1.35f,1.3503712294078816e-16f,1.0319827956742109e-16f,-3.2884666656000147e-18f,0f,0.7850997775830917f,-1.2732043328850735f,-4.815274514140542f,-1.6532731788489269e-16f,-1.1026617881564402f,-0.8426779022267625f,0.02685236811045888f,0f,0f,0f,1f], start_interpolation: 0, interpolation_duration: 1 }
$data merge entity $(bone_tail0) { transformation: [-1.5f,1.643453880505389e-16f,9.301062034992136e-17f,-1.4520593599796056e-17f,0f,0.670137663231066f,-1.5209128590133705f,-3.7922266151377544f,-1.8369701987210297e-16f,-1.3419819344235624f,-0.7594893516618749f,0.11856964481437293f,0f,0f,0f,1f], start_interpolation: 0, interpolation_duration: 1 }