# This file was generated by Animated Java via MC-Build. It is not recommended to edit this file directly.
$data merge entity $(bone_leftwing20) { transformation: [-0.6544495631193255f,2.8848284537509397f,-0.03459295987617819f,2.815832146580975f,0.8135699771044328f,0.15050698791643988f,-2.840279502100757f,-2.030529123397394f,-2.7679479353481935f,-0.6378468077276801f,-0.8266509470050784f,5.059604081913665f,0f,0f,0f,1f], start_interpolation: 0, interpolation_duration: 1 }
$data merge entity $(bone_leftwing21) { transformation: [-0.4297117137982716f,2.884673648167717f,-0.4947753551569061f,2.815832146580975f,2.608139319087359f,0.1504989114146939f,-1.3877161941019711f,-2.030529123397394f,-1.3280640047582108f,-0.6378125796102513f,-2.5651974540054105f,5.059604081913665f,0f,0f,0f,1f], start_interpolation: 0, interpolation_duration: 1 }
$data merge entity $(bone_leftwing22) { transformation: [0.05751961969885649f,2.8902438049666563f,-0.6540691202357757f,2.815832146580975f,2.815431275367914f,0.1507895170903765f,0.9139110613513195f,-2.030529123397394f,0.924479529180795f,-0.639044162974637f,-2.7425506979339773f,5.059604081913665f,0f,0f,0f,1f], start_interpolation: 0, interpolation_duration: 1 }
$data merge entity $(bone_leftwing23) { transformation: [0.5023219862113152f,2.8441970670783907f,-0.40639895452109387f,2.815832146580975f,1.2776652658792624f,0.14838717118522238f,2.6177274801319106f,-2.030529123397394f,2.5733613300465277f,-0.6288630498723606f,-1.2203635417246936f,5.059604081913665f,0f,0f,0f,1f], start_interpolation: 0, interpolation_duration: 1 }
$data merge entity $(bone_leftwing1) { transformation: [-0.44246560149100156f,1.9503065602823253f,0.022989397924458588f,2.1521337443444724f,0.3462916759703085f,0.10175120309843821f,-1.9671626185503057f,-1.5110916094419315f,-1.9194546794990708f,-0.431220377055333f,-0.36019816734871934f,2.1804220626650586f,0f,0f,0f,1f], start_interpolation: 0, interpolation_duration: 1 }
$data merge entity $(bone_leftwing) { transformation: [-0.9764224962296484f,0.6297914035686363f,-0.10522836100035227f,0.6874999999999998f,0.44938170440240166f,0.5412060848154844f,-0.9307325978057277f,-0.837019052838329f,-0.45361470844337237f,-0.8194936685910715f,-0.6955393119975983f,1.5f,0f,0f,0f,1f], start_interpolation: 0, interpolation_duration: 1 }
$data merge entity $(bone_rightwing20) { transformation: [-0.6544495631193266f,-2.8848284537509397f,0.03459295987617827f,-2.8158321465809766f,-0.8135699771044328f,0.15050698791643988f,-2.840279502100757f,-2.030529123397394f,2.767947935348193f,-0.6378468077276811f,-0.8266509470050784f,5.059604081913664f,0f,0f,0f,1f], start_interpolation: 0, interpolation_duration: 1 }
$data merge entity $(bone_rightwing21) { transformation: [-0.429734774213621f,-2.8848284537509397f,0.49480190720291334f,-2.8158321465809766f,-2.608279284496851f,0.15050698791643988f,-1.3877906656855805f,-2.030529123397394f,1.3281352751159319f,-0.6378468077276811f,-2.5653351149460857f,5.059604081913664f,0f,0f,0f,1f], start_interpolation: 0, interpolation_duration: 1 }
$data merge entity $(bone_rightwing22) { transformation: [0.05741184714972821f,-2.8848284537509397f,0.6528436132389812f,-2.8158321465809766f,-2.8101560978366513f,0.15050698791643988f,0.9121986973740518f,-2.030529123397394f,-0.9227473634259021f,-0.6378468077276811f,-2.7374120742543067f,5.059604081913664f,0f,0f,0f,1f], start_interpolation: 0, interpolation_duration: 1 }
$data merge entity $(bone_rightwing23) { transformation: [0.5023219862113161f,-2.8441970670783907f,0.4063989545210945f,-2.8158321465809766f,-1.2776652658792624f,0.14838717118522238f,2.6177274801319106f,-2.030529123397394f,-2.5733613300465277f,-0.6288630498723615f,-1.2203635417246936f,5.059604081913664f,0f,0f,0f,1f], start_interpolation: 0, interpolation_duration: 1 }
$data merge entity $(bone_rightwing1) { transformation: [-0.4424656014910023f,-1.9503065602823253f,-0.022989397924458616f,-2.1521337443444732f,-0.3462916759703085f,0.10175120309843821f,-1.9671626185503057f,-1.5110916094419315f,1.9194546794990706f,-0.43122037705533367f,-0.36019816734871934f,2.180422062665058f,0f,0f,0f,1f], start_interpolation: 0, interpolation_duration: 1 }
$data merge entity $(bone_rightwing) { transformation: [-0.9764224962296486f,-0.629791403568636f,0.10522836100035243f,-0.6875000000000002f,-0.44938170440240166f,0.5412060848154844f,-0.9307325978057277f,-0.837019052838329f,0.45361470844337215f,-0.8194936685910718f,-0.6955393119975983f,1.4999999999999998f,0f,0f,0f,1f], start_interpolation: 0, interpolation_duration: 1 }
$data merge entity $(bone_head) { transformation: [-1.2269070000000002f,9.141683461826573e-18f,1.4997441591730925e-16f,-4.658071784333918e-16f,0f,1.224634041600625f,-0.07464751035311862f,0.33496214316716766f,-1.5025277304014817e-16f,-0.07464751035311862f,-1.224634041600625f,3.8036042617161514f,0f,0f,0f,1f], start_interpolation: 0, interpolation_duration: 1 }
$data merge entity $(bone_neck4) { transformation: [-1.0497600000000002f,3.3787595333067636e-17f,1.2403907481117745e-16f,-4.5699887390353485e-16f,0f,1.0128559099451226f,-0.27589665327661705f,0.34937034952316415f,-1.2855852238729257e-16f,-0.27589665327661705f,-1.0128559099451226f,3.731678996929687f,0f,0f,0f,1f], start_interpolation: 0, interpolation_duration: 1 }
$data merge entity $(bone_neck3) { transformation: [-1.1664000000000003f,6.168887903759993e-17f,1.2883535412579476e-16f,-4.006334064734996e-16f,0f,1.0520205026910203f,-0.5037279244966802f,0.1289893825558665f,-1.428428026525473e-16f,-0.5037279244966802f,-1.0520205026910203f,3.2714200270023657f,0f,0f,0f,1f], start_interpolation: 0, interpolation_duration: 1 }
$data merge entity $(bone_neck2) { transformation: [-1.2960000000000003f,8.522434149875143e-17f,1.3389181038158382e-16f,-3.6716045387810367e-16f,0f,1.0933096013871468f,-0.6959095598672851f,-0.04498800741095477f,-1.58714225169497e-16f,-0.6959095598672851f,-1.0933096013871468f,2.998092626655579f,0f,0f,0f,1f], start_interpolation: 0, interpolation_duration: 1 }
$data merge entity $(bone_neck1) { transformation: [-1.4400000000000002f,1.1014615968851515e-16f,1.3772015959600253e-16f,-3.32730413979103e-16f,0f,1.1245704450612917f,-0.8994116488542099f,-0.26984091962450724f,-1.7634913907721887e-16f,-0.8994116488542099f,-1.1245704450612917f,2.7169500153902564f,0f,0f,0f,1f], start_interpolation: 0, interpolation_duration: 1 }
$data merge entity $(bone_neck0) { transformation: [-1.6f,1.4442475859874767e-16f,1.3242106909339248e-16f,-3.086516941181766e-16f,0f,1.081300087385107f,-1.1793176506018046f,-0.6322515877365276f,-1.9594348786357652e-16f,-1.1793176506018046f,-1.081300087385107f,2.5203323467065926f,0f,0f,0f,1f], start_interpolation: 0, interpolation_duration: 1 }
$data merge entity $(bone_frontlegl) { transformation: [-0.9925461516413221f,-0.11838118738309703f,0.028948770885304297f,0.4282532678972048f,-0.10554194733138723f,0.9537371823765521f,0.28150716563869915f,-0.9022378775992965f,-0.060934671702573856f,0.27635354426206177f,-0.9591223510888985f,2.1346307002322122f,0f,0f,0f,1f], start_interpolation: 0, interpolation_duration: 1 }
$data merge entity $(bone_frontlegtipleft) { transformation: [-0.9925461516413221f,-0.0950555127328686f,0.07626654811313564f,0.802840362965311f,-0.10554194733138723f,0.9833495041840408f,-0.14793461384848183f,-1.8780276686604171f,-0.060934671702573856f,-0.1548812516739591f,-0.9860521100146824f,1.82596858055301f,0f,0f,0f,1f], start_interpolation: 0, interpolation_duration: 1 }
$data merge entity $(bone_frontfootleftd) { transformation: [-0.9925461516413221f,-0.058601671314036f,-0.10685495300267292f,0.9752926015540799f,-0.10554194733138723f,-0.02506969475438614f,0.9940987917498042f,-3.742582491220712f,-0.060934671702573634f,0.997966609924462f,0.01869789454393128f,2.0728221485733607f,0f,0f,0f,1f], start_interpolation: 0, interpolation_duration: 1 }
$data merge entity $(bone_frontfootleft) { transformation: [0.9925461516413221f,0.09827000554164697f,-0.07207733952392002f,0.9472382979667302f,0.10554194733138729f,-0.39740344379329967f,0.9115543868660412f,-3.309806752622211f,0.060934671702573745f,-0.912366981467474f,-0.40481286653517967f,1.9538290869178303f,0f,0f,0f,1f], start_interpolation: 0, interpolation_duration: 1 }
$data merge entity $(bone_frontlegr) { transformation: [-0.9925461516413221f,0.11838118738309696f,-0.028948770885304065f,-0.8732110564559042f,0.10554194733138723f,0.9537371823765521f,0.28150716563869915f,-0.881521393027873f,0.06093467170257361f,0.27635354426206177f,-0.9591223510888985f,2.1766098410243258f,0f,0f,0f,1f], start_interpolation: 0, interpolation_duration: 1 }
$data merge entity $(bone_frontlegtipright) { transformation: [-0.9925461516413221f,0.09505551273286862f,-0.0762665481131354f,-0.7531620950892051f,0.10554194733138723f,0.9833495041840408f,-0.14793461384848183f,-1.8779476385666587f,0.06093467170257361f,-0.1548812516739591f,-0.9860521100146824f,1.7551568596079359f,0f,0f,0f,1f], start_interpolation: 0, interpolation_duration: 1 }
$data merge entity $(bone_frontfootrightd) { transformation: [-0.9925461516413221f,0.0586016713140362f,0.10685495300267292f,-0.9394216667955656f,0.10554194733138723f,-0.02506969475438614f,0.9940987917498042f,-3.695218852917427f,0.060934671702573835f,0.997966609924462f,0.01869789454393128f,2.0424665504486343f,0f,0f,0f,1f], start_interpolation: 0, interpolation_duration: 1 }
$data merge entity $(bone_frontfootright) { transformation: [0.9925461516413221f,-0.0982700055416469f,0.07207733952391994f,-0.8899594293121496f,-0.10554194733138718f,-0.39740344379329967f,0.9115543868660412f,-3.2540789372017587f,-0.060934671702573724f,-0.912366981467474f,-0.40481286653517967f,1.9104364260594995f,0f,0f,0f,1f], start_interpolation: 0, interpolation_duration: 1 }
$data merge entity $(bone_rearlegl) { transformation: [-1.080694387781476f,0.0488359723579268f,-0.05766974191538492f,0.001041633888081095f,0.0654451182025709f,1.018185635457699f,-0.3641786091496367f,-3.285341612994895f,0.037784756611401064f,-0.3667753681240987f,-1.0186556104083264f,0.32279233893615855f,0f,0f,0f,1f], start_interpolation: 0, interpolation_duration: 1 }
$data merge entity $(bone_rearfootleftd) { transformation: [-0.9975640502598242f,0.034605179681730935f,0.06056770730686402f,0.5293503819109792f,0.06041087834083468f,-0.005560657204975172f,0.9981581061482883f,-6.21818375071595f,0.034878236872062526f,0.9993855915664603f,0.0034565824237857146f,0.8015259429714628f,0f,0f,0f,1f], start_interpolation: 0, interpolation_duration: 1 }
$data merge entity $(bone_rearfootleft) { transformation: [-0.9975640502598242f,0.05323360792189379f,0.045079359099624725f,0.5669966422822079f,0.06041087834083468f,0.3361648699842804f,0.9398636634994144f,-5.530006873312067f,0.034878236872062526f,0.9402974865307627f,-0.33856187826839923f,0.6863018374782838f,0f,0f,0f,1f], start_interpolation: 0, interpolation_duration: 1 }
$data merge entity $(bone_rearlegtipleft) { transformation: [-0.9975640502598242f,0.068750696128737f,-0.01180285605389222f,0.5741372637730742f,0.06041087834083468f,0.9360599499509533f,0.34661548706875095f,-4.611834711406609f,0.034878236872062526f,0.345058128261939f,-0.9379330448987623f,1.0921606708508993f,0f,0f,0f,1f], start_interpolation: 0, interpolation_duration: 1 }
$data merge entity $(bone_rearlegr) { transformation: [-1.080694387781476f,-0.04883597235792671f,0.057669741915385174f,-1.375528883315972f,-0.0654451182025709f,1.018185635457699f,-0.3641786091496367f,-3.3735379533823053f,-0.03778475661140133f,-0.3667753681240987f,-1.0186556104083264f,0.24273413383767983f,0f,0f,0f,1f], start_interpolation: 0, interpolation_duration: 1 }
$data merge entity $(bone_rearfootrightd) { transformation: [-0.9975640502598242f,-0.06056770730686402f,0.03460517968173118f,-0.5321870622316122f,-0.06041087834083468f,0.9981581061482883f,0.005560657204975339f,-6.223315133384713f,-0.03487823687206277f,0.0034565824237859366f,-0.9993855915664602f,0.7694253135720701f,0f,0f,0f,1f], start_interpolation: 0, interpolation_duration: 1 }
$data merge entity $(bone_rearfootright) { transformation: [-0.9975640502598242f,-0.05323360792189403f,-0.045079359099624634f,-0.5698333226028408f,-0.06041087834083468f,0.3361648699842804f,0.9398636634994144f,-5.535138255980831f,-0.03487823687206277f,0.9402974865307627f,-0.33856187826839923f,0.6542012080788909f,0f,0f,0f,1f], start_interpolation: 0, interpolation_duration: 1 }
$data merge entity $(bone_rearlegtipright) { transformation: [-0.9975640502598242f,-0.06875069612873708f,0.011802856053892452f,-0.7016694503761852f,-0.06041087834083468f,0.9360599499509533f,0.34661548706875095f,-4.624517453867977f,-0.03487823687206277f,0.345058128261939f,-0.9379330448987623f,1.0557002618424987f,0f,0f,0f,1f], start_interpolation: 0, interpolation_duration: 1 }
$data merge entity $(bone_tail11) { transformation: [-0.2937340837125001f,-3.076772793933468e-17f,2.0633002991907786e-17f,5.014432888826631e-16f,0f,0.20762538916967707f,0.24997331679608936f,-5.883121830514674f,-3.5972050541899386e-17f,0.2512375646656356f,-0.16848125521802118f,-4.094595186398131f,0f,0f,0f,1f], start_interpolation: 0, interpolation_duration: 1 }
$data merge entity $(bone_tail10) { transformation: [-0.39164544495000014f,-3.792292083534151e-17f,3.164850531498842e-17f,4.836410046429821e-16f,0f,0.3101596464358898f,0.30253160072062285f,-6.053295855920024f,-4.796273405586585e-17f,0.30966414856712093f,-0.25842965773497595f,-3.9492285039222064f,0f,0f,0f,1f], start_interpolation: 0, interpolation_duration: 1 }
$data merge entity $(bone_tail9) { transformation: [-0.48955680618750014f,-4.261935684570254e-17f,4.467370737277228e-17f,4.585120442457977e-16f,0f,0.42802561631183494f,0.3318334052361067f,-6.239952146365334f,-5.99534175698323e-17f,0.34801345886320684f,-0.36478850394967643f,-3.7440349704505134f,0f,0f,0f,1f], start_interpolation: 0, interpolation_duration: 1 }
$data merge entity $(bone_tail8) { transformation: [-0.5759491837500001f,-4.2521630008364725e-17f,5.889178854239011e-17f,4.253854131907032e-16f,0f,0.5520019842209563f,0.3182328245046465f,-6.418958110149197f,-7.053343243509683e-17f,0.3472154586773095f,-0.48088794731177076f,-3.4735355000876424f,0f,0f,0f,1f], start_interpolation: 0, interpolation_duration: 1 }
$data merge entity $(bone_tail7) { transformation: [-0.6775872750000002f,-3.770165721135085e-17f,7.66907190915826e-17f,3.82246883701688e-16f,0f,0.7029901572221441f,0.2602163519441762f,-6.565329808117796f,-8.298050874717275e-17f,0.3078573939653475f,-0.6262272448266526f,-3.1212826748726505f,0f,0f,0f,1f], start_interpolation: 0, interpolation_duration: 1 }
$data merge entity $(bone_tail6) { transformation: [-0.7971615000000002f,-2.5369780135769334e-17f,9.728395815174597e-17f,3.275246572413309e-16f,0f,0.8716257558752337f,0.13414722246110064f,-6.640787620752165f,-9.76241279378503e-17f,0.2071599758675952f,-0.7943838029012027f,-2.674441785740724f,0f,0f,0f,1f], start_interpolation: 0, interpolation_duration: 1 }
$data merge entity $(bone_tail5) { transformation: [-0.8857350000000002f,-2.938847683593049e-18f,1.1166969829486155e-16f,2.6471045195047124e-16f,0f,0.9770412773532003f,-0.0744785402931627f,-6.5988934418372605f,-1.0847125326427811e-16f,0.023997512471670923f,-0.9118522856762484f,-2.161524875047834f,0f,0f,0f,1f], start_interpolation: 0, interpolation_duration: 1 }
$data merge entity $(bone_tail4) { transformation: [-0.9841500000000002f,2.669320209694604e-17f,1.2121611880978881e-16f,1.9652638511996503e-16f,0f,1.0337734386362858f,-0.341600838189553f,-6.406742970355637f,-1.205236147380868e-16f,-0.21796653627422116f,-0.9898047248740143f,-1.604759717306201f,0f,0f,0f,1f], start_interpolation: 0, interpolation_duration: 1 }
$data merge entity $(bone_tail3) { transformation: [-1.0935000000000001f,6.098421048383436e-17f,1.236952877708836e-16f,1.26947785748843e-16f,0f,1.024661056397075f,-0.6430397793882536f,-6.045033094449744f,-1.339151274867631e-16f,-0.49797386908857266f,-1.01004867572434f,-1.0366073372112596f,0f,0f,0f,1f], start_interpolation: 0, interpolation_duration: 1 }
$data merge entity $(bone_tail2) { transformation: [-1.215f,9.658483383894901e-17f,1.1896367191950718e-16f,6.00307202941202e-17f,0f,0.9514546887747705f,-0.9494410040190919f,-5.510972529689005f,-1.4879458609640342e-16f,-0.7886750196562399f,-0.9714121002262394f,-0.49018803083400003f,0f,0f,0f,1f], start_interpolation: 0, interpolation_duration: 1 }
$data merge entity $(bone_tail1) { transformation: [-1.35f,1.308889424706663e-16f,1.0888964853922733e-16f,-1.2197070091951763e-18f,0f,0.832794041933401f,-1.2397391465559544f,-4.813619259751281f,-1.6532731788489269e-16f,-1.068789324087535f,-0.8891514566897211f,0.009959663553968101f,0f,0f,0f,1f], start_interpolation: 0, interpolation_duration: 1 }
$data merge entity $(bone_tail0) { transformation: [-1.5f,1.6296682321815054e-16f,9.607571981357958e-17f,-1.4520593599796056e-17f,0f,0.6922215777821041f,-1.5081551114097793f,-3.7922266151377544f,-1.8369701987210297e-16f,-1.3307250983027465f,-0.7845177881530515f,0.11856964481437293f,0f,0f,0f,1f], start_interpolation: 0, interpolation_duration: 1 }