# This file was generated by Animated Java via MC-Build. It is not recommended to edit this file directly.
$data merge entity $(bone_leftwing20) { transformation: [-2.244431266088819f,1.8074160994804436f,0.6689629632894096f,4.539447000143182f,-0.4729020023429774f,0.47897890942011806f,-2.880742788174923f,-0.015664833254038002f,-1.8683222685323992f,-2.2925013323400103f,-0.07446914284678395f,2.8373951676771094f,0f,0f,0f,1f], start_interpolation: 0, interpolation_duration: 1 }
$data merge entity $(bone_leftwing21) { transformation: [-2.040215162511126f,1.8073191099686263f,-1.1497463158807024f,4.539447000143182f,1.7436340358766211f,0.47895320646737305f,-2.3411836836153133f,-0.015664833254038002f,-1.244210313842335f,-2.2923783121980916f,-1.3956142856002596f,2.8373951676771094f,0f,0f,0f,1f], start_interpolation: 0, interpolation_duration: 1 }
$data merge entity $(bone_leftwing22) { transformation: [-0.5913338896926524f,1.8108089504345104f,-2.270664957401612f,4.539447000143182f,2.9009273279430525f,0.4798780405334632f,-0.3727759072839722f,-0.015664833254038002f,0.13988939108661075f,-2.296804777094577f,-1.868085369307673f,2.8373951676771094f,0f,0f,0f,1f], start_interpolation: 0, interpolation_duration: 1 }
$data merge entity $(bone_leftwing23) { transformation: [1.2031263687229354f,1.7819595346990287f,-1.9707997366610395f,4.539447000143182f,2.246928860887512f,0.47223272759729945f,1.7986804578749405f,-0.015664833254038002f,1.4180063749640734f,-2.2602125811802916f,-1.1779819408123415f,2.8373951676771094f,0f,0f,0f,1f], start_interpolation: 0, interpolation_duration: 1 }
$data merge entity $(bone_leftwing1) { transformation: [-1.4617760222459817f,1.2219151095079055f,0.6083866582552555f,2.34678296677421f,-0.5215308252918693f,0.32381672749529106f,-1.903456940743505f,-0.797961071191842f,-1.2614342864600976f,-1.5498600556664857f,0.08195943382174237f,0.9452437379869632f,0f,0f,0f,1f], start_interpolation: 0, interpolation_duration: 1 }
$data merge entity $(bone_leftwing) { transformation: [-1.1061886445161402f,-0.36390919362276936f,-0.07090763464875319f,0.6874999999999998f,-0.026038654430991327f,0.29883309618163445f,-1.127444845752125f,-0.837019052838329f,0.36983750800869125f,-1.067417439680669f,-0.2914641285760523f,1.5f,0f,0f,0f,1f], start_interpolation: 0, interpolation_duration: 1 }
$data merge entity $(bone_rightwing20) { transformation: [-2.2444312660888195f,-1.8074160994804433f,-0.6689629632894097f,-4.539447000143184f,0.4729020023429774f,0.47897890942011806f,-2.880742788174923f,-0.015664833254038002f,1.8683222685323992f,-2.2925013323400107f,-0.0744691428467841f,2.837395167677109f,0f,0f,0f,1f], start_interpolation: 0, interpolation_duration: 1 }
$data merge entity $(bone_rightwing21) { transformation: [-2.04032465035504f,-1.8074160994804433f,1.1498080168461142f,-4.539447000143184f,-1.7437276077383885f,0.47897890942011806f,-2.341309322890246f,-0.015664833254038002f,1.2442770842041775f,-2.2925013323400107f,-1.3956891810337773f,2.837395167677109f,0f,0f,0f,1f], start_interpolation: 0, interpolation_duration: 1 }
$data merge entity $(bone_rightwing22) { transformation: [-0.5902259275570919f,-1.8074160994804433f,2.266410489935436f,-4.539447000143184f,-2.895491959374807f,0.47897890942011806f,-0.3720774497838709f,-0.015664833254038002f,-0.13962728510690603f,-2.2925013323400107f,-1.8645852014815683f,2.837395167677109f,0f,0f,0f,1f], start_interpolation: 0, interpolation_duration: 1 }
$data merge entity $(bone_rightwing23) { transformation: [1.203126368722936f,-1.7819595346990285f,1.9707997366610401f,-4.539447000143184f,-2.246928860887512f,0.47223272759729945f,1.7986804578749405f,-0.015664833254038002f,-1.4180063749640734f,-2.260212581180292f,-1.1779819408123413f,2.837395167677109f,0f,0f,0f,1f], start_interpolation: 0, interpolation_duration: 1 }
$data merge entity $(bone_rightwing1) { transformation: [-1.4617760222459821f,-1.2219151095079053f,-0.6083866582552556f,-2.3467829667742106f,0.5215308252918693f,0.32381672749529106f,-1.903456940743505f,-0.797961071191842f,1.2614342864600976f,-1.549860055666486f,0.08195943382174226f,0.9452437379869626f,0f,0f,0f,1f], start_interpolation: 0, interpolation_duration: 1 }
$data merge entity $(bone_rightwing) { transformation: [-1.1061886445161402f,0.36390919362276963f,0.07090763464875326f,-0.6875000000000002f,0.026038654430991327f,0.29883309618163445f,-1.127444845752125f,-0.837019052838329f,-0.3698375080086915f,-1.067417439680669f,-0.2914641285760523f,1.4999999999999998f,0f,0f,0f,1f], start_interpolation: 0, interpolation_duration: 1 }
$data merge entity $(bone_head) { transformation: [-1.2269070000000002f,7.902451674298454e-18f,1.5004481685079848e-16f,-4.581123016523499e-16f,0f,1.225208908848376f,-0.06452841488501394f,0.4076589026533954f,-1.5025277304014817e-16f,-0.06452841488501394f,-1.225208908848376f,3.7407708244638815f,0f,0f,0f,1f], start_interpolation: 0, interpolation_duration: 1 }
$data merge entity $(bone_neck4) { transformation: [-1.0497600000000002f,3.3194425996312515e-17f,1.2419912947029594e-16f,-4.493125302480716e-16f,0f,1.0141628554189521f,-0.2710530580688554f,0.42241067575593416f,-1.2855852238729257e-16f,-0.2710530580688554f,-1.0141628554189521f,3.668915237935545f,0f,0f,0f,1f], start_interpolation: 0, interpolation_duration: 1 }
$data merge entity $(bone_neck3) { transformation: [-1.1664000000000003f,6.681612904259534e-17f,1.2625241054885968e-16f,-3.940771006329455e-16f,0f,1.0309291677956578f,-0.5455950980243067f,0.18371282037029996f,-1.428428026525473e-16f,-0.5455950980243067f,-1.0309291677956578f,3.2178837270249447f,0f,0f,0f,1f], start_interpolation: 0, interpolation_duration: 1 }
$data merge entity $(bone_neck2) { transformation: [-1.2960000000000003f,9.609796707150711e-17f,1.2631463096521054e-16f,-3.6249844289164287e-16f,0f,1.0314372360516983f,-0.784699450800135f,-0.012462042329733802f,-1.58714225169497e-16f,-0.784699450800135f,-1.0314372360516983f,2.9600244180120203f,0f,0f,0f,1f], start_interpolation: 0, interpolation_duration: 1 }
$data merge entity $(bone_neck1) { transformation: [-1.4400000000000002f,1.216985136405785e-16f,1.2762637122064632e-16f,-3.3059185008648127e-16f,0f,1.0421484080920698f,-0.9937437775961997f,-0.2608979867287837f,-1.7634913907721887e-16f,-0.9937437775961997f,-1.0421484080920698f,2.699487315989003f,0f,0f,0f,1f], start_interpolation: 0, interpolation_duration: 1 }
$data merge entity $(bone_neck0) { transformation: [-1.6f,1.5056060570549277e-16f,1.2540077529959176e-16f,-3.086516941181766e-16f,0f,1.0239750382469512f,-1.2294206444692375f,-0.6322515877365276f,-1.9594348786357652e-16f,-1.2294206444692375f,-1.0239750382469512f,2.5203323467065926f,0f,0f,0f,1f], start_interpolation: 0, interpolation_duration: 1 }
$data merge entity $(bone_frontlegl) { transformation: [-0.9925461516413221f,-0.1176589265093918f,0.03175710746682244f,0.42837904549379907f,-0.10554194733138723f,0.9601648397216263f,0.25873611637311533f,-0.9025366900926454f,-0.06093467170257387f,0.2534558296330963f,-0.9654258688317288f,2.133099506013545f,0f,0f,0f,1f], start_interpolation: 0, interpolation_duration: 1 }
$data merge entity $(bone_frontlegtipleft) { transformation: [-0.9925461516413221f,-0.09321406775429363f,0.07850652479061679f,0.8022907532263979f,-0.10554194733138723f,0.9795514788296522f,-0.1712886384911157f,-1.8858748219207797f,-0.06093467170257387f,-0.17829761045886f,-0.9820880448764052f,1.8485126729225314f,0f,0f,0f,1f], start_interpolation: 0, interpolation_duration: 1 }
$data merge entity $(bone_frontfootleftd) { transformation: [-0.9925461516413221f,-0.06112738127738944f,-0.10543045157908792f,0.9713681806790416f,-0.10554194733138723f,-0.0014109500407598063f,0.9944138507550472f,-3.74432279900872f,-0.06093467170257365f,0.9981289758734344f,-0.005051069822169629f,2.1397601363539716f,0f,0f,0f,1f], start_interpolation: 0, interpolation_duration: 1 }
$data merge entity $(bone_frontfootleft) { transformation: [0.9925461516413221f,0.0999570558337476f,-0.06971889163670655f,0.9442510109315748f,0.10554194733138729f,-0.418978698047913f,0.9018413097300292f,-3.3144385648795365f,0.06093467170257376f,-0.9024773889528339f,-0.4264053566893534f,2.0105106220668425f,0f,0f,0f,1f], start_interpolation: 0, interpolation_duration: 1 }
$data merge entity $(bone_frontlegr) { transformation: [-0.9925461516413221f,0.11765892650939175f,-0.03175710746682221f,-0.8732587781628406f,0.10554194733138723f,0.9601648397216263f,0.25873611637311533f,-0.8821893563205808f,0.06093467170257362f,0.2534558296330963f,-0.9654258688317288f,2.176989463158039f,0f,0f,0f,1f], start_interpolation: 0, interpolation_duration: 1 }
$data merge entity $(bone_frontlegtipright) { transformation: [-0.9925461516413221f,0.09321406775429367f,-0.07850652479061655f,-0.7527872726878139f,0.10554194733138723f,0.9795514788296522f,-0.1712886384911157f,-1.8881194582621283f,0.06093467170257362f,-0.17829761045886f,-0.9820880448764052f,1.7788803350977103f,0f,0f,0f,1f], start_interpolation: 0, interpolation_duration: 1 }
$data merge entity $(bone_frontfootrightd) { transformation: [-0.9925461516413221f,0.061127381277389634f,0.10543045157908792f,-0.9356410321336148f,0.10554194733138723f,-0.0014109500407598063f,0.9944138507550472f,-3.698361237394225f,0.06093467170257384f,0.9981289758734344f,-0.005051069822169629f,2.1094909168284364f,0f,0f,0f,1f], start_interpolation: 0, interpolation_duration: 1 }
$data merge entity $(bone_frontfootright) { transformation: [0.9925461516413221f,-0.09995705583374755f,0.06971889163670648f,-0.8871609062131702f,-0.10554194733138718f,-0.418978698047913f,0.9018413097300292f,-3.260392656019462f,-0.06093467170257373f,-0.9024773889528339f,-0.4264053566893534f,1.9669563910460188f,0f,0f,0f,1f], start_interpolation: 0, interpolation_duration: 1 }
$data merge entity $(bone_rearlegl) { transformation: [-1.080694387781476f,0.047450066929583555f,-0.058815325189182935f,0.0006554392317938973f,0.06544511820257091f,1.0092328610484256f,-0.3883002443915942f,-3.29029141443009f,0.037784756611401064f,-0.3909074499667387f,-1.0096409207433257f,0.32031996472991386f,0f,0f,0f,1f], start_interpolation: 0, interpolation_duration: 1 }
$data merge entity $(bone_rearfootleftd) { transformation: [-0.9975640502598242f,0.036036413886766205f,0.05972723418505595f,0.5321306037748146f,0.060410878340834695f,0.018189144479436203f,0.9980078560819023f,-6.2105143946099135f,0.034878236872062526f,0.9991849337821743f,-0.020321828052820845f,0.8677602785231158f,0f,0f,0f,1f], start_interpolation: 0, interpolation_duration: 1 }
$data merge entity $(bone_rearfootleft) { transformation: [-0.9975640502598242f,0.05429106940539965f,0.043800061781154025f,0.569029529925033f,0.060410878340834695f,0.35843099482301055f,0.9315995640447005f,-5.525235819976306f,0.034878236872062526f,0.9319762345323003f,-0.36083764612314384f,0.7361814261299919f,0f,0f,0f,1f], start_interpolation: 0, interpolation_duration: 1 }
$data merge entity $(bone_rearlegtipleft) { transformation: [-0.9975640502598242f,0.06845042066614382f,-0.013435235012562408f,0.5759718996382229f,0.060410878340834695f,0.9440416716483565f,0.32424658513154087f,-4.597683880002369f,0.034878236872062526f,0.32264510239891253f,-0.945877183618831f,1.1201237423095853f,0f,0f,0f,1f], start_interpolation: 0, interpolation_duration: 1 }
$data merge entity $(bone_rearlegr) { transformation: [-1.080694387781476f,-0.047450066929583465f,0.05881532518918319f,-1.37510120840345f,-0.06544511820257091f,1.0092328610484256f,-0.3883002443915942f,-3.3792459005123408f,-0.037784756611401335f,-0.3909074499667387f,-1.0096409207433257f,0.24038851589312038f,0f,0f,0f,1f], start_interpolation: 0, interpolation_duration: 1 }
$data merge entity $(bone_rearfootrightd) { transformation: [-0.9975640502598242f,-0.05972723418505595f,0.03603641388676644f,-0.5349258038392127f,-0.060410878340834695f,0.9980078560819023f,-0.018189144479436037f,-6.216403922973518f,-0.034878236872062776f,-0.02032182805282068f,-0.9991849337821742f,0.8357864053854083f,0f,0f,0f,1f], start_interpolation: 0, interpolation_duration: 1 }
$data merge entity $(bone_rearfootright) { transformation: [-0.9975640502598242f,-0.054291069405399885f,-0.04380006178115394f,-0.571824729989431f,-0.060410878340834695f,0.35843099482301055f,0.9315995640447005f,-5.53112534833991f,-0.034878236872062776f,0.9319762345323003f,-0.36083764612314384f,0.7042075529922844f,0f,0f,0f,1f], start_interpolation: 0, interpolation_duration: 1 }
$data merge entity $(bone_rearlegtipright) { transformation: [-0.9975640502598242f,-0.0684504206661439f,0.01343523501256264f,-0.703462605985099f,-0.060410878340834695f,0.9440416716483565f,0.32424658513154087f,-4.611124768158577f,-0.034878236872062776f,0.32264510239891253f,-0.945877183618831f,1.08379008956287f,0f,0f,0f,1f], start_interpolation: 0, interpolation_duration: 1 }
$data merge entity $(bone_tail11) { transformation: [-0.2937340837125001f,-3.034161369121386e-17f,2.1599975719753458e-17f,5.292589359909124e-16f,0f,0.2150514455381799f,0.24158043641591648f,-5.476005814147273f,-3.5972050541899386e-17f,0.2477580777767015f,-0.17637718675125091f,-4.321727181742548f,0f,0f,0f,1f], start_interpolation: 0, interpolation_duration: 1 }
$data merge entity $(bone_tail10) { transformation: [-0.39164544495000014f,-3.66551203581393e-17f,3.350353036698872e-17f,5.104132001594812e-16f,0f,0.32375933382123584f,0.28486853647567034f,-5.636244365914838f,-4.796273405586585e-17f,0.29931177204447856f,-0.27357708680017095f,-4.167840070417452f,0f,0f,0f,1f], start_interpolation: 0, interpolation_duration: 1 }
$data merge entity $(bone_tail9) { transformation: [-0.48955680618750014f,-4.110714884894841e-17f,4.6513000134506564e-17f,4.842496375838213e-16f,0f,0.4402605305832377f,0.31104515107567926f,-5.811207263394907f,-5.99534175698323e-17f,0.335665343489803f,-0.37980746911591734f,-3.9541983690397484f,0f,0f,0f,1f], start_interpolation: 0, interpolation_duration: 1 }
$data merge entity $(bone_tail8) { transformation: [-0.5759491837500001f,-4.223489841560406e-17f,5.957718401190678e-17f,4.507374715771237e-16f,0f,0.55410220411128f,0.30847271007687505f,-5.984723162813149f,-7.053343243509683e-17f,0.34487411754156083f,-0.48648462604390674f,-3.680550766890051f,0f,0f,0f,1f], start_interpolation: 0, interpolation_duration: 1 }
$data merge entity $(bone_tail7) { transformation: [-0.6775872750000002f,-4.067734938417754e-17f,7.56768326730875e-17f,4.08169253198512e-16f,0f,0.6916182791700212f,0.2798591294517369f,-6.142143923129751f,-8.298050874717275e-17f,0.33215576452327883f,-0.6179482339379536f,-3.332954885299952f,0f,0f,0f,1f], start_interpolation: 0, interpolation_duration: 1 }
$data merge entity $(bone_tail6) { transformation: [-0.7971615000000002f,-3.384186188461165e-17f,9.524451151793858e-17f,3.5459421546967155e-16f,0f,0.8541003983323749f,0.2024153959118738f,-6.25600258333018f,-9.76241279378503e-17f,0.2763397732976861f,-0.7777304573388139f,-2.8954815030468692f,0f,0f,0f,1f], start_interpolation: 0, interpolation_duration: 1 }
$data merge entity $(bone_tail5) { transformation: [-0.8857350000000002f,-1.7443503379111576e-17f,1.109461285350222e-16f,2.9218701816872155e-16f,0f,0.9741986321649314f,0.046060524526791574f,-6.2819116283765f,-1.0847125326427811e-16f,0.1424370144212717f,-0.9059438902079131f,-2.3858880648049183f,0f,0f,0f,1f], start_interpolation: 0, interpolation_duration: 1 }
$data merge entity $(bone_tail4) { transformation: [-0.9841500000000002f,7.557413238805663e-18f,1.2455875952965334e-16f,2.2212271593329153e-16f,0f,1.0681586715539213f,-0.1825896000678452f,-6.179204978338337f,-1.205236147380868e-16f,-0.06171096224697131f,-1.0170994577079366f,-1.8137696198442037f,0f,0f,0f,1f], start_interpolation: 0, interpolation_duration: 1 }
$data merge entity $(bone_tail3) { transformation: [-1.0935000000000001f,4.076338697454154e-17f,1.325256069322786e-16f,1.475770620338848e-16f,0f,1.105650235515895f,-0.47675255713962206f,-5.911031664947299f,-1.339151274867631e-16f,-0.3328583147640821f,-1.0821537036192648f,-1.2050581615583673f,0f,0f,0f,1f], start_interpolation: 0, interpolation_duration: 1 }
$data merge entity $(bone_tail2) { transformation: [-1.215f,7.95578071719807e-17f,1.3192702817440564e-16f,7.336810868578164e-17f,0f,1.0639340692080512f,-0.811089287455285f,-5.454793940753701f,-1.4879458609640342e-16f,-0.64963879567049f,-1.0772659371359838f,-0.5990960719193763f,0f,0f,0f,1f], start_interpolation: 0, interpolation_duration: 1 }
$data merge entity $(bone_tail1) { transformation: [-1.35f,1.2002300481524077e-16f,1.2204893210265232e-16f,4.715584378039715e-18f,0f,0.9405365323311525f,-1.1511069665520743f,-4.807296272068159f,-1.6532731788489269e-16f,-0.9800622097637086f,-0.9966051614851527f,-0.038505668583977914f,0f,0f,0f,1f], start_interpolation: 0, interpolation_duration: 1 }
$data merge entity $(bone_tail0) { transformation: [-1.5f,1.5874963418667211e-16f,1.0475304271022897e-16f,-1.4520593599796056e-17f,0f,0.7547413294748148f,-1.4691276881096906f,-3.7922266151377544f,-1.8369701987210297e-16f,-1.2962891365673743f,-0.8553735067381234f,0.11856964481437293f,0f,0f,0f,1f], start_interpolation: 0, interpolation_duration: 1 }