# This file was generated by Animated Java via MC-Build. It is not recommended to edit this file directly.
$data merge entity $(bone_leftwing20) { transformation: [-2.5387417055744246f,0.6042705815237513f,1.393335468504666f,4.382263093760564f,-1.2885325255543778f,0.5795731525674322f,-2.599137357378908f,1.1100786071740674f,-0.8038722498485851f,-2.8373734573085554f,-0.2341738260254123f,1.2040106927617023f,0f,0f,0f,1f], start_interpolation: 0, interpolation_duration: 1 }
$data merge entity $(bone_leftwing21) { transformation: [-2.765691413510275f,0.6042381551728273f,-0.8582797460899393f,4.382263093760564f,0.9745207457134598f,0.5795420515292451f,-2.7322586246844742f,1.1100786071740674f,-0.38994510753304285f,-2.837221198254015f,-0.7408883524313451f,1.2040106927617023f,0f,0f,0f,1f], start_interpolation: 0, interpolation_duration: 1 }
$data merge entity $(bone_leftwing22) { transformation: [-1.306333510935149f,0.6054049080463637f,-2.5906759404382593f,4.382263093760564f,2.6474836695856823f,0.5806611174938292f,-1.1992860621021115f,1.1100786071740674f,0.2625778938323249f,-2.8426997268070067f,-0.7967027587038911f,1.2040106927617023f,0f,0f,0f,1f], start_interpolation: 0, interpolation_duration: 1 }
$data merge entity $(bone_leftwing23) { transformation: [0.9408880963008721f,0.5957597282628534f,-2.6956899637873657f,4.382263093760564f,2.658746541330386f,0.5714101504185951f,1.0542778160460113f,1.1100786071740674f,0.7434654421339765f,-2.797410450867589f,-0.35874552286232436f,1.2040106927617023f,0f,0f,0f,1f], start_interpolation: 0, interpolation_duration: 1 }
$data merge entity $(bone_leftwing1) { transformation: [-1.6084671532659722f,0.4085209565230995f,1.1162186367132154f,1.969562363861606f,-1.0500220687412116f,0.39182410314417954f,-1.6564804639209256f,-0.4649544959377501f,-0.5570341749128899f,-1.9182243091663471f,-0.100640089936394f,0.3684594303923674f,0f,0f,0f,1f], start_interpolation: 0, interpolation_duration: 1 }
$data merge entity $(bone_leftwing) { transformation: [-0.8547082425744041f,-0.7789799313658485f,0.1541920805869825f,0.6874999999999998f,-0.24804303793371926f,0.046694317579112576f,-1.1390370508238719f,-0.837019052838329f,0.7543603797384217f,-0.8672491097407884f,-0.19982620009854837f,1.5f,0f,0f,0f,1f], start_interpolation: 0, interpolation_duration: 1 }
$data merge entity $(bone_rightwing20) { transformation: [-2.538741705574425f,-0.6042705815237507f,-1.393335468504666f,-4.382263093760565f,1.2885325255543778f,0.5795731525674322f,-2.599137357378908f,1.1100786071740674f,0.8038722498485842f,-2.8373734573085554f,-0.23417382602541256f,1.2040106927617007f,0f,0f,0f,1f], start_interpolation: 0, interpolation_duration: 1 }
$data merge entity $(bone_rightwing21) { transformation: [-2.7658398339295327f,-0.6042705815237507f,0.8583258055451386f,-4.382263093760565f,-0.9745730432246525f,0.5795731525674322f,-2.732405250938081f,1.1100786071740674f,0.3899660338793671f,-2.8373734573085554f,-0.7409281120948247f,1.2040106927617007f,0f,0f,0f,1f], start_interpolation: 0, interpolation_duration: 1 }
$data merge entity $(bone_rightwing22) { transformation: [-1.3038858784017215f,-0.6042705815237507f,2.5858218793104504f,-4.382263093760565f,-2.642523169753784f,0.5795731525674322f,-1.197039000721602f,1.1100786071740674f,-0.2620859105905855f,-2.8373734573085554f,-0.7952100039246918f,1.2040106927617007f,0f,0f,0f,1f], start_interpolation: 0, interpolation_duration: 1 }
$data merge entity $(bone_rightwing23) { transformation: [0.9408880963008724f,-0.5957597282628527f,2.6956899637873657f,-4.382263093760565f,-2.658746541330386f,0.5714101504185951f,1.0542778160460113f,1.1100786071740674f,-0.7434654421339759f,-2.797410450867589f,-0.35874552286232353f,1.2040106927617007f,0f,0f,0f,1f], start_interpolation: 0, interpolation_duration: 1 }
$data merge entity $(bone_rightwing1) { transformation: [-1.6084671532659724f,-0.40852095652309905f,-1.1162186367132154f,-1.969562363861606f,1.0500220687412116f,0.39182410314417954f,-1.6564804639209256f,-0.4649544959377501f,0.5570341749128892f,-1.9182243091663471f,-0.10064008993639423f,0.36845943039236695f,0f,0f,0f,1f], start_interpolation: 0, interpolation_duration: 1 }
$data merge entity $(bone_rightwing) { transformation: [-0.8547082425744039f,0.7789799313658488f,-0.15419208058698244f,-0.6875000000000002f,0.24804303793371926f,0.046694317579112576f,-1.1390370508238719f,-0.837019052838329f,-0.754360379738422f,-0.8672491097407881f,-0.19982620009854837f,1.4999999999999998f,0f,0f,0f,1f], start_interpolation: 0, interpolation_duration: 1 }
$data merge entity $(bone_head) { transformation: [-1.2269070000000002f,5.62729369937028e-18f,1.5014735885747475e-16f,-4.556318498455217e-16f,0f,1.2260462278757696f,-0.04595034015757213f,0.4210211267494521f,-1.5025277304014817e-16f,-0.04595034015757213f,-1.2260462278757696f,3.7205163983831935f,0f,0f,0f,1f], start_interpolation: 0, interpolation_duration: 1 }
$data merge entity $(bone_neck4) { transformation: [-1.0497600000000002f,3.067515930079445e-17f,1.248452172903507e-16f,-4.4687042503672495e-16f,0f,1.0194385628352012f,-0.25048168436933566f,0.4372234765649686f,-1.2855852238729257e-16f,-0.25048168436933566f,-1.0194385628352012f,3.6489739355694515f,0f,0f,0f,1f], start_interpolation: 0, interpolation_duration: 1 }
$data merge entity $(bone_neck3) { transformation: [-1.1664000000000003f,6.598657565598976e-17f,1.2668795563442843e-16f,-3.914444444466625e-16f,0f,1.0344856633164232f,-0.5388212805678517f,0.20148916631653346f,-1.428428026525473e-16f,-0.5388212805678517f,-1.0344856633164232f,3.1963864578685164f,0f,0f,0f,1f], start_interpolation: 0, interpolation_duration: 1 }
$data merge entity $(bone_neck2) { transformation: [-1.2960000000000003f,9.846513339463346e-17f,1.2447820201437208e-16f,-3.603248939430695e-16f,0f,1.016441655676058f,-0.8040288307060348f,0.00048195864002475997f,-1.58714225169497e-16f,-0.8040288307060348f,-1.016441655676058f,2.942276043949502f,0f,0f,0f,1f], start_interpolation: 0, interpolation_duration: 1 }
$data merge entity $(bone_neck1) { transformation: [-1.4400000000000002f,1.2592378427279438e-16f,1.234593836356517e-16f,-3.294600480341566e-16f,0f,1.0081223722758996f,-1.028245730609572f,-0.25657947401236825f,-1.7634913907721887e-16f,-1.028245730609572f,-1.0081223722758996f,2.690245450880527f,0f,0f,0f,1f], start_interpolation: 0, interpolation_duration: 1 }
$data merge entity $(bone_neck0) { transformation: [-1.6f,1.536168533877693e-16f,1.2163762901086222e-16f,-3.086516941181766e-16f,0f,0.9932466168657859f,-1.2543768006801908f,-0.6322515877365276f,-1.9594348786357652e-16f,-1.2543768006801908f,-0.9932466168657859f,2.5203323467065926f,0f,0f,0f,1f], start_interpolation: 0, interpolation_duration: 1 }
$data merge entity $(bone_frontlegl) { transformation: [-0.9925461516413221f,-0.11725706884367351f,0.033210189222462716f,0.4284457771707889f,-0.10554194733138723f,0.9632920905987736f,0.24683850093399728f,-0.9027063828008801f,-0.06093467170257386f,0.24149353613716923f,-0.9684873968144683f,2.1323064506156317f,0f,0f,0f,1f], start_interpolation: 0, interpolation_duration: 1 }
$data merge entity $(bone_frontlegtipleft) { transformation: [-0.9925461516413221f,-0.09223576213683694f,0.07965363171280143f,0.8019781833786576f,-0.10554194733138723f,0.9773575810958886f,-0.183393173340483f,-1.8897433750228327f,-0.06093467170257386f,-0.19043298783937257f,-0.9798072478437119f,1.860304557692939f,0f,0f,0f,1f], start_interpolation: 0, interpolation_duration: 1 }
$data merge entity $(bone_frontfootleftd) { transformation: [-0.9925461516413221f,-0.062426942055563504f,-0.10466620164882767f,0.9692607164711409f,-0.10554194733138723f,0.010890656068959226f,0.9943552136756192f,-3.744600630634797f,-0.06093467170257364f,0.9979901154400174f,-0.01739813980058258f,2.174569192033688f,0f,0f,0f,1f], start_interpolation: 0, interpolation_duration: 1 }
$data merge entity $(bone_frontfootleft) { transformation: [0.9925461516413221f,0.10081187190967213f,-0.06847702785657117f,0.9426392217791028f,0.10554194733138729f,-0.4301029583576275f,0.8965892830976263f,-3.3163157408219845f,0.06093467170257375f,-0.897133441408849f,-0.43753691740288025f,2.040015924627076f,0f,0f,0f,1f], start_interpolation: 0, interpolation_duration: 1 }
$data merge entity $(bone_frontlegr) { transformation: [-0.9925461516413221f,0.11725706884367346f,-0.03321018922246248f,-0.8732828262763005f,0.10554194733138723f,0.9632920905987736f,0.24683850093399728f,-0.8825330721503195f,0.06093467170257361f,0.24149353613716923f,-0.9684873968144683f,2.1771930841045983f,0f,0f,0f,1f], start_interpolation: 0, interpolation_duration: 1 }
$data merge entity $(bone_frontlegtipright) { transformation: [-0.9925461516413221f,0.092235762136837f,-0.07965363171280118f,-0.7525630615599415f,0.10554194733138723f,0.9773575810958886f,-0.183393173340483f,-1.8931855498004364f,0.06093467170257361f,-0.19043298783937257f,-0.9798072478437119f,1.7913071692346532f,0f,0f,0f,1f], start_interpolation: 0, interpolation_duration: 1 }
$data merge entity $(bone_frontfootrightd) { transformation: [-0.9925461516413221f,0.06242694205556369f,0.10466620164882767f,-0.9336074241561881f,0.10554194733138723f,0.010890656068959226f,0.9943552136756192f,-3.6993671939716477f,0.060934671702573835f,0.9979901154400174f,-0.01739813980058258f,2.144358100464452f,0f,0f,0f,1f], start_interpolation: 0, interpolation_duration: 1 }
$data merge entity $(bone_frontfootright) { transformation: [0.9925461516413221f,-0.10081187190967206f,0.06847702785657109f,-0.8856464400021873f,-0.10554194733138718f,-0.4301029583576275f,0.8965892830976263f,-3.2631457616388513f,-0.060934671702573724f,-0.897133441408849f,-0.43753691740288025f,1.9963935848088181f,0f,0f,0f,1f], start_interpolation: 0, interpolation_duration: 1 }
$data merge entity $(bone_rearlegl) { transformation: [-1.080694387781476f,0.04671885511640045f,-0.059397810610695746f,0.0004549005959738617f,0.06544511820257091f,1.004352127886064f,-0.40075535033895365f,-3.292887807395526f,0.03778475661140108f,-0.4033674043579361f,-1.004727903653755f,0.31908137705758816f,0f,0f,0f,1f], start_interpolation: 0, interpolation_duration: 1 }
$data merge entity $(bone_rearfootleftd) { transformation: [-0.9975640502598242f,0.03677251827580369f,0.059276871787152505f,0.5336109617491884f,0.060410878340834695f,0.030533710823035187f,0.9977064790214927f,-6.205905531054137f,0.03487823687206253f,0.9988570840731075f,-0.03268079236593491f,0.9021177033433153f,0f,0f,0f,1f], start_interpolation: 0, interpolation_duration: 1 }
$data merge entity $(bone_rearfootleft) { transformation: [-0.9975640502598242f,0.05482874825602686f,0.04312509703052346f,0.5701130594896766f,0.060410878340834695f,0.3699280156974961f,0.9270942718948283f,-5.522287217164256f,0.03487823687206253f,0.9274411418342353f,-0.3723391424842492f,0.7620646856146734f,0f,0f,0f,1f], start_interpolation: 0, interpolation_duration: 1 }
$data merge entity $(bone_rearlegtipleft) { transformation: [-0.9975640502598242f,0.06827898097279576f,-0.014280979886948474f,0.5769368485641676f,0.060410878340834695f,0.9479805601987462f,0.3125434102062625f,-4.590064940207099f,0.03487823687206253f,0.3109193436288385f,-0.9497961204122222f,1.1345261765737797f,0f,0f,0f,1f], start_interpolation: 0, interpolation_duration: 1 }
$data merge entity $(bone_rearlegr) { transformation: [-1.080694387781476f,-0.046718855116400344f,0.05939781061069599f,-1.3748794274537057f,-0.06544511820257091f,1.004352127886064f,-0.40075535033895365f,-3.382235229035439f,-0.037784756611401335f,-0.4033674043579361f,-1.004727903653755f,0.23922295408686234f,0f,0f,0f,1f], start_interpolation: 0, interpolation_duration: 1 }
$data merge entity $(bone_rearfootrightd) { transformation: [-0.9975640502598242f,-0.036772518275803925f,-0.05927687178715249f,-0.5363849194996619f,-0.060410878340834695f,0.030533710823035187f,0.9977064790214927f,-6.212187994975403f,-0.034878236872062776f,0.9988570840731075f,-0.03268079236593491f,0.8702168560716756f,0f,0f,0f,1f], start_interpolation: 0, interpolation_duration: 1 }
$data merge entity $(bone_rearfootright) { transformation: [-0.9975640502598242f,-0.054828748256027085f,-0.04312509703052337f,-0.5728870172401501f,-0.060410878340834695f,0.3699280156974961f,0.9270942718948283f,-5.528569681085521f,-0.034878236872062776f,0.9274411418342353f,-0.3723391424842492f,0.7301638383430337f,0f,0f,0f,1f], start_interpolation: 0, interpolation_duration: 1 }
$data merge entity $(bone_rearlegtipright) { transformation: [-0.9975640502598242f,-0.06827898097279583f,0.014280979886948703f,-0.7044063125971193f,-0.060410878340834695f,0.9479805601987462f,0.3125434102062625f,-4.603898763920968f,-0.034878236872062776f,0.3109193436288385f,-0.9497961204122222f,1.0982655496931322f,0f,0f,0f,1f], start_interpolation: 0, interpolation_duration: 1 }
$data merge entity $(bone_tail11) { transformation: [-0.2937340837125001f,-2.9989771983079163e-17f,2.2266874422528738e-17f,5.442255357948165e-16f,0f,0.21996289115189344f,0.23598579570083683f,-5.4198214316465085f,-3.5972050541899386e-17f,0.24488507220170913f,-0.18182282792093038f,-4.443938743593071f,0f,0f,0f,1f], start_interpolation: 0, interpolation_duration: 1 }
$data merge entity $(bone_tail10) { transformation: [-0.39164544495000014f,-3.5390683335419175e-17f,3.5040766290138015e-17f,5.245151047566138e-16f,0f,0.33479646210991737f,0.27005544054908687f,-5.5717276169553696f,-4.796273405586585e-17f,0.28898686021193654f,-0.28612957070181183f,-4.282990860073301f,0f,0f,0f,1f], start_interpolation: 0, interpolation_duration: 1 }
$data merge entity $(bone_tail9) { transformation: [-0.48955680618750014f,-3.883966032328977e-17f,4.8652201134842847e-17f,4.971482416182647e-16f,0f,0.4549412258806057f,0.2865659823883275f,-5.732920982048804f,-5.99534175698323e-17f,0.31714989456822523f,-0.3972753708964609f,-4.059523463944042f,0f,0f,0f,1f], start_interpolation: 0, interpolation_duration: 1 }
$data merge entity $(bone_tail8) { transformation: [-0.5759491837500001f,-3.943681512748336e-17f,6.171570957912581e-17f,4.624331549800064e-16f,0f,0.5676400998787053f,0.2791262672875503f,-5.889929507398051f,-7.053343243509683e-17f,0.3220260335873233f,-0.5039470124944979f,-3.7760532694158866f,0f,0f,0f,1f], start_interpolation: 0, interpolation_duration: 1 }
$data merge entity $(bone_tail7) { transformation: [-0.6775872750000002f,-3.8160394645022074e-17f,7.725368571798185e-17f,4.189779567636416e-16f,0f,0.6997753122960372f,0.2532255343276013f,-6.032368870457327f,-8.298050874717275e-17f,0.311603269380125f,-0.6308242161884461f,-3.4212146478098857f,0f,0f,0f,1f], start_interpolation: 0, interpolation_duration: 1 }
$data merge entity $(bone_tail6) { transformation: [-0.7971615000000002f,-3.276655919332493e-17f,9.592844384069937e-17f,3.650182071032482e-16f,0f,0.8548732940001714f,0.18896779143855694f,-6.138663253141515f,-9.76241279378503e-17f,0.26755926048341666f,-0.7833151885710107f,-2.9805998542386924f,0f,0f,0f,1f], start_interpolation: 0, interpolation_duration: 1 }
$data merge entity $(bone_tail5) { transformation: [-0.8857350000000002f,-1.895899984006657e-17f,1.110264364157152e-16f,3.0256583661940844e-16f,0f,0.9711790590300335f,0.05593509896692167f,-6.170126746310409f,-1.0847125326427811e-16f,0.15481198214265984f,-0.9065996538186856f,-2.4706375489656818f,0f,0f,0f,1f], start_interpolation: 0, interpolation_duration: 1 }
$data merge entity $(bone_tail4) { transformation: [-0.9841500000000002f,3.084122909714512e-18f,1.2511036455603927e-16f,2.3219125655663635e-16f,0f,1.070859714591111f,-0.14680831562310043f,-6.087547068772415f,-1.205236147380868e-16f,-0.025183774716610596f,-1.0216036545651037f,-1.8959854932728109f,0f,0f,0f,1f], start_interpolation: 0, interpolation_duration: 1 }
$data merge entity $(bone_tail3) { transformation: [-1.0935000000000001f,3.408916688342512e-17f,1.3481050890198749e-16f,1.5636034529926836e-16f,0f,1.1242942079537883f,-0.4222556454301964f,-5.85002826821793f,-1.339151274867631e-16f,-0.27835917186211834f,-1.1008113441022163f,-1.2767791122153143f,0f,0f,0f,1f], start_interpolation: 0, interpolation_duration: 1 }
$data merge entity $(bone_tail2) { transformation: [-1.215f,7.25233687003379e-17f,1.3642542852029464e-16f,7.962104175660264e-17f,0f,1.1011872416516564f,-0.7536909097147935f,-5.426077131503359f,-1.4879458609640342e-16f,-0.5921982464726279f,-1.113998163513589f,-0.6501551452389205f,0f,0f,0f,1f], start_interpolation: 0, interpolation_duration: 1 }
$data merge entity $(bone_tail1) { transformation: [-1.35f,1.1472396232250225e-16f,1.27708438454438e-16f,7.785045125981257e-18f,0f,0.9857784737253565f,-1.1075155028663066f,-4.8030996611410615f,-1.6532731788489269e-16f,-0.9367922441178758f,-1.0428185379111232f,-0.06356971766391356f,0f,0f,0f,1f], start_interpolation: 0, interpolation_duration: 1 }
$data merge entity $(bone_tail0) { transformation: [-1.5f,1.5641441306655397e-16f,1.0917198576429476e-16f,-1.4520593599796056e-17f,0f,0.7865796309619126f,-1.4475166902450285f,-3.7922266151377544f,-1.8369701987210297e-16f,-1.2772206090397311f,-0.8914569150901677f,0.11856964481437293f,0f,0f,0f,1f], start_interpolation: 0, interpolation_duration: 1 }