# This file was generated by Animated Java via MC-Build. It is not recommended to edit this file directly.
$data merge entity $(bone_leftwing20) { transformation: [-2.227928238659138f,-0.723587600383424f,1.8067907623927186f,3.5049932169209725f,-1.9223756296683092f,0.3888610861284606f,-2.214722353990106f,1.9037968559700262f,0.3042101460399981f,-2.8419965079812233f,-0.7630518637549947f,-0.19558747714540164f,0f,0f,0f,1f], start_interpolation: 0, interpolation_duration: 1 }
$data merge entity $(bone_leftwing21) { transformation: [-2.8471927118655f,-0.7235487712459949f,-0.3475164781815836f,3.5049932169209725f,0.257729782578781f,0.38884021907581057f,-2.9211599594476696f,1.9037968559700262f,0.7601749049733322f,-2.8418440008446684f,-0.31121319732829295f,-0.19558747714540164f,0f,0f,0f,1f], start_interpolation: 0, interpolation_duration: 1 }
$data merge entity $(bone_leftwing22) { transformation: [-1.7311801933280675f,-0.724945906797214f,-2.2939251825835574f,3.5049932169209725f,2.2847439937967877f,0.3895910495870408f,-1.847373235092361f,1.9037968559700262f,0.7533818380360271f,-2.8473314557922618f,0.3312756553352883f,-0.19558747714540164f,0f,0f,0f,1f], start_interpolation: 0, interpolation_duration: 1 }
$data merge entity $(bone_leftwing23) { transformation: [0.4404028740616269f,-0.7133962257301362f,-2.79357397934558f,3.5049932169209725f,2.869548463968504f,0.3833841694224259f,0.35447515571153404f,1.9037968559700262f,0.28050198911718693f,-2.8019683881505015f,0.7597606401696709f,-0.19558747714540164f,0f,0f,0f,1f], start_interpolation: 0, interpolation_duration: 1 }
$data merge entity $(bone_leftwing1) { transformation: [-1.3702731399324044f,-0.4891859833578077f,1.3722421782127399f,1.4495835070223662f,-1.4490227689383284f,0.2628920018896635f,-1.3532260751407155f,-0.26973729743746633f,0.1506138674826791f,-1.9213497518746299f,-0.5345377385117072f,0.030333324078616997f,0f,0f,0f,1f], start_interpolation: 0, interpolation_duration: 1 }
$data merge entity $(bone_leftwing) { transformation: [-0.5080556713482444f,-0.9900763857229479f,0.3503416851529106f,0.6874999999999998f,-0.37818783693390845f,-0.19060249722027578f,-1.0870859023829522f,-0.837019052838329f,0.9797777839475887f,-0.5869672474664077f,-0.23794128602571815f,1.5f,0f,0f,0f,1f], start_interpolation: 0, interpolation_duration: 1 }
$data merge entity $(bone_rightwing20) { transformation: [-2.2279282386591377f,0.7235876003834244f,-1.806790762392719f,-3.504993216920972f,1.9223756296683092f,0.3888610861284606f,-2.214722353990106f,1.9037968559700262f,-0.30421014603999846f,-2.841996507981223f,-0.7630518637549951f,-0.19558747714540226f,0f,0f,0f,1f], start_interpolation: 0, interpolation_duration: 1 }
$data merge entity $(bone_rightwing21) { transformation: [-2.8473455060398383f,0.7235876003834244f,0.34753512760181093f,-3.504993216920972f,-0.25774361360931414f,0.3888610861284606f,-2.921316723063372f,1.9037968559700262f,-0.7602156996467928f,-2.841996507981223f,-0.3112298985383413f,-0.19558747714540226f,0f,0f,0f,1f], start_interpolation: 0, interpolation_duration: 1 }
$data merge entity $(bone_rightwing22) { transformation: [-1.7279365400596294f,0.7235876003834244f,2.2896271332269866f,-3.504993216920972f,-2.280463146920428f,0.3888610861284606f,-1.8439118748855339f,1.9037968559700262f,-0.7519702521879768f,-2.841996507981223f,0.3306549554414685f,-0.19558747714540226f,0f,0f,0f,1f], start_interpolation: 0, interpolation_duration: 1 }
$data merge entity $(bone_rightwing23) { transformation: [0.4404028740616266f,0.7133962257301367f,2.7935739793455796f,-3.504993216920972f,-2.869548463968504f,0.3833841694224259f,0.35447515571153404f,1.9037968559700262f,-0.28050198911718693f,-2.801968388150501f,0.7597606401696716f,-0.19558747714540226f,0f,0f,0f,1f], start_interpolation: 0, interpolation_duration: 1 }
$data merge entity $(bone_rightwing1) { transformation: [-1.370273139932404f,0.48918598335780805f,-1.3722421782127399f,-1.4495835070223664f,1.4490227689383284f,0.2628920018896635f,-1.3532260751407155f,-0.26973729743746633f,-0.15061386748267935f,-1.9213497518746294f,-0.5345377385117075f,0.030333324078616775f,0f,0f,0f,1f], start_interpolation: 0, interpolation_duration: 1 }
$data merge entity $(bone_rightwing) { transformation: [-0.508055671348244f,0.9900763857229479f,-0.3503416851529106f,-0.6875000000000002f,0.37818783693390845f,-0.19060249722027578f,-1.0870859023829522f,-0.837019052838329f,-0.9797777839475887f,-0.5869672474664075f,-0.2379412860257183f,1.4999999999999998f,0f,0f,0f,1f], start_interpolation: 0, interpolation_duration: 1 }
$data merge entity $(bone_head) { transformation: [-1.2269070000000002f,2.603290636114264e-18f,1.5023021894451928e-16f,-4.54629320949892e-16f,0f,1.2267228318329453f,-0.021257481242156956f,0.41656481622108255f,-1.5025277304014817e-16f,-0.021257481242156956f,-1.2267228318329453f,3.712330128706682f,0f,0f,0f,1f], start_interpolation: 0, interpolation_duration: 1 }
$data merge entity $(bone_neck4) { transformation: [-1.0497600000000002f,2.7035813094275612e-17f,1.2568356491099145e-16f,-4.45929228983759e-16f,0f,1.0262841906621343f,-0.22076416737543417f,0.43483843671830963f,-1.2855852238729257e-16f,-0.22076416737543417f,-1.0262841906621343f,3.6412884865598163f,0f,0f,0f,1f], start_interpolation: 0, interpolation_duration: 1 }
$data merge entity $(bone_neck3) { transformation: [-1.1664000000000003f,6.29301255888063e-17f,1.2823363662866167e-16f,-3.8982701295871947e-16f,0f,1.0471071064566775f,-0.5138634717587202f,0.21002316782386957f,-1.428428026525473e-16f,-0.5138634717587202f,-1.0471071064566775f,3.18317912748502f,0f,0f,0f,1f], start_interpolation: 0, interpolation_duration: 1 }
$data merge entity $(bone_neck2) { transformation: [-1.2960000000000003f,9.84065706536911e-17f,1.245245041079622e-16f,-3.586958869317289e-16f,0f,1.0168197409625455f,-0.8035506296362803f,0.009135510414799486f,-1.58714225169497e-16f,-0.8035506296362803f,-1.0168197409625455f,2.9289741922443837f,0f,0f,0f,1f], start_interpolation: 0, interpolation_duration: 1 }
$data merge entity $(bone_neck1) { transformation: [-1.4400000000000002f,1.2845800225413388e-16f,1.2082036463342271e-16f,-3.2849079577337324e-16f,0f,0.9865731467843835f,-1.0489391908227854f,-0.25309928729089687f,-1.7634913907721887e-16f,-1.0489391908227854f,-0.9865731467843835f,2.682330905548288f,0f,0f,0f,1f], start_interpolation: 0, interpolation_duration: 1 }
$data merge entity $(bone_neck0) { transformation: [-1.6f,1.5613360827938094e-16f,1.1838980869063178e-16f,-3.086516941181766e-16f,0f,0.9667261513528583f,-1.2749276639443081f,-0.6322515877365276f,-1.9594348786357652e-16f,-1.2749276639443081f,-0.9667261513528583f,2.5203323467065926f,0f,0f,0f,1f], start_interpolation: 0, interpolation_duration: 1 }
$data merge entity $(bone_frontlegl) { transformation: [-0.9925461516413221f,-0.11690242469710435f,0.03443776941004765f,0.4285030421341728f,-0.10554194733138723f,0.96582717080547f,0.23672510109280775f,-0.9028578589222076f,-0.06093467170257386f,0.23132595884128349f,-0.9709661510838884f,2.131636043553938f,0f,0f,0f,1f], start_interpolation: 0, interpolation_duration: 1 }
$data merge entity $(bone_frontlegtipleft) { transformation: [-0.9925461516413221f,-0.0913955475801499f,0.08061631810326197f,0.8016989464651265f,-0.10554194733138723f,0.9753810365668077f,-0.19363039756029565f,-1.8929083923866306f,-0.06093467170257386f,-0.2006955091385555f,-0.9777567582973361f,1.870334932892426f,0f,0f,0f,1f], start_interpolation: 0, interpolation_duration: 1 }
$data merge entity $(bone_frontfootleftd) { transformation: [-0.9925461516413221f,-0.06352090480322634f,-0.10400592057657679f,0.9674389149141944f,-0.10554194733138723f,0.02131557720550742f,0.9941863726293448f,-3.744500217712097f,-0.06093467170257364f,0.9977528455591471f,-0.027860814114524124f,2.204070037755425f,0f,0f,0f,1f], start_interpolation: 0, interpolation_duration: 1 }
$data merge entity $(bone_frontfootleft) { transformation: [0.9925461516413221f,0.101524292027592f,-0.06741628134433092f,0.9412419776240348f,0.10554194733138729f,-0.4394797902534372f,0.8920304990931045f,-3.3176220352541907f,0.06093467170257375f,-0.8924966846364701f,-0.4469190460222171f,2.065037773839973f,0f,0f,0f,1f], start_interpolation: 0, interpolation_duration: 1 }
$data merge entity $(bone_frontlegr) { transformation: [-0.9925461516413221f,0.11690242469710432f,-0.03443776941004741f,-0.8733027958135806f,0.10554194733138723f,0.96582717080547f,0.23672510109280775f,-0.8828224246346179f,0.06093467170257361f,0.23132595884128349f,-0.9709661510838884f,2.1773689796494677f,0f,0f,0f,1f], start_interpolation: 0, interpolation_duration: 1 }
$data merge entity $(bone_frontlegtipright) { transformation: [-0.9925461516413221f,0.09139554758014996f,-0.08061631810326175f,-0.7523573519614741f,0.10554194733138723f,0.9753810365668077f,-0.19363039756029565f,-1.8973594173122674f,0.06093467170257361f,-0.2006955091385555f,-0.9777567582973361f,1.8018872602961613f,0f,0f,0f,1f], start_interpolation: 0, interpolation_duration: 1 }
$data merge entity $(bone_frontfootrightd) { transformation: [-0.9925461516413221f,0.06352090480322654f,0.1040059205765768f,-0.9318477258767479f,0.10554194733138723f,0.02131557720550742f,0.9941863726293448f,-3.6998833445063637f,0.060934671702573835f,0.9977528455591471f,-0.027860814114524124f,2.1739152842078777f,0f,0f,0f,1f], start_interpolation: 0, interpolation_duration: 1 }
$data merge entity $(bone_frontfootright) { transformation: [0.9925461516413221f,-0.10152429202759196f,0.06741628134433086f,-0.8843312287398449f,-0.10554194733138718f,-0.4394797902534372f,0.8920304990931045f,-3.2651951099631846f,-0.060934671702573724f,-0.8924966846364701f,-0.4469190460222171f,2.0213662325219497f,0f,0f,0f,1f], start_interpolation: 0, interpolation_duration: 1 }
$data merge entity $(bone_rearlegl) { transformation: [-1.080694387781476f,0.04609351872449173f,-0.05988437910111638f,0.00028509847839153224f,0.0654451182025709f,1.0000951215606158f,-0.4112636568494957f,-3.2951002594723655f,0.03778475661140106f,-0.4138795071918433f,-1.0004434900610655f,0.3180568896375274f,0f,0f,0f,1f], start_interpolation: 0, interpolation_duration: 1 }
$data merge entity $(bone_rearfootleftd) { transformation: [-0.9975640502598242f,0.037391997471812224f,0.05888806461654874f,0.5348840962822037f,0.06041087834083468f,0.04099268928317146f,0.9973315021613537f,-6.201667108029075f,0.03487823687206252f,0.9984595324550722f,-0.04315171656255351f,0.9311898834330345f,0f,0f,0f,1f], start_interpolation: 0, interpolation_duration: 1 }
$data merge entity $(bone_rearfootleft) { transformation: [-0.9975640502598242f,0.055277888401030525f,0.04254786343799234f,0.5710454884459523f,0.06041087834083468f,0.3796279909379965f,0.9231647275944144f,-5.519537858940666f,0.03487823687206252f,0.9234862985179064f,-0.3820426220232406f,0.783971368106795f,0f,0f,0f,1f], start_interpolation: 0, interpolation_duration: 1 }
$data merge entity $(bone_rearlegtipleft) { transformation: [-0.9975640502598242f,0.06812549610707685f,-0.01499607980038403f,0.5777604863993141f,0.06041087834083468f,0.9512053785222842f,0.3025869356868651f,-4.583468484002509f,0.03487823687206252f,0.30094392276708765f,-0.9530038110848527f,1.1466579188711898f,0f,0f,0f,1f], start_interpolation: 0, interpolation_duration: 1 }
$data merge entity $(bone_rearlegr) { transformation: [-1.080694387781476f,-0.046093518724491626f,0.059884379101116623f,-1.374691798152135f,-0.0654451182025709f,1.0000951215606158f,-0.4112636568494957f,-3.3847799917066226f,-0.03778475661140133f,-0.4138795071918433f,-1.0004434900610655f,0.23826416428306785f,0f,0f,0f,1f], start_interpolation: 0, interpolation_duration: 1 }
$data merge entity $(bone_rearfootrightd) { transformation: [-0.9975640502598242f,-0.05888806461654873f,0.03739199747181245f,-0.5376402268486888f,-0.06041087834083468f,0.9973315021613536f,-0.04099268928317129f,-6.208281882544684f,-0.03487823687206277f,-0.043151716562553344f,-0.9984595324550722f,0.8993547337776608f,0f,0f,0f,1f], start_interpolation: 0, interpolation_duration: 1 }
$data merge entity $(bone_rearfootright) { transformation: [-0.9975640502598242f,-0.055277888401030754f,-0.04254786343799225f,-0.5738016190124373f,-0.06041087834083468f,0.3796279909379965f,0.9231647275944144f,-5.526152633456275f,-0.03487823687206277f,0.9234862985179064f,-0.3820426220232406f,0.7521362184514213f,0f,0f,0f,1f], start_interpolation: 0, interpolation_duration: 1 }
$data merge entity $(bone_rearlegtipright) { transformation: [-0.9975640502598242f,-0.06812549610707694f,0.014996079800384267f,-0.7052121232482773f,-0.06041087834083468f,0.9512053785222842f,0.3025869356868651f,-4.597634618310722f,-0.03487823687206277f,0.30094392276708765f,-0.9530038110848527f,1.1104629896068083f,0f,0f,0f,1f], start_interpolation: 0, interpolation_duration: 1 }
$data merge entity $(bone_tail11) { transformation: [-0.2937340837125001f,-2.9598094669408875e-17f,2.2937223904119543e-17f,5.580660140037148e-16f,0f,0.22479435757559835f,0.23038265953526454f,-5.481758870946627f,-3.5972050541899386e-17f,0.24168678422232623f,-0.18729664683800532f,-4.556954824789173f,0f,0f,0f,1f], start_interpolation: 0, interpolation_duration: 1 }
$data merge entity $(bone_tail10) { transformation: [-0.39164544495000014f,-3.3867237313954256e-17f,3.6684400720916163e-17f,5.374310385981994e-16f,0f,0.3463694553163937f,0.2534194090638206f,-5.624307288545026f,-4.796273405586585e-17f,0.2765469794028283f,-0.29955086435090733f,-4.388457463591788f,0f,0f,0f,1f], start_interpolation: 0, interpolation_duration: 1 }
$data merge entity $(bone_tail9) { transformation: [-0.48955680618750014f,-3.580324526710228e-17f,5.1117766934434556e-17f,5.0867729469758e-16f,0f,0.4715266944147365f,0.2558602077954103f,-5.768228655429945f,-5.99534175698323e-17f,0.2923556840391034f,-0.4174082435035534f,-4.153665326621039f,0f,0f,0f,1f], start_interpolation: 0, interpolation_duration: 1 }
$data merge entity $(bone_tail8) { transformation: [-0.5759491837500001f,-3.5114902417500024e-17f,6.448105582048316e-17f,4.724067007985582e-16f,0f,0.584982483854859f,0.23693286273315672f,-5.9015033907173455f,-7.053343243509683e-17f,0.28673493812214584f,-0.526527778175531f,-3.857493451397303f,0f,0f,0f,1f], start_interpolation: 0, interpolation_duration: 1 }
$data merge entity $(bone_tail7) { transformation: [-0.6775872750000002f,-3.315495616444662e-17f,7.976309211075637e-17f,4.2753996148625773e-16f,0f,0.7135834963668094f,0.20527194155470574f,-6.016968857841867f,-8.298050874717275e-17f,0.27073076243313904f,-0.6513150744058659f,-3.4911287220440035f,0f,0f,0f,1f], start_interpolation: 0, interpolation_duration: 1 }
$data merge entity $(bone_tail6) { transformation: [-0.7971615000000002f,-2.812963440649481e-17f,9.765205395855e-17f,3.7261068113457336e-16f,0f,0.8614555200579403f,0.1448859274787705f,-6.098467192048676f,-9.76241279378503e-17f,0.22969589620517333f,-0.7973895332641148f,-3.042597109582939f,0f,0f,0f,1f], start_interpolation: 0, interpolation_duration: 1 }
$data merge entity $(bone_tail5) { transformation: [-0.8857350000000002f,-1.6198700682490516e-17f,1.117462826850882e-16f,3.0975339712421125e-16f,0f,0.9701759769182356f,0.029228554581855165f,-6.114908254000969f,-1.0847125326427811e-16f,0.13227242902826103f,-0.9124776446800035f,-2.529328434450437f,0f,0f,0f,1f], start_interpolation: 0, interpolation_duration: 1 }
$data merge entity $(bone_tail4) { transformation: [-0.9841500000000002f,3.072392881089715e-18f,1.2542266085512612e-16f,2.3920315039320283e-16f,0f,1.0681605024707523f,-0.14870875824563054f,-6.031259577487802f,-1.205236147380868e-16f,-0.025087991764064677f,-1.024153747369856f,-1.9532419515548927f,0f,0f,0f,1f], start_interpolation: 0, interpolation_duration: 1 }
$data merge entity $(bone_tail3) { transformation: [-1.0935000000000001f,3.1278066441360846e-17f,1.3584598362972148e-16f,1.627897846014845e-16f,0f,1.1296384183921635f,-0.3997745648818045f,-5.806386384741787f,-1.339151274867631e-16f,-0.2554047947795057f,-1.1092666369136208f,-1.329279468290981f,0f,0f,0f,1f], start_interpolation: 0, interpolation_duration: 1 }
$data merge entity $(bone_tail2) { transformation: [-1.215f,6.808057151246836e-17f,1.3912481159234586e-16f,8.453207808078995e-17f,0f,1.1217050443069598f,-0.7172845500336968f,-5.402913825347833f,-1.4879458609640342e-16f,-0.5559200543362273f,-1.1360402990414054f,-0.6902568000801905f,0f,0f,0f,1f], start_interpolation: 0, interpolation_duration: 1 }
$data merge entity $(bone_tail1) { transformation: [-1.35f,1.106261330370191e-16f,1.3183314817790721e-16f,1.0375932230717141e-17f,0f,1.0178875516262682f,-1.0735209907604029f,-4.799058268045106f,-1.6532731788489269e-16f,-0.9033309286729962f,-1.0764993487893375f,-0.08472591638618815f,0f,0f,0f,1f], start_interpolation: 0, interpolation_duration: 1 }
$data merge entity $(bone_tail0) { transformation: [-1.5f,1.5436018939172787e-16f,1.1286501898390252e-16f,-1.4520593599796056e-17f,0f,0.8131877821892872f,-1.4285061464178301f,-3.7922266151377544f,-1.8369701987210297e-16f,-1.2604465997804384f,-0.9216128198145256f,0.11856964481437293f,0f,0f,0f,1f], start_interpolation: 0, interpolation_duration: 1 }