# This file was generated by Animated Java via MC-Build. It is not recommended to edit this file directly.
$data merge entity $(bone_leftwing20) { transformation: [-1.5716813889365941f,-1.7670581056239938f,1.7773742920752476f,2.421519488278411f,-2.217564385267552f,0.002850437466478209f,-1.9580950393967866f,2.2460056820007095f,1.1678878028194273f,-2.372600606394996f,-1.326099752534032f,-1.1311449002060399f,0f,0f,0f,1f], start_interpolation: 0, interpolation_duration: 1 }
$data merge entity $(bone_leftwing21) { transformation: [-2.3701905049861915f,-1.766963281801706f,0.10408936697465086f,2.421519488278411f,-0.1319068888104662f,0.0028502845063831765f,-2.9552308393832645f,2.2460056820007095f,1.765104645123621f,-2.372473287968089f,-0.08107376345181372f,-1.1311449002060399f,0f,0f,0f,1f], start_interpolation: 0, interpolation_duration: 1 }
$data merge entity $(bone_leftwing22) { transformation: [-1.7246721335678779f,-1.7703751972341002f,-1.6358184084907421f,2.421519488278411f,2.0381128442613523f,0.0028557882595138732f,-2.151908931942697f,2.2460056820007095f,1.286944535943865f,-2.377054412153028f,1.2157344512320503f,-1.1311449002060399f,0f,0f,0f,1f], start_interpolation: 0, interpolation_duration: 1 }
$data merge entity $(bone_leftwing23) { transformation: [-0.021008524516792335f,-1.7421699632912613f,-2.3390910425521683f,2.421519488278411f,2.916528131501505f,0.002810290459908093f,-0.028287892680629867f,2.2460056820007095f,0.019150574466768922f,-2.33918369644577f,1.7420669717965316f,-1.1311449002060399f,0f,0f,0f,1f], start_interpolation: 0, interpolation_duration: 1 }
$data merge entity $(bone_leftwing1) { transformation: [-0.9311224904370947f,-1.1946308319711507f,1.3060888496217005f,1.024835752622769f,-1.6293586485212128f,0.0019270563153655496f,-1.1598218315513305f,-0.19803229078111007f,0.6915210063991889f,-1.604011677562814f,-0.9741382016689317f,-0.09386339060725657f,0f,0f,0f,1f], start_interpolation: 0, interpolation_duration: 1 }
$data merge entity $(bone_leftwing) { transformation: [-0.2248905017485128f,-1.060041883421572f,0.43225753750103585f,0.6874999999999998f,-0.4259911747048127f,-0.33139425790227506f,-1.0343212634448375f,-0.837019052838329f,1.0625755937381711f,-0.357211649211721f,-0.323178056759005f,1.5f,0f,0f,0f,1f], start_interpolation: 0, interpolation_duration: 1 }
$data merge entity $(bone_rightwing20) { transformation: [-1.571681388936594f,1.7670581056239942f,-1.7773742920752473f,-2.4215194882784106f,2.217564385267552f,0.002850437466478209f,-1.9580950393967866f,2.2460056820007095f,-1.1678878028194277f,-2.3726006063949954f,-1.3260997525340323f,-1.1311449002060405f,0f,0f,0f,1f], start_interpolation: 0, interpolation_duration: 1 }
$data merge entity $(bone_rightwing21) { transformation: [-2.3703177009078877f,1.7670581056239942f,-0.10409495291508195f,-2.4215194882784106f,0.13191396757407828f,0.002850437466478209f,-2.9553894314076823f,2.2460056820007095f,-1.7651993692024477f,-2.3726006063949954f,-0.08107811426329743f,-1.1311449002060405f,0f,0f,0f,1f], start_interpolation: 0, interpolation_duration: 1 }
$data merge entity $(bone_rightwing22) { transformation: [-1.7214406742289872f,1.7670581056239942f,1.6327534313452534f,-2.4215194882784106f,-2.0342941017559717f,0.002850437466478209f,-2.1478769735900203f,2.2460056820007095f,-1.2845332318714173f,-2.3726006063949954f,1.213456571065971f,-1.1311449002060405f,0f,0f,0f,1f], start_interpolation: 0, interpolation_duration: 1 }
$data merge entity $(bone_rightwing23) { transformation: [-0.021008524516792172f,1.7421699632912617f,2.3390910425521683f,-2.4215194882784106f,-2.916528131501505f,0.002810290459908093f,-0.028287892680629867f,2.2460056820007095f,-0.01915057446676876f,-2.3391836964457697f,1.7420669717965322f,-1.1311449002060405f,0f,0f,0f,1f], start_interpolation: 0, interpolation_duration: 1 }
$data merge entity $(bone_rightwing1) { transformation: [-0.9311224904370946f,1.194630831971151f,-1.3060888496217002f,-1.024835752622769f,1.6293586485212128f,0.0019270563153655496f,-1.1598218315513305f,-0.19803229078111007f,-0.6915210063991891f,-1.6040116775628137f,-0.974138201668932f,-0.09386339060725679f,0f,0f,0f,1f], start_interpolation: 0, interpolation_duration: 1 }
$data merge entity $(bone_rightwing) { transformation: [-0.22489050174851252f,1.060041883421572f,-0.43225753750103574f,-0.6875000000000002f,0.4259911747048127f,-0.33139425790227506f,-1.0343212634448375f,-0.837019052838329f,-1.0625755937381711f,-0.3572116492117207f,-0.32317805675900513f,1.4999999999999998f,0f,0f,0f,1f], start_interpolation: 0, interpolation_duration: 1 }
$data merge entity $(bone_head) { transformation: [-1.2269070000000002f,-7.676011348157108e-19f,1.502508122931524e-16f,-4.552039625698772e-16f,0f,1.2268909892857505f,0.006267938930230275f,0.39498002070218835f,-1.5025277304014817e-16f,0.006267938930230275f,-1.2268909892857505f,3.717022433625825f,0f,0f,0f,1f], start_interpolation: 0, interpolation_duration: 1 }
$data merge entity $(bone_neck4) { transformation: [-1.0497600000000002f,2.2746172849698088e-17f,1.2653025448127281e-16f,-4.465850037632445e-16f,0f,1.0331979356771939f,-0.1857365965887864f,0.4156589189053015f,-1.2855852238729257e-16f,-0.1857365965887864f,-1.0331979356771939f,3.646643294002601f,0f,0f,0f,1f], start_interpolation: 0, interpolation_duration: 1 }
$data merge entity $(bone_neck3) { transformation: [-1.1664000000000003f,5.798528474461985e-17f,1.305441420467419e-16f,-3.8947194161779495e-16f,0f,1.065973814961439f,-0.47348578206378705f,0.20850888925239464f,-1.428428026525473e-16f,-0.47348578206378705f,-1.065973814961439f,3.1802797499569713f,0f,0f,0f,1f], start_interpolation: 0, interpolation_duration: 1 }
$data merge entity $(bone_neck2) { transformation: [-1.2960000000000003f,9.592752545580905e-17f,1.264441186100757e-16f,-3.57860911965276e-16f,0f,1.032494582912486f,-0.7833076893892794f,0.012681966905074782f,-1.58714225169497e-16f,-0.7833076893892794f,-1.032494582912486f,2.9221561042288497f,0f,0f,0f,1f], start_interpolation: 0, interpolation_duration: 1 }
$data merge entity $(bone_neck1) { transformation: [-1.4400000000000002f,1.2907089770531252e-16f,1.2016539526344942e-16f,-3.2781956314941367e-16f,0f,0.981224916009361f,-1.0539438619786268f,-0.2508039985895819f,-1.7634913907721887e-16f,-1.0539438619786268f,-0.981224916009361f,2.6768498752265093f,0f,0f,0f,1f], start_interpolation: 0, interpolation_duration: 1 }
$data merge entity $(bone_neck0) { transformation: [-1.6f,1.5782358456967114e-16f,1.1612737226736608e-16f,-3.086516941181766e-16f,0f,0.948251955977989f,-1.2887273675932853f,-0.6322515877365276f,-1.9594348786357652e-16f,-1.2887273675932853f,-0.948251955977989f,2.5203323467065926f,0f,0f,0f,1f], start_interpolation: 0, interpolation_duration: 1 }
$data merge entity $(bone_frontlegl) { transformation: [-0.992546151641322f,-0.11665123068652855f,0.03527927495456885f,0.4285427718410252f,-0.10554194733138723f,0.9675079371509038f,0.2297591976472358f,-0.9029660281728663f,-0.06093467170257386f,0.22432316404981706f,-0.9726078777468228f,2.13117625319972f,0f,0f,0f,1f], start_interpolation: 0, interpolation_duration: 1 }
$data merge entity $(bone_frontlegtipleft) { transformation: [-0.992546151641322f,-0.09081225288183736f,0.08127282195498682f,0.8014994311862675f,-0.10554194733138723f,0.9739604101882424f,-0.20065397264806234f,-1.8950229424591334f,-0.06093467170257386f,-0.20773602025762383f,-0.9762851589940429f,1.8772472841505512f,0f,0f,0f,1f], start_interpolation: 0, interpolation_duration: 1 }
$data merge entity $(bone_frontfootleftd) { transformation: [-0.992546151641322f,-0.06426872294769209f,-0.10354548813287102f,0.966167980283055f,-0.10554194733138722f,0.028479137587586967f,0.9940069597722976f,-3.744252526769073f,-0.06093467170257364f,0.9975261750816065f,-0.03504990458702406f,2.2243428883041534f,0f,0f,0f,1f], start_interpolation: 0, interpolation_duration: 1 }
$data merge entity $(bone_frontfootleft) { transformation: [0.992546151641322f,0.10200745827620067f,-0.0666829462308838f,0.9402651752064324f,0.10554194733138728f,-0.44589635766084385f,0.8888404443871191f,-3.3183682953321973f,0.06093467170257375f,-0.8892530104985992f,-0.4533387796159486f,2.0822411687720157f,0f,0f,0f,1f], start_interpolation: 0, interpolation_duration: 1 }
$data merge entity $(bone_frontlegr) { transformation: [-0.992546151641322f,0.11665123068652852f,-0.03527927495456861f,-0.8733162999476611f,0.10554194733138723f,0.9675079371509038f,0.2297591976472358f,-0.8830202298401617f,0.06093467170257362f,0.22432316404981706f,-0.9726078777468228f,2.1774916236231467f,0f,0f,0f,1f], start_interpolation: 0, interpolation_duration: 1 }
$data merge entity $(bone_frontlegtipright) { transformation: [-0.992546151641322f,0.09081225288183742f,-0.08127282195498661f,-0.7522076423273895f,0.10554194733138723f,0.9739604101882424f,-0.20065397264806234f,-1.9001640157097894f,0.06093467170257362f,-0.20773602025762383f,-0.9762851589940429f,1.809183541462676f,0f,0f,0f,1f], start_interpolation: 0, interpolation_duration: 1 }
$data merge entity $(bone_frontfootrightd) { transformation: [-0.992546151641322f,0.0642687229476923f,0.10354548813287104f,-0.9306192075329864f,0.10554194733138725f,0.028479137587586967f,0.9940069597722976f,-3.700059073398334f,0.06093467170257384f,0.9975261750816065f,-0.03504990458702406f,2.194230613546558f,0f,0f,0f,1f], start_interpolation: 0, interpolation_duration: 1 }
$data merge entity $(bone_frontfootright) { transformation: [0.992546151641322f,-0.10200745827620063f,0.06668294623088374f,-0.8834105602110682f,-0.10554194733138719f,-0.44589635766084385f,0.8888404443871191f,-3.266452365355766f,-0.06093467170257373f,-0.8892530104985992f,-0.4533387796159486f,2.0385403496273735f,0f,0f,0f,1f], start_interpolation: 0, interpolation_duration: 1 }
$data merge entity $(bone_rearlegl) { transformation: [-1.080694387781476f,0.0456607947245978f,-0.06021497449845375f,0.00016849386805306565f,0.0654451182025709f,0.9971055867581091f,-0.4184596712591665f,-3.2966270288101374f,0.03778475661140106f,-0.4210779640304112f,-0.9974350963781713f,0.317366284469097f,0f,0f,0f,1f], start_interpolation: 0, interpolation_duration: 1 }
$data merge entity $(bone_rearfootleftd) { transformation: [-0.9975640502598242f,0.037815374437788735f,0.05861708868021906f,0.5357688434684796f,0.06041087834083468f,0.0481784026014489f,0.9970102142409885f,-6.198577650536163f,0.03487823687206252f,0.9981226572816102f,-0.05034550241872421f,0.9511437345524836f,0f,0f,0f,1f], start_interpolation: 0, interpolation_duration: 1 }
$data merge entity $(bone_rearfootleft) { transformation: [-0.9975640502598242f,0.0555830533831881f,0.042148425899628715f,0.5716937679473729f,0.06041087834083468f,0.38627046577769264f,0.9204051570074852f,-5.517515296871306f,0.03487823687206252f,0.9207093197336965f,-0.38868735141268784f,0.7990098454229728f,0f,0f,0f,1f], start_interpolation: 0, interpolation_duration: 1 }
$data merge entity $(bone_rearlegtipleft) { transformation: [-0.9975640502598242f,0.06801566546988139f,-0.015486603239704173f,0.5783295929784968f,0.06041087834083468f,0.9533611253333837f,0.29572468696602466f,-4.5788612845769965f,0.03487823687206252f,0.29406875718741965f,-0.9551476716398061f,1.1549552218923842f,0f,0f,0f,1f], start_interpolation: 0, interpolation_duration: 1 }
$data merge entity $(bone_rearlegr) { transformation: [-1.080694387781476f,-0.0456607947245977f,0.06021497449845399f,-1.3745630362962933f,-0.0654451182025709f,0.9971055867581091f,-0.4184596712591665f,-3.3865347487648423f,-0.03778475661140133f,-0.4210779640304112f,-0.9974350963781713f,0.2376207320088765f,0f,0f,0f,1f], start_interpolation: 0, interpolation_duration: 1 }
$data merge entity $(bone_rearfootrightd) { transformation: [-0.9975640502598242f,-0.03781537443778897f,-0.05861708868021903f,-0.5385128167894621f,-0.06041087834083468f,0.0481784026014489f,0.9970102142409885f,-6.20542041277222f,-0.03487823687206277f,0.9981226572816102f,-0.05034550241872421f,0.9193557577913489f,0f,0f,0f,1f], start_interpolation: 0, interpolation_duration: 1 }
$data merge entity $(bone_rearfootright) { transformation: [-0.9975640502598242f,-0.05558305338318831f,-0.04214842589962861f,-0.5744377412683552f,-0.06041087834083468f,0.38627046577769264f,0.9204051570074852f,-5.524358059107363f,-0.03487823687206277f,0.9207093197336965f,-0.38868735141268784f,0.7672218686618382f,0f,0f,0f,1f], start_interpolation: 0, interpolation_duration: 1 }
$data merge entity $(bone_rearlegtipright) { transformation: [-0.9975640502598242f,-0.06801566546988144f,0.015486603239704402f,-0.7057690725819572f,-0.06041087834083468f,0.9533611253333837f,0.29572468696602466f,-4.593255406605658f,-0.03487823687206277f,0.29406875718741965f,-0.9551476716398061f,1.1188074655222418f,0f,0f,0f,1f], start_interpolation: 0, interpolation_duration: 1 }
$data merge entity $(bone_tail11) { transformation: [-0.2937340837125001f,-2.9221678706477364e-17f,2.351852055185957e-17f,5.684854991015405e-16f,0f,0.22895729774855772f,0.22552808936163724f,-5.656954773662143f,-3.5972050541899386e-17f,0.23861311462882717f,-0.19204329418273147f,-4.642036377323996f,0f,0f,0f,1f], start_interpolation: 0, interpolation_duration: 1 }
$data merge entity $(bone_tail10) { transformation: [-0.39164544495000014f,-3.228454573747959e-17f,3.819803660557355e-17f,5.469991035109054e-16f,0f,0.3569109853617203f,0.2371311754395422f,-5.790341059846885f,-4.796273405586585e-17f,0.2636233219239813f,-0.31191063931387f,-4.466586642709944f,0f,0f,0f,1f], start_interpolation: 0, interpolation_duration: 1 }
$data merge entity $(bone_tail9) { transformation: [-0.48955680618750014f,-3.235931346249798e-17f,5.3490971589650323e-17f,5.169104319917271e-16f,0f,0.48714105436138855f,0.22269845593609316f,-5.915608941310937f,-5.99534175698323e-17f,0.264233846730566f,-0.43678693013277636f,-4.2208939945102575f,0f,0f,0f,1f], start_interpolation: 0, interpolation_duration: 1 }
$data merge entity $(bone_tail8) { transformation: [-0.5759491837500001f,-2.973739532065829e-17f,6.726998022212236e-17f,4.790710681167833e-16f,0f,0.6018290631897768f,0.1868063195195162f,-6.020687496040665f,-7.053343243509683e-17f,0.2428242603611314f,-0.5493010741460994f,-3.9119121403030763f,0f,0f,0f,1f], start_interpolation: 0, interpolation_duration: 1 }
$data merge entity $(bone_tail7) { transformation: [-0.6775872750000002f,-2.6174006063925007e-17f,8.247548559584594e-17f,4.3267860746911996e-16f,0f,0.7277301315740503f,0.14149581764880542f,-6.1002788934681185f,-8.298050874717275e-17f,0.2137269789309733f,-0.6734634480183884f,-3.5330889507927328f,0f,0f,0f,1f], start_interpolation: 0, interpolation_duration: 1 }
$data merge entity $(bone_tail6) { transformation: [-0.7971615000000002f,-2.0414112030127347e-17f,9.9731074932148e-17f,3.7657987781978673e-16f,0f,0.8689148770276156f,0.07547104598228144f,-6.142731356833152f,-9.76241279378503e-17f,0.16669387487347753f,-0.8143660278341858f,-3.0750080601360033f,0f,0f,0f,1f], start_interpolation: 0, interpolation_duration: 1 }
$data merge entity $(bone_tail5) { transformation: [-0.8857350000000002f,-9.473126183112337e-18f,1.1271253602848946e-16f,3.131790763037614e-16f,0f,0.968617767917858f,-0.03043783864618413f,-6.125610072594673f,-1.0847125326427811e-16f,0.07735394555971502f,-0.920367701993459f,-2.5573012277646825f,0f,0f,0f,1f], start_interpolation: 0, interpolation_duration: 1 }
$data merge entity $(bone_tail4) { transformation: [-0.9841500000000002f,7.546064688870662e-18f,1.2545094950607764e-16f,2.4261291720659273e-16f,0f,1.0602628836355088f,-0.18783813162692542f,-6.019951123554528f,-1.205236147380868e-16f,-0.06161829430432103f,-1.0243847417346903f,-1.9810848105389192f,0f,0f,0f,1f], start_interpolation: 0, interpolation_duration: 1 }
$data merge entity $(bone_tail3) { transformation: [-1.0935000000000001f,3.279275872009248e-17f,1.3573684668759822e-16f,1.6626094094481872e-16f,0f,1.122927858375956f,-0.4128451362172314f,-5.787725734432335f,-1.339151274867631e-16f,-0.2677731958547072f,-1.1083754661515755f,-1.357623610828658f,0f,0f,0f,1f], start_interpolation: 0, interpolation_duration: 1 }
$data merge entity $(bone_tail2) { transformation: [-1.215f,6.699715062732284e-17f,1.3994741445174819e-16f,8.754052031571036e-17f,0f,1.125059844611977f,-0.7081036768520181f,-5.3894174162030755f,-1.4879458609640342e-16f,-0.547073251438446f,-1.1427573611361663f,-0.7148225951895644f,0f,0f,0f,1f], start_interpolation: 0, interpolation_duration: 1 }
$data merge entity $(bone_tail1) { transformation: [-1.35f,1.0843255059695013e-16f,1.340270214161817e-16f,1.2150320769108157e-17f,0f,1.0338432465521676f,-1.0549218365474937f,-4.796023883145111f,-1.6532731788489269e-16f,-0.8854189687381298f,-1.0944136832717528f,-0.09921489834920333f,0f,0f,0f,1f], start_interpolation: 0, interpolation_duration: 1 }
$data merge entity $(bone_tail0) { transformation: [-1.5f,1.5290894981774229e-16f,1.1537449213038183e-16f,-1.4520593599796056e-17f,0f,0.831268432162333f,-1.41507583994093f,-3.7922266151377544f,-1.8369701987210297e-16f,-1.2485963293596443f,-0.9421042231173108f,0.11856964481437293f,0f,0f,0f,1f], start_interpolation: 0, interpolation_duration: 1 }