# This file was generated by Animated Java via MC-Build. It is not recommended to edit this file directly.
$data merge entity $(bone_leftwing20) { transformation: [-0.9851721365520828f,-2.7370377620541677f,0.5383272810865453f,2.3148533844891106f,-1.9208932392211415f,0.2516760743585904f,-2.2357469508468686f,1.9209828161085112f,2.0227063889717227f,-1.0940838879154002f,-1.861014621470774f,-1.8408527265959698f,0f,0f,0f,1f], start_interpolation: 0, interpolation_duration: 1 }
$data merge entity $(bone_leftwing21) { transformation: [-1.0715408058142035f,-2.7368908872108797f,-0.33470201441944375f,2.3148533844891106f,0.2738824999831563f,0.25166256892417765f,-2.9346978026851076f,1.9209828161085112f,2.7436445730373613f,-1.094025177216626f,0.16223511931177656f,-1.8408527265959698f,0f,0f,0f,1f], start_interpolation: 0, interpolation_duration: 1 }
$data merge entity $(bone_leftwing22) { transformation: [-0.5045627168703001f,-2.7421756830813018f,-1.0052428366849975f,2.3148533844891106f,2.305743394216853f,0.25214851643169617f,-1.8451538414265307f,1.9209828161085112f,1.7926483307147139f,-1.0961376836982362f,2.0903392819365134f,-1.8408527265959698f,0f,0f,0f,1f], start_interpolation: 0, interpolation_duration: 1 }
$data merge entity $(bone_leftwing23) { transformation: [0.3666760856748779f,-2.6984879344196013f,-1.044344751712971f,2.3148533844891106f,2.88233240666871f,0.2481313409169201f,0.37085735743891085f,1.9209828161085112f,-0.25426952256601754f,-1.0786742556912394f,2.6979164746981033f,-1.8408527265959698f,0f,0f,0f,1f], start_interpolation: 0, interpolation_duration: 1 }
$data merge entity $(bone_leftwing1) { transformation: [-0.6243412307024843f,-1.8503917264591554f,0.4315651588073513f,1.3783415384353843f,-1.4495118274463168f,0.1701472052001738f,-1.3674667786296706f,-0.2532849250609639f,1.2284598038756278f,-0.7396623467597071f,-1.39419730420331f,0.0018369792174719457f,0f,0f,0f,1f], start_interpolation: 0, interpolation_duration: 1 }
$data merge entity $(bone_leftwing) { transformation: [-0.46056102562358975f,-1.0702886592213994f,0.058964724452150195f,0.6874999999999998f,-0.38915608518491007f,0.10715457957791956f,-1.0946170785028642f,-0.837019052838329f,0.9987753471883521f,-0.45178666771901344f,-0.39930905803806616f,1.5f,0f,0f,0f,1f], start_interpolation: 0, interpolation_duration: 1 }
$data merge entity $(bone_rightwing20) { transformation: [-0.9851721365520822f,2.7370377620541677f,-0.5383272810865449f,-2.31485338448911f,1.9208932392211415f,0.2516760743585904f,-2.2357469508468686f,1.9209828161085112f,-2.0227063889717227f,-1.0940838879153996f,-1.861014621470774f,-1.84085272659597f,0f,0f,0f,1f], start_interpolation: 0, interpolation_duration: 1 }
$data merge entity $(bone_rightwing21) { transformation: [-1.0715983098925224f,2.7370377620541677f,0.3347199761533753f,-2.31485338448911f,-0.2738971978468717f,0.2516760743585904f,-2.9348552928071583f,1.9209828161085112f,-2.7437918103161967f,-1.0940838879153996f,0.1622438256353776f,-1.84085272659597f,0f,0f,0f,1f], start_interpolation: 0, interpolation_duration: 1 }
$data merge entity $(bone_rightwing22) { transformation: [-0.5036173349210283f,2.7370377620541677f,1.0033593474761011f,-2.31485338448911f,-2.301423201480328f,0.2516760743585904f,-1.8416966396219f,1.9209828161085112f,-1.7892895066942605f,-1.0940838879153996f,2.0864226845365836f,-1.84085272659597f,0f,0f,0f,1f], start_interpolation: 0, interpolation_duration: 1 }
$data merge entity $(bone_rightwing23) { transformation: [0.36667608567487764f,2.6984879344196013f,1.0443447517129703f,-2.31485338448911f,-2.88233240666871f,0.2481313409169201f,0.37085735743891085f,1.9209828161085112f,0.25426952256601754f,-1.0786742556912388f,2.6979164746981033f,-1.84085272659597f,0f,0f,0f,1f], start_interpolation: 0, interpolation_duration: 1 }
$data merge entity $(bone_rightwing1) { transformation: [-0.6243412307024839f,1.8503917264591554f,-0.431565158807351f,-1.3783415384353845f,1.4495118274463168f,0.1701472052001738f,-1.3674667786296706f,-0.2532849250609639f,-1.2284598038756278f,-0.7396623467597067f,-1.39419730420331f,0.0018369792174717237f,0f,0f,0f,1f], start_interpolation: 0, interpolation_duration: 1 }
$data merge entity $(bone_rightwing) { transformation: [-0.46056102562358947f,1.0702886592213994f,-0.0589647244521501f,-0.6875000000000002f,0.38915608518491007f,0.10715457957791956f,-1.0946170785028642f,-0.837019052838329f,-0.9987753471883521f,-0.45178666771901316f,-0.39930905803806616f,1.4999999999999998f,0f,0f,0f,1f], start_interpolation: 0, interpolation_duration: 1 }
$data merge entity $(bone_head) { transformation: [-1.2269070000000002f,-8.770617350882241e-18f,1.4999657355266045e-16f,-4.643072351326502e-16f,0f,1.2248149724238364f,0.0716175256162728f,0.25459164923355937f,-1.5025277304014817e-16f,0.0716175256162728f,-1.2248149724238364f,3.7913562951858357f,0f,0f,0f,1f], start_interpolation: 0, interpolation_duration: 1 }
$data merge entity $(bone_neck4) { transformation: [-1.0497600000000002f,1.137801958152595e-17f,1.2805402902215304e-16f,-4.559482952068429e-16f,0f,1.045640499050904f,-0.09290858057562232f,0.2814611285429237f,-1.2855852238729257e-16f,-0.09290858057562232f,-1.045640499050904f,3.723100370852166f,0f,0f,0f,1f], start_interpolation: 0, interpolation_duration: 1 }
$data merge entity $(bone_neck3) { transformation: [-1.1664000000000003f,3.7828476392457137e-17f,1.3774277710086975e-16f,-3.9568583022521243e-16f,0f,1.124755131004071f,-0.3088929511659593f,0.14632046240781654f,-1.428428026525473e-16f,-0.3088929511659593f,-1.124755131004071f,3.231020001037885f,0f,0f,0f,1f], start_interpolation: 0, interpolation_duration: 1 }
$data merge entity $(bone_neck2) { transformation: [-1.2960000000000003f,7.651143022127186e-17f,1.3905468822247326e-16f,-3.609221581695941e-16f,0f,1.1354676982725838f,-0.6247632400994485f,-0.009870347617045583f,-1.58714225169497e-16f,-0.6247632400994485f,-1.1354676982725838f,2.947153076469739f,0f,0f,0f,1f], start_interpolation: 0, interpolation_duration: 1 }
$data merge entity $(bone_neck1) { transformation: [-1.4400000000000002f,1.1894874983961215e-16f,1.301929866193631e-16f,-3.2837391151475334e-16f,0f,1.0631064132940902f,-0.9712902521970328f,-0.2526929106663038f,-1.7634913907721887e-16f,-0.9712902521970328f,-1.0631064132940902f,2.6813764731462166f,0f,0f,0f,1f], start_interpolation: 0, interpolation_duration: 1 }
$data merge entity $(bone_neck0) { transformation: [-1.6f,1.5643097429504437e-16f,1.17996613160068e-16f,-3.086516941181766e-16f,0f,0.9635154661917367f,-1.277355841732961f,-0.6322515877365276f,-1.9594348786357652e-16f,-1.277355841732961f,-0.9635154661917367f,2.5203323467065926f,0f,0f,0f,1f], start_interpolation: 0, interpolation_duration: 1 }
$data merge entity $(bone_frontlegl) { transformation: [-0.992546151641322f,-0.11685901070031336f,0.034584801288222174f,0.4285099559692079f,-0.10554194733138723f,0.9661241984332862f,0.2355099372747122f,-0.9028765038156573f,-0.06093467170257387f,0.23010433463927676f,-0.9712563827150458f,2.1315557201213506f,0f,0f,0f,1f], start_interpolation: 0, interpolation_duration: 1 }
$data merge entity $(bone_frontlegtipleft) { transformation: [-0.992546151641322f,-0.09129406278001723f,0.08073122669153517f,0.801664562782061f,-0.10554194733138723f,0.9751366845983289f,-0.19485723929091742f,-1.893281097315736f,-0.06093467170257387f,-0.2019253338531285f,-0.9775035167879459f,1.8715405420185787f,0f,0f,0f,1f], start_interpolation: 0, interpolation_duration: 1 }
$data merge entity $(bone_frontfootleftd) { transformation: [-0.992546151641322f,-0.06365169032244938f,-0.10392593122554517f,0.9672181511201549f,-0.10554194733138723f,0.022566211727578445f,0.9941587717471313f,-3.744467465388471f,-0.06093467170257365f,0.9977170081778506f,-0.02911592995489687f,2.2076092627016646f,0f,0f,0f,1f], start_interpolation: 0, interpolation_duration: 1 }
$data merge entity $(bone_frontfootleft) { transformation: [0.992546151641322f,0.10160901900160473f,-0.06728851402381607f,0.9410724236873325f,0.10554194733138729f,-0.44060158542266337f,0.8914769432108347f,-3.31776120574089f,0.06093467170257376f,-0.8919337700639924f,-0.44804142175019096f,2.068040636191313f,0f,0f,0f,1f], start_interpolation: 0, interpolation_duration: 1 }
$data merge entity $(bone_frontlegr) { transformation: [-0.992546151641322f,0.11685901070031333f,-0.03458480128822195f,-0.8733051662058186f,0.10554194733138723f,0.9661241984332862f,0.2355099372747122f,-0.8828570182243634f,0.06093467170257362f,0.23010433463927676f,-0.9712563827150458f,2.1773902869134116f,0f,0f,0f,1f], start_interpolation: 0, interpolation_duration: 1 }
$data merge entity $(bone_frontlegtipright) { transformation: [-0.992546151641322f,0.09129406278001731f,-0.08073122669153493f,-0.7523317057084066f,0.10554194733138723f,0.9751366845983289f,-0.19485723929091742f,-1.8978527801140868f,0.06093467170257362f,-0.2019253338531285f,-0.9775035167879459f,1.8031595336745994f,0f,0f,0f,1f], start_interpolation: 0, interpolation_duration: 1 }
$data merge entity $(bone_frontfootrightd) { transformation: [-0.992546151641322f,0.06365169032244959f,0.10392593122554519f,-0.9316343824089443f,0.10554194733138723f,0.022566211727578445f,0.9941587717471313f,-3.699924529050765f,0.06093467170257384f,0.9977170081778506f,-0.02911592995489687f,2.177461704151145f,0f,0f,0f,1f], start_interpolation: 0, interpolation_duration: 1 }
$data merge entity $(bone_frontfootright) { transformation: [0.992546151641322f,-0.1016090190016047f,0.06728851402381601f,-0.8841714886470734f,-0.10554194733138718f,-0.44060158542266337f,0.8914769432108347f,-3.265423467941766f,-0.06093467170257373f,-0.8919337700639924f,-0.44804142175019096f,2.024363717451103f,0f,0f,0f,1f], start_interpolation: 0, interpolation_duration: 1 }
$data merge entity $(bone_rearlegl) { transformation: [-1.080694387781476f,0.046018149817007754f,-0.05994231573897295f,0.00026473684707140066f,0.06544511820257091f,0.9995769750740409f,-0.412521415827582f,-3.2953664275181302f,0.037784756611401064f,-0.4151377023354548f,-0.9999220526513891f,0.3179355364282431f,0f,0f,0f,1f], start_interpolation: 0, interpolation_duration: 1 }
$data merge entity $(bone_rearfootleftd) { transformation: [-0.9975640502598242f,0.03746604699391092f,0.058840980208226396f,0.535037976538161f,0.060410878340834695f,0.04224726469797474f,0.9972791456776926f,-6.2011381324723605f,0.034878236872062526f,0.9984044590987106f,-0.044407709291371666f,0.9346748512607281f,0f,0f,0f,1f], start_interpolation: 0, interpolation_duration: 1 }
$data merge entity $(bone_rearfootleft) { transformation: [-0.9975640502598242f,0.055331368374436585f,0.042478292138776366f,0.5711582234303743f,0.060410878340834695f,0.3807889992254607f,0.9226864385298839f,-5.519192581079883f,0.034878236872062526f,0.923004971678205f,-0.3832040329250355f,0.7865977000845419f,0f,0f,0f,1f], start_interpolation: 0, interpolation_duration: 1 }
$data merge entity $(bone_rearlegtipleft) { transformation: [-0.9975640502598242f,0.06810657766418368f,-0.015081767405955718f,0.5778596584161911f,0.060410878340834695f,0.9515852695841213f,0.30139011345530914f,-4.582668513690416f,0.034878236872062526f,0.2997448394708202f,-0.9533816338714042f,1.1481087814768287f,0f,0f,0f,1f], start_interpolation: 0, interpolation_duration: 1 }
$data merge entity $(bone_rearlegr) { transformation: [-1.080694387781476f,-0.04601814981700765f,0.05994231573897319f,-1.3746693086248079f,-0.06544511820257091f,0.9995769750740409f,-0.412521415827582f,-3.3850859837368885f,-0.037784756611401335f,-0.4151377023354548f,-0.9999220526513891f,0.23815092757705147f,0f,0f,0f,1f], start_interpolation: 0, interpolation_duration: 1 }
$data merge entity $(bone_rearfootrightd) { transformation: [-0.9975640502598242f,-0.05884098020822639f,0.037466046993911165f,-0.5377919792086393f,-0.060410878340834695f,0.9972791456776926f,-0.042247264697974574f,-6.207792730972471f,-0.034878236872062776f,-0.0444077092913715f,-0.9984044590987106f,0.9028478181086226f,0f,0f,0f,1f], start_interpolation: 0, interpolation_duration: 1 }
$data merge entity $(bone_rearfootright) { transformation: [-0.9975640502598242f,-0.055331368374436814f,-0.042478292138776276f,-0.5739122261008526f,-0.060410878340834695f,0.3807889992254607f,0.9226864385298839f,-5.525847179579994f,-0.034878236872062776f,0.923004971678205f,-0.3832040329250355f,0.7547706669324363f,0f,0f,0f,1f], start_interpolation: 0, interpolation_duration: 1 }
$data merge entity $(bone_rearlegtipright) { transformation: [-0.9975640502598242f,-0.06810657766418375f,0.015081767405955954f,-0.7053091673691476f,-0.060410878340834695f,0.9515852695841213f,0.30139011345530914f,-4.596874471983131f,-0.034878236872062776f,0.2997448394708202f,-0.9533816338714042f,1.1119219687157154f,0f,0f,0f,1f], start_interpolation: 0, interpolation_duration: 1 }
$data merge entity $(bone_tail11) { transformation: [-0.2937340837125001f,-2.8713341129494266e-17f,2.405311099809757e-17f,5.56200204143315e-16f,0f,0.23338345050851472f,0.22155026161251518f,-6.606010278863521f,-3.5972050541899386e-17f,0.23446222330785998f,-0.19640855644945374f,-4.541719331080303f,0f,0f,0f,1f], start_interpolation: 0, interpolation_duration: 1 }
$data merge entity $(bone_tail10) { transformation: [-0.39164544495000014f,-2.943142191434609e-17f,4.0348829470817344e-17f,5.335039875659803e-16f,0f,0.3731740654079441f,0.2117408548284947f,-6.725114509704549f,-4.796273405586585e-17f,0.24032579789403274f,-0.32947319585459073f,-4.356390658412096f,0f,0f,0f,1f], start_interpolation: 0, interpolation_duration: 1 }
$data merge entity $(bone_tail9) { transformation: [-0.48955680618750014f,-2.434827444655935e-17f,5.748396536901297e-17f,5.011692570459105e-16f,0f,0.5144553007790538f,0.15159541414159514f,-6.810386930159196f,-5.99534175698323e-17f,0.19881874891202567f,-0.46939219870607235f,-4.0923575466399305f,0f,0f,0f,1f], start_interpolation: 0, interpolation_duration: 1 }
$data merge entity $(bone_tail8) { transformation: [-0.5759491837500001f,-1.4427557574516772e-17f,7.201358172918726e-17f,4.606616173232427e-16f,0f,0.6287662355878079f,0.05270842627659489f,-6.840035419939781f,-7.053343243509683e-17f,0.11780994801572013f,-0.5880355199501272f,-3.761587566667984f,0f,0f,0f,1f], start_interpolation: 0, interpolation_duration: 1 }
$data merge entity $(bone_tail7) { transformation: [-0.6775872750000002f,-2.4245822474496235e-18f,8.637139635456022e-17f,4.1207770687380256e-16f,0f,0.739574194405398f,-0.06378315493209613f,-6.804157395290477f,-8.298050874717275e-17f,0.01979821650730408f,-0.7052759735680145f,-3.364869831535976f,0f,0f,0f,1f], start_interpolation: 0, interpolation_duration: 1 }
$data merge entity $(bone_tail6) { transformation: [-0.7971615000000002f,1.1106129095548803e-17f,1.0104491548165387e-16f,3.5523994191537226e-16f,0f,0.8515825361663788f,-0.1936231505259659f,-6.695244373119621f,-9.76241279378503e-17f,-0.09068842627344736f,-0.825094350077143f,-2.900754259617583f,0f,0f,0f,1f], start_interpolation: 0, interpolation_duration: 1 }
$data merge entity $(bone_tail5) { transformation: [-0.8857350000000002f,2.5039396167711398e-17f,1.1013781628297807e-16f,2.932874202561971e-16f,0f,0.9155650912743802f,-0.3214408089654014f,-6.514433918076583f,-1.0847125326427811e-16f,-0.2044621860371889f,-0.8993435197777868f,-2.394873529742578f,0f,0f,0f,1f], start_interpolation: 0, interpolation_duration: 1 }
$data merge entity $(bone_tail4) { transformation: [-0.9841500000000002f,4.046590154472958e-17f,1.187951016047865e-16f,2.264651756035047e-16f,0f,0.9743690553441609f,-0.46157758822212847f,-6.254796524701636f,-1.205236147380868e-16f,-0.3304291618849086f,-0.9700356191474659f,-1.8492284939721282f,0f,0f,0f,1f], start_interpolation: 0, interpolation_duration: 1 }
$data merge entity $(bone_tail3) { transformation: [-1.0935000000000001f,5.940581905869e-17f,1.2615507686535483e-16f,1.5550294486674263e-16f,0f,1.0186637573230932f,-0.6304334067391504f,-5.900177733410864f,-1.339151274867631e-16f,-0.485085325010041f,-1.030134377954435f,-1.2697779063727586f,0f,0f,0f,1f], start_interpolation: 0, interpolation_duration: 1 }
$data merge entity $(bone_tail2) { transformation: [-1.215f,8.40763249871372e-17f,1.3013954397572492e-16f,8.229945138039735e-17f,0f,1.0285426631564782f,-0.844899820762308f,-5.424921584232066f,-1.4879458609640342e-16f,-0.6865352936509892f,-1.062670020991629f,-0.6720260195649672f,0f,0f,0f,1f], start_interpolation: 0, interpolation_duration: 1 }
$data merge entity $(bone_tail1) { transformation: [-1.35f,1.1587685025754304e-16f,1.2731267694004696e-16f,1.068607060162093e-17f,0f,0.9733113399313111f,-1.1135608527012661f,-4.7985436045876035f,-1.6532731788489269e-16f,-0.9462062885251571f,-1.0395868999019717f,-0.08725838837010808f,0f,0f,0f,1f], start_interpolation: 0, interpolation_duration: 1 }
$data merge entity $(bone_tail0) { transformation: [-1.5f,1.541091477311347e-16f,1.1330480201635674e-16f,-1.4520593599796056e-17f,0f,0.8163564007039124f,-1.4261829142646603f,-3.7922266151377544f,-1.8369701987210297e-16f,-1.2583966890570528f,-0.9252039207977675f,0.11856964481437293f,0f,0f,0f,1f], start_interpolation: 0, interpolation_duration: 1 }