# This file was generated by Animated Java via MC-Build. It is not recommended to edit this file directly.
$data merge entity $(bone_leftwing20) { transformation: [-1.6633959067182005f,-2.4338043278440917f,0.24788437302826388f,3.5494141660025464f,-1.7700223533476553f,0.990387809317562f,-2.1535758558536773f,1.5854604906803051f,1.6887483641069416f,-1.3592146968134358f,-2.0130574959010974f,-1.185419292137434f,0f,0f,0f,1f], start_interpolation: 0, interpolation_duration: 1 }
$data merge entity $(bone_leftwing21) { transformation: [-1.3337334107847005f,-2.4336737251048084f,-1.0242969560486028f,3.5494141660025464f,0.31957483257547936f,0.9903346631548365f,-2.769098417683577f,1.5854604906803051f,2.6210349064482723f,-1.3591417586726628f,-0.18359347616736305f,-1.185419292137434f,0f,0f,0f,1f], start_interpolation: 0, interpolation_duration: 1 }
$data merge entity $(bone_leftwing22) { transformation: [-0.1900377558643219f,-2.438373024193599f,-1.6741704868607183f,3.5494141660025464f,2.2181929974589036f,0.9922469485742639f,-1.6969649353813376f,1.5854604906803051f,1.956560668677253f,-1.3617661916696508f,1.7612743573490184f,-1.185419292137434f,0f,0f,0f,1f], start_interpolation: 0, interpolation_duration: 1 }
$data merge entity $(bone_leftwing23) { transformation: [1.0552027154600487f,-2.399525393649104f,-1.2789720712209836f,3.5494141660025464f,2.717583844782758f,0.9764386852426666f,0.41018286773312973f,1.5854604906803051f,0.09071780589245217f,-1.3400708278442321f,2.5890007532828903f,-1.185419292137434f,0f,0f,0f,1f], start_interpolation: 0, interpolation_duration: 1 }
$data merge entity $(bone_leftwing1) { transformation: [-1.1008716691717197f,-1.6453888413593858f,0.28421317482672936f,1.898106662244967f,-1.3422665648033094f,0.6695579555949714f,-1.322880422831408f,-0.4279393565246591f,0.9931777469447216f,-0.9189057105217593f,-1.4728239060201007f,0.3043473282796485f,0f,0f,0f,1f], start_interpolation: 0, interpolation_duration: 1 }
$data merge entity $(bone_leftwing) { transformation: [-0.8070711081633115f,-0.8300981818968491f,-0.14382053361985925f,0.6874999999999998f,-0.27271979754244663f,0.4458690312686533f,-1.0430416243348446f,-0.837019052838329f,0.7971017811469011f,-0.6879309024009674f,-0.5024847610876766f,1.5f,0f,0f,0f,1f], start_interpolation: 0, interpolation_duration: 1 }
$data merge entity $(bone_rightwing20) { transformation: [-1.6633959067182003f,2.433804327844092f,-0.24788437302826327f,-3.5494141660025464f,1.7700223533476553f,0.990387809317562f,-2.1535758558536773f,1.5854604906803051f,-1.688748364106942f,-1.359214696813435f,-2.0130574959010974f,-1.1854192921374347f,0f,0f,0f,1f], start_interpolation: 0, interpolation_duration: 1 }
$data merge entity $(bone_rightwing21) { transformation: [-1.3338049853902538f,2.433804327844092f,1.024351924792736f,-3.5494141660025464f,-0.31959198251144233f,0.990387809317562f,-2.7692470209392077f,1.5854604906803051f,-2.6211755638975465f,-1.359214696813435f,-0.1836033286840148f,-1.1854192921374347f,0f,0f,0f,1f], start_interpolation: 0, interpolation_duration: 1 }
$data merge entity $(bone_rightwing22) { transformation: [-0.18968168860436088f,2.433804327844092f,1.671033650734382f,-3.5494141660025464f,-2.2140368449139727f,0.990387809317562f,-1.6937853900744488f,1.5854604906803051f,-1.9528947277010844f,-1.359214696813435f,1.757974317672127f,-1.1854192921374347f,0f,0f,0f,1f], start_interpolation: 0, interpolation_duration: 1 }
$data merge entity $(bone_rightwing23) { transformation: [1.0552027154600487f,2.399525393649105f,1.2789720712209829f,-3.5494141660025464f,-2.717583844782758f,0.9764386852426666f,0.41018286773312973f,1.5854604906803051f,-0.090717805892452f,-1.3400708278442315f,2.5890007532828903f,-1.1854192921374347f,0f,0f,0f,1f], start_interpolation: 0, interpolation_duration: 1 }
$data merge entity $(bone_rightwing1) { transformation: [-1.1008716691717195f,1.6453888413593862f,-0.2842131748267289f,-1.898106662244967f,1.3422665648033094f,0.6695579555949714f,-1.322880422831408f,-0.4279393565246591f,-0.9931777469447217f,-0.9189057105217588f,-1.4728239060201007f,0.30434732827964783f,0f,0f,0f,1f], start_interpolation: 0, interpolation_duration: 1 }
$data merge entity $(bone_rightwing) { transformation: [-0.8070711081633113f,0.8300981818968494f,0.14382053361985936f,-0.6875000000000002f,0.27271979754244663f,0.4458690312686533f,-1.0430416243348446f,-0.837019052838329f,-0.7971017811469013f,-0.6879309024009671f,-0.5024847610876765f,1.4999999999999998f,0f,0f,0f,1f], start_interpolation: 0, interpolation_duration: 1 }
$data merge entity $(bone_head) { transformation: [-1.2269070000000002f,-9.285892379017893e-18f,1.4996555607531874e-16f,-4.679641970962096e-16f,0f,1.2245616955005363f,0.07582506552487708f,0.2068091130171833f,-1.5025277304014817e-16f,0.07582506552487708f,-1.2245616955005363f,3.8212176557520463f,0f,0f,0f,1f], start_interpolation: 0, interpolation_duration: 1 }
$data merge entity $(bone_neck4) { transformation: [-1.0497600000000002f,1.0185339413140337e-17f,1.2815440897387467e-16f,-4.596362546786818e-16f,0f,1.046460163559818f,-0.0831696079247646f,0.23431289263312982f,-1.2855852238729257e-16f,-0.0831696079247646f,-1.046460163559818f,3.7532148452819087f,0f,0f,0f,1f], start_interpolation: 0, interpolation_duration: 1 }
$data merge entity $(bone_neck3) { transformation: [-1.1664000000000003f,3.304206977195038e-17f,1.3896865795862077e-16f,-3.988374668217852e-16f,0f,1.1347652078572874f,-0.26980897508535157f,0.1162714660332885f,-1.428428026525473e-16f,-0.26980897508535157f,-1.1347652078572874f,3.2567550668443457f,0f,0f,0f,1f], start_interpolation: 0, interpolation_duration: 1 }
$data merge entity $(bone_neck2) { transformation: [-1.2960000000000003f,6.930658415489369e-17f,1.4278236117929424e-16f,-3.6314187652696165e-16f,0f,1.1659064579167224f,-0.5659312072929732f,-0.025211335789954797f,-1.58714225169497e-16f,-0.5659312072929732f,-1.1659064579167224f,2.965278452365165f,0f,0f,0f,1f], start_interpolation: 0, interpolation_duration: 1 }
$data merge entity $(bone_neck1) { transformation: [-1.4400000000000002f,1.13064119665142e-16f,1.3533485765915127e-16f,-3.2930816211217385e-16f,0f,1.1050929766311126f,-0.9232386002548788f,-0.2560209858536745f,-1.7634913907721887e-16f,-0.9232386002548788f,-1.1050929766311126f,2.6890052082073868f,0f,0f,0f,1f], start_interpolation: 0, interpolation_duration: 1 }
$data merge entity $(bone_neck0) { transformation: [-1.6f,1.5401729217962355e-16f,1.211301950208949e-16f,-3.086516941181766e-16f,0f,0.9891031038927344f,-1.2576466315582286f,-0.6322515877365276f,-1.9594348786357652e-16f,-1.2576466315582286f,-0.9891031038927344f,2.5203323467065926f,0f,0f,0f,1f], start_interpolation: 0, interpolation_duration: 1 }
$data merge entity $(bone_frontlegl) { transformation: [-0.9925461516413221f,-0.11720213011848257f,0.03340355606356984f,0.4284547432160719f,-0.10554194733138723f,0.963697932865369f,0.24524924371853463f,-0.9027297478315724f,-0.06093467170257386f,0.239895716691034f,-0.9688844156543105f,2.132200874878164f,0f,0f,0f,1f], start_interpolation: 0, interpolation_duration: 1 }
$data merge entity $(bone_frontlegtipleft) { transformation: [-0.9925461516413221f,-0.09210425038411955f,0.07980566347810904f,0.801935124176187f,-0.10554194733138723f,0.9770537499805549f,-0.18500504588371047f,-1.8902482198586843f,-0.06093467170257386f,-0.1920488914576559f,-0.9794918014329599f,1.8618803527222396f,0f,0f,0f,1f], start_interpolation: 0, interpolation_duration: 1 }
$data merge entity $(bone_frontfootleftd) { transformation: [-0.9925461516413221f,-0.06259950089294375f,-0.10456308789413252f,0.9689762740836516f,-0.10554194733138723f,0.012530800365893324f,0.9943358971673951f,-3.7446052609982696f,-0.06093467170257364f,0.9979600600876491f,-0.019044270906367122f,2.1792104067435085f,0f,0f,0f,1f], start_interpolation: 0, interpolation_duration: 1 }
$data merge entity $(bone_frontfootleft) { transformation: [0.9925461516413221f,0.10092468557194101f,-0.06831064854183871f,0.9424213009164256f,0.10554194733138729f,-0.43158127039667415f,0.8958786214640303f,-3.3165385638325557f,0.06093467170257375f,-0.8964105169424317f,-0.43901611690176223f,2.0439515114015347f,0f,0f,0f,1f], start_interpolation: 0, interpolation_duration: 1 }
$data merge entity $(bone_frontlegr) { transformation: [-0.9925461516413221f,0.11720213011848252f,-0.033403556063569595f,-0.8732859929982784f,0.10554194733138723f,0.963697932865369f,0.24524924371853463f,-0.8825787129712723f,0.06093467170257361f,0.239895716691034f,-0.9688844156543105f,2.17722055456373f,0f,0f,0f,1f], start_interpolation: 0, interpolation_duration: 1 }
$data merge entity $(bone_frontlegtipright) { transformation: [-0.9925461516413221f,0.0921042503841196f,-0.0798056634781088f,-0.7525316525678108f,0.10554194733138723f,0.9770537499805549f,-0.18500504588371047f,-1.8938494809329343f,0.06093467170257361f,-0.1920488914576559f,-0.9794918014329599f,1.7929687431145966f,0f,0f,0f,1f], start_interpolation: 0, interpolation_duration: 1 }
$data merge entity $(bone_frontfootrightd) { transformation: [-0.9925461516413221f,0.06259950089294393f,0.10456308789413252f,-0.9333327819706685f,0.10554194733138723f,0.012530800365893324f,0.9943358971673951f,-3.69946885705093f,0.060934671702573835f,0.9979600600876491f,-0.019044270906367122f,2.1490077482882404f,0f,0f,0f,1f], start_interpolation: 0, interpolation_duration: 1 }
$data merge entity $(bone_frontfootright) { transformation: [0.9925461516413221f,-0.10092468557194093f,0.06831064854183864f,-0.8854414522425332f,-0.10554194733138718f,-0.43158127039667415f,0.8958786214640303f,-3.263485442931697f,-0.060934671702573724f,-0.8964105169424317f,-0.43901611690176223f,2.0003209127226422f,0f,0f,0f,1f], start_interpolation: 0, interpolation_duration: 1 }
$data merge entity $(bone_rearlegl) { transformation: [-1.080694387781476f,0.04662081665341855f,-0.059474791158100136f,0.00042817706246123244f,0.0654451182025709f,1.003689727653947f,-0.40241145388334604f,-3.2932351513738696f,0.03778475661140106f,-0.4050241241798138f,-1.0040611944056512f,0.3189186658078529f,0f,0f,0f,1f], start_interpolation: 0, interpolation_duration: 1 }
$data merge entity $(bone_rearfootleftd) { transformation: [-0.9975640502598242f,0.03687024367411181f,0.05921613598189645f,0.533810130776729f,0.06041087834083468f,0.03217935620972806f,0.9976547573244045f,-6.205258937655332f,0.03487823687206252f,0.9988018192641317f,-0.03432833272032376f,0.9066942703078139f,0f,0f,0f,1f], start_interpolation: 0, interpolation_duration: 1 }
$data merge entity $(bone_rearfootleft) { transformation: [-0.9975640502598242f,0.054899807222861696f,0.043034599987770955f,0.5702588941711793f,0.06041087834083468f,0.3714567266615507f,0.9264828255267201f,-5.521869904273018f,0.03487823687206252f,0.9268257179129087f,-0.37386842231982864f,0.7655129447020453f,0f,0f,0f,1f], start_interpolation: 0, interpolation_duration: 1 }
$data merge entity $(bone_rearlegtipleft) { transformation: [-0.9975640502598242f,0.06825533203951506f,-0.014393584591420655f,0.5770660721064191f,0.06041087834083468f,0.9484948015726778f,0.31097931951770563f,-4.589035630273894f,0.03487823687206252f,0.30935226043748554f,-0.9503076804671814f,1.1364393249732336f,0f,0f,0f,1f], start_interpolation: 0, interpolation_duration: 1 }
$data merge entity $(bone_rearlegr) { transformation: [-1.080694387781476f,-0.04662081665341845f,0.05947479115810038f,-1.374849888571085f,-0.0654451182025709f,1.003689727653947f,-0.40241145388334604f,-3.382634896542529f,-0.03778475661140132f,-0.4050241241798138f,-1.0040611944056512f,0.23907034711136355f,0f,0f,0f,1f], start_interpolation: 0, interpolation_duration: 1 }
$data merge entity $(bone_rearfootrightd) { transformation: [-0.9975640502598242f,-0.03687024367411205f,-0.05921613598189643f,-0.5365812731780946f,-0.06041087834083468f,0.03217935620972806f,0.9976547573244045f,-6.2115937251053435f,-0.03487823687206276f,0.9988018192641317f,-0.03432833272032376f,0.8748035273104107f,0f,0f,0f,1f], start_interpolation: 0, interpolation_duration: 1 }
$data merge entity $(bone_rearfootright) { transformation: [-0.9975640502598242f,-0.05489980722286191f,-0.04303459998777085f,-0.5730300365725448f,-0.06041087834083468f,0.3714567266615507f,0.9264828255267201f,-5.52820469172303f,-0.03487823687206276f,0.9268257179129087f,-0.37386842231982864f,0.733622201704642f,0f,0f,0f,1f], start_interpolation: 0, interpolation_duration: 1 }
$data merge entity $(bone_rearlegtipright) { transformation: [-0.9975640502598242f,-0.06825533203951512f,0.014393584591420884f,-0.7045327207902627f,-0.06041087834083468f,0.9484948015726778f,0.31097931951770563f,-4.602921777516511f,-0.03487823687206276f,0.30935226043748554f,-0.9503076804671814f,1.1001888023668225f,0f,0f,0f,1f], start_interpolation: 0, interpolation_duration: 1 }
$data merge entity $(bone_tail11) { transformation: [-0.2937340837125001f,-2.885434845575925e-17f,2.3742637024779817e-17f,5.381503846163859e-16f,0f,0.2314488041293966f,0.22457070354164185f,-6.8761453687530025f,-3.5972050541899386e-17f,0.23561363550575365f,-0.19387334406385875f,-4.394331369592171f,0f,0f,0f,1f], start_interpolation: 0, interpolation_duration: 1 }
$data merge entity $(bone_tail10) { transformation: [-0.39164544495000014f,-2.9722495716521546e-17f,3.998574612503444e-17f,5.15658402421054e-16f,0f,0.37159260461425103f,0.2163534204638904f,-6.997844167763941f,-4.796273405586585e-17f,0.24270259586041867f,-0.3265083953420208f,-4.210670397212285f,0f,0f,0f,1f], start_interpolation: 0, interpolation_duration: 1 }
$data merge entity $(bone_tail9) { transformation: [-0.48955680618750014f,-2.413297727437438e-17f,5.741230086284384e-17f,4.833639831857043e-16f,0f,0.5156590900433229f,0.15161173776537223f,-7.083125770256963f,-5.99534175698323e-17f,0.19706071408651613f,-0.46880701360438376f,-3.946966452059819f,0f,0f,0f,1f], start_interpolation: 0, interpolation_duration: 1 }
$data merge entity $(bone_tail8) { transformation: [-0.5759491837500001f,-1.2686137761134928e-17f,7.216182421537866e-17f,4.4277295706455386e-16f,0f,0.6311183367359916f,0.03921698507036249f,-7.1051853243590415f,-7.053343243509683e-17f,0.1035901761223522f,-0.5892460117122791f,-3.615515570471662f,0f,0f,0f,1f], start_interpolation: 0, interpolation_duration: 1 }
$data merge entity $(bone_tail7) { transformation: [-0.6775872750000002f,1.803249542147873e-18f,8.617932222302413e-17f,3.942970883141028e-16f,0f,0.7373656218913907f,-0.09856586353992569f,-7.049742026117833f,-8.298050874717275e-17f,-0.014724649943178486f,-0.7037075692601779f,-3.219680062762812f,0f,0f,0f,1f], start_interpolation: 0, interpolation_duration: 1 }
$data merge entity $(bone_tail6) { transformation: [-0.7971615000000002f,1.8368121314005212e-17f,9.973226820044684e-17f,3.381976874513514e-16f,0f,0.8376274064429f,-0.2537008476338488f,-6.907035299323794f,-9.76241279378503e-17f,-0.14998709282377432f,-0.8143757716092861f,-2.761593691232589f,0f,0f,0f,1f], start_interpolation: 0, interpolation_duration: 1 }
$data merge entity $(bone_tail5) { transformation: [-0.8857350000000002f,3.4666167226001063e-17f,1.0721215410069243e-16f,2.778908507697119e-16f,0f,0.8860617660794293f,-0.400691339190859f,-6.681646421028936f,-1.0847125326427811e-16f,-0.2830707372128601f,-0.8754536750950372f,-2.2691509989916305f,0f,0f,0f,1f], start_interpolation: 0, interpolation_duration: 1 }
$data merge entity $(bone_tail4) { transformation: [-0.9841500000000002f,5.1393238529374985e-17f,1.1416235198203387e-16f,2.1367452777981786e-16f,0f,0.9295396348861746f,-0.5508505399034531f,-6.371792992333243f,-1.205236147380868e-16f,-0.4196576397795427f,-0.9322063476711665f,-1.7447849284265995f,0f,0f,0f,1f], start_interpolation: 0, interpolation_duration: 1 }
$data merge entity $(bone_tail3) { transformation: [-1.0935000000000001f,7.00818323227354e-17f,1.2016461120664778e-16f,1.4608193397607848e-16f,0f,0.9629961985122688f,-0.7169183801482814f,-5.968526403499835f,-1.339151274867631e-16f,-0.5722615889865478f,-0.9812185136997138f,-1.1928495144705105f,0f,0f,0f,1f], start_interpolation: 0, interpolation_duration: 1 }
$data merge entity $(bone_tail2) { transformation: [-1.215f,9.279641998387167e-17f,1.2360802644380936e-16f,7.655241910143572e-17f,0f,0.970625043285313f,-0.915047143543589f,-5.453812385256566f,-1.4879458609640342e-16f,-0.7577402729381251f,-1.0093361329149766f,-0.625097939705836f,0f,0f,0f,1f], start_interpolation: 0, interpolation_duration: 1 }
$data merge entity $(bone_tail1) { transformation: [-1.35f,1.2134699534110724e-16f,1.2152728803823434e-16f,8.193319579928909e-18f,0f,0.9252492897118536f,-1.1579006058694195f,-4.802493294455018f,-1.6532731788489269e-16f,-0.9908734128533528f,-0.9923456144485607f,-0.06690353157852075f,0f,0f,0f,1f], start_interpolation: 0, interpolation_duration: 1 }
$data merge entity $(bone_tail0) { transformation: [-1.5f,1.560957813388117e-16f,1.0975619291453847e-16f,-1.4520593599796056e-17f,0f,0.7907888192571235f,-1.4445679546719692f,-3.7922266151377544f,-1.8369701987210297e-16f,-1.2746187835340905f,-0.8962273284914067f,0.11856964481437293f,0f,0f,0f,1f], start_interpolation: 0, interpolation_duration: 1 }