# This file was generated by Animated Java via MC-Build. It is not recommended to edit this file directly.
$data merge entity $(bone_leftwing20) { transformation: [-2.442702514483827f,-1.6361190682307927f,0.32871709936829147f,4.73914057154059f,-1.4205506018058538f,1.7327680470399476f,-1.9316539529578025f,0.8932996689448158f,0.8757719592191376f,-1.7528164196059097f,-2.2163921552190406f,0.20369235939365304f,0f,0f,0f,1f], start_interpolation: 0, interpolation_duration: 1 }
$data merge entity $(bone_leftwing21) { transformation: [-1.9331992960015985f,-1.636031270855441f,-1.5287050167384788f,4.73914057154059f,0.40269659198618357f,1.7326750632898176f,-2.3635713328215164f,0.8932996689448158f,2.2025832111911177f,-1.7527223600205757f,-0.9096089225278451f,0.20369235939365304f,0f,0f,0f,1f], start_interpolation: 0, interpolation_duration: 1 }
$data merge entity $(bone_leftwing22) { transformation: [-0.24372442358129917f,-1.6391903632929585f,-2.457290689170067f,4.73914057154059f,1.9837706660245829f,1.7360207699316301f,-1.3548099511853373f,0.8932996689448158f,2.188578653559152f,-1.7561067769637273f,0.9543776181007823f,0.20369235939365304f,0f,0f,0f,1f], start_interpolation: 0, interpolation_duration: 1 }
$data merge entity $(bone_leftwing23) { transformation: [1.5728576665618472f,-1.6130751376923307f,-1.8523098567304908f,4.73914057154059f,2.315130319598973f,1.7083628632788213f,0.47813426470792475f,0.8932996689448158f,0.8205088716495527f,-1.7281288644001924f,2.201653983716724f,0.20369235939365304f,0f,0f,0f,1f], start_interpolation: 0, interpolation_duration: 1 }
$data merge entity $(bone_leftwing1) { transformation: [-1.619128456075629f,-1.1061086658461696f,0.3936326486283327f,2.310447887427147f,-1.0916156594312563f,1.171448820534049f,-1.1983667689625948f,-0.7441238202020686f,0.43220168302612316f,-1.1850026498744177f,-1.5520858304166025f,0.8519948839328377f,0f,0f,0f,1f], start_interpolation: 0, interpolation_duration: 1 }
$data merge entity $(bone_leftwing) { transformation: [-1.0819652582847645f,-0.3744295425131975f,-0.22419814599869373f,0.6874999999999998f,-0.06193015509084029f,0.7250038123456888f,-0.9119458531545352f,-0.837019052838329f,0.4320034107114415f,-0.8338363753691046f,-0.692243500046123f,1.5f,0f,0f,0f,1f], start_interpolation: 0, interpolation_duration: 1 }
$data merge entity $(bone_rightwing20) { transformation: [-2.442702514483827f,1.6361190682307933f,-0.32871709936829124f,-4.73914057154059f,1.4205506018058538f,1.7327680470399476f,-1.9316539529578025f,0.8932996689448158f,-0.875771959219138f,-1.7528164196059097f,-2.2163921552190406f,0.20369235939365204f,0f,0f,0f,1f], start_interpolation: 0, interpolation_duration: 1 }
$data merge entity $(bone_rightwing21) { transformation: [-1.9333030408549174f,1.6361190682307933f,1.5287870544663313f,-4.73914057154059f,-0.4027182026390294f,1.7327680470399476f,-2.363698173526321f,0.8932996689448158f,-2.2027014124922673f,-1.7528164196059097f,-0.9096577365556798f,0.20369235939365204f,0f,0f,0f,1f], start_interpolation: 0, interpolation_duration: 1 }
$data merge entity $(bone_rightwing22) { transformation: [-0.2432677654435762f,1.6361190682307933f,2.4526865474370756f,-4.73914057154059f,-1.9800537426046627f,1.7327680470399476f,-1.3522714899996031f,0.8932996689448158f,-2.1844779884000824f,-1.7528164196059097f,0.9525894333166638f,0.20369235939365204f,0f,0f,0f,1f], start_interpolation: 0, interpolation_duration: 1 }
$data merge entity $(bone_rightwing23) { transformation: [1.572857666561847f,1.6130751376923314f,1.8523098567304905f,-4.73914057154059f,-2.315130319598973f,1.7083628632788213f,0.47813426470792475f,0.8932996689448158f,-0.8205088716495523f,-1.7281288644001924f,2.201653983716724f,0.20369235939365204f,0f,0f,0f,1f], start_interpolation: 0, interpolation_duration: 1 }
$data merge entity $(bone_rightwing1) { transformation: [-1.6191284560756287f,1.10610866584617f,-0.3936326486283325f,-2.310447887427147f,1.0916156594312563f,1.171448820534049f,-1.1983667689625948f,-0.7441238202020686f,-0.4322016830261234f,-1.1850026498744177f,-1.5520858304166025f,0.8519948839328372f,0f,0f,0f,1f], start_interpolation: 0, interpolation_duration: 1 }
$data merge entity $(bone_rightwing) { transformation: [-1.0819652582847645f,0.37442954251319777f,0.22419814599869387f,-0.6875000000000002f,0.06193015509084029f,0.7250038123456888f,-0.9119458531545352f,-0.837019052838329f,-0.43200341071144177f,-0.8338363753691046f,-0.692243500046123f,1.4999999999999998f,0f,0f,0f,1f], start_interpolation: 0, interpolation_duration: 1 }
$data merge entity $(bone_head) { transformation: [-1.2269070000000002f,-8.569053148756716e-18f,1.5000822355587062e-16f,-4.7126093156216145e-16f,0f,1.2249101019192814f,0.06997162900129938f,0.16861476733083772f,-1.5025277304014817e-16f,0.06997162900129938f,-1.2249101019192814f,3.84813753557574f,0f,0f,0f,1f], start_interpolation: 0, interpolation_duration: 1 }
$data merge entity $(bone_neck4) { transformation: [-1.0497600000000002f,1.0613204242986661e-17f,1.2811968456915842e-16f,-4.629217886439957e-16f,0f,1.0461766172774087f,-0.08666338939828175f,0.19589132478336413f,-1.2855852238729257e-16f,-0.08666338939828175f,-1.0461766172774087f,3.7800432660772056f,0f,0f,0f,1f], start_interpolation: 0, interpolation_duration: 1 }
$data merge entity $(bone_neck3) { transformation: [-1.1664000000000003f,3.036365081355746e-17f,1.3957834709906447e-16f,-4.0185626178815506e-16f,0f,1.139743697499102f,-0.24793802453652586f,0.08741843904863408f,-1.428428026525473e-16f,-0.24793802453652586f,-1.139743697499102f,3.2814053984213487f,0f,0f,0f,1f], start_interpolation: 0, interpolation_duration: 1 }
$data merge entity $(bone_neck2) { transformation: [-1.2960000000000003f,6.330973054243519e-17f,1.4554065854529461e-16f,-3.654710971518314e-16f,0f,1.1884296651624424f,-0.5169631814374059f,-0.0418223563107174f,-1.58714225169497e-16f,-0.5169631814374059f,-1.1884296651624424f,2.9842979821307383f,0f,0f,0f,1f], start_interpolation: 0, interpolation_duration: 1 }
$data merge entity $(bone_neck1) { transformation: [-1.4400000000000002f,1.0699754059744974e-16f,1.40180402194363e-16f,-3.3042599660324063e-16f,0f,1.1446598504316678f,-0.8737012228500949f,-0.2602476620232411f,-1.7634913907721887e-16f,-0.8737012228500949f,-1.1446598504316678f,2.6981330195228215f,0f,0f,0f,1f], start_interpolation: 0, interpolation_duration: 1 }
$data merge entity $(bone_neck0) { transformation: [-1.6f,1.5101653108042014e-16f,1.2485134271036115e-16f,-3.086516941181766e-16f,0f,1.019488580685366f,-1.2331435576818044f,-0.6322515877365276f,-1.9594348786357652e-16f,-1.2331435576818044f,-1.019488580685366f,2.5203323467065926f,0f,0f,0f,1f], start_interpolation: 0, interpolation_duration: 1 }
$data merge entity $(bone_frontlegl) { transformation: [-0.9925461516413221f,-0.11760087420257148f,0.03197141299337149f,0.428388815992105f,-0.10554194733138722f,0.9606346275267487f,0.2569863999320656f,-0.9025610659105731f,-0.06093467170257385f,0.25169653709047296f,-0.9658860279562822f,2.1329825775227174f,0f,0f,0f,1f], start_interpolation: 0, interpolation_duration: 1 }
$data merge entity $(bone_frontlegtipleft) { transformation: [-0.9925461516413221f,-0.09307088506745535f,0.07867621759313474f,0.8022458713322894f,-0.10554194733138722f,0.9792377890548338f,-0.17307296103233288f,-1.8864536446855986f,-0.06093467170257385f,-0.180086542639258f,-0.9817615815180071f,1.8502462907477035f,0f,0f,0f,1f], start_interpolation: 0, interpolation_duration: 1 }
$data merge entity $(bone_frontfootleftd) { transformation: [-0.9925461516413221f,-0.061319359477582415f,-0.10531891100491292f,0.9710606841905978f,-0.10554194733138722f,0.0004007362894552502f,0.9944147709904178f,-3.744390652070568f,-0.06093467170257363f,0.9981181170401053f,-0.006869513870299382f,2.1448863771590867f,0f,0f,0f,1f], start_interpolation: 0, interpolation_duration: 1 }
$data merge entity $(bone_frontfootleft) { transformation: [0.9925461516413221f,0.10008390808795237f,-0.06953666805250354f,0.9440161527183446f,0.10554194733138728f,-0.42062103238492743f,0.9010764920188166f,-3.314737838600348f,0.06093467170257374f,-0.9016990398449363f,-0.4280488375491978f,2.0148545126566617f,0f,0f,0f,1f], start_interpolation: 0, interpolation_duration: 1 }
$data merge entity $(bone_frontlegr) { transformation: [-0.9925461516413221f,0.11760087420257143f,-0.03197141299337125f,-0.8732623526582295f,0.10554194733138722f,0.9606346275267487f,0.2569863999320656f,-0.8822401307342219f,0.060934671702573606f,0.25169653709047307f,-0.9658860279562822f,2.1770191831646852f,0f,0f,0f,1f], start_interpolation: 0, interpolation_duration: 1 }
$data merge entity $(bone_frontlegtipright) { transformation: [-0.9925461516413221f,0.09307088506745538f,-0.07867621759313449f,-0.7527555119998962f,0.10554194733138722f,0.9792377890548338f,-0.17307296103233288f,-1.8888751262390788f,0.060934671702573606f,-0.18008654263925788f,-0.9817615815180072f,1.780706530517824f,0f,0f,0f,1f], start_interpolation: 0, interpolation_duration: 1 }
$data merge entity $(bone_frontfootrightd) { transformation: [-0.9925461516413221f,0.06131935947758259f,0.10531891100491289f,-0.9353444515813721f,0.10554194733138722f,0.0004007362894552502f,0.9944147709904178f,-3.698536361746489f,0.06093467170257383f,0.9981181170401054f,-0.00686951387029916f,2.1146251506267277f,0f,0f,0f,1f], start_interpolation: 0, interpolation_duration: 1 }
$data merge entity $(bone_frontfootright) { transformation: [0.9925461516413221f,-0.10008390808795228f,0.06953666805250346f,-0.8869404164934864f,-0.10554194733138716f,-0.42062103238492743f,0.9010764920188166f,-3.2608208695933936f,-0.06093467170257372f,-0.9016990398449365f,-0.4280488375491977f,1.9712895680343812f,0f,0f,0f,1f], start_interpolation: 0, interpolation_duration: 1 }
$data merge entity $(bone_rearlegl) { transformation: [-1.080694387781476f,0.04734283482432758f,-0.05890167501461848f,0.000625893958529633f,0.06544511820257091f,1.0085237569949086f,-0.3901382821403677f,-3.2906728164876293f,0.037784756611401064f,-0.39274622681673477f,-1.0089270660459784f,0.32013553828685537f,0f,0f,0f,1f], start_interpolation: 0, interpolation_duration: 1 }
$data merge entity $(bone_rearfootleftd) { transformation: [-0.9975640502598242f,0.0361451688102524f,0.059661481718887854f,0.5323471266900168f,0.060410878340834695f,0.02000734606029636f,0.9979730617014232f,-6.209862316796341f,0.034878236872062526f,0.9991462519948225f,-0.02214217056646417f,0.8728236905139912f,0f,0f,0f,1f], start_interpolation: 0, interpolation_duration: 1 }
$data merge entity $(bone_rearfootleft) { transformation: [-0.9975640502598242f,0.054370776936570935f,0.043701078299379276f,0.5691879651379115f,0.060410878340834695f,0.36012764505264766f,0.9309450064568386f,-5.524821669225684f,0.034878236872062526f,0.931317291734749f,-0.36253497860006323f,0.7399955541932914f,0f,0f,0f,1f], start_interpolation: 0, interpolation_duration: 1 }
$data merge entity $(bone_rearlegtipleft) { transformation: [-0.9975640502598242f,0.0684258299334053f,-0.013559919879539339f,0.576113536922549f,0.060410878340834695f,0.9446308371910561f,0.32252613414390696f,-4.5965730355223196f,0.034878236872062526f,0.32092131002108487f,-0.946463428436116f,1.1222507182961374f,0f,0f,0f,1f], start_interpolation: 0, interpolation_duration: 1 }
$data merge entity $(bone_rearlegr) { transformation: [-1.080694387781476f,-0.04734283482432749f,0.05890167501461874f,-1.3750685207310414f,-0.06544511820257091f,1.0085237569949086f,-0.3901382821403677f,-3.3796852256657637f,-0.03778475661140133f,-0.39274622681673477f,-1.0089270660459784f,0.24021453839224788f,0f,0f,0f,1f], start_interpolation: 0, interpolation_duration: 1 }
$data merge entity $(bone_rearfootrightd) { transformation: [-0.9975640502598242f,-0.05966148171888787f,0.036145168810252634f,-0.5351391843552704f,-0.060410878340834695f,0.9979730617014233f,-0.02000734606029614f,-6.215809768255827f,-0.03487823687206277f,-0.022142170566463948f,-0.9991462519948225f,0.8408602663184697f,0f,0f,0f,1f], start_interpolation: 0, interpolation_duration: 1 }
$data merge entity $(bone_rearfootright) { transformation: [-0.9975640502598242f,-0.05437077693657118f,-0.0437010782993792f,-0.571980022803165f,-0.060410878340834695f,0.36012764505264766f,0.9309450064568386f,-5.53076912068517f,-0.03487823687206277f,0.931317291734749f,-0.36253497860006323f,0.7080321299977699f,0f,0f,0f,1f], start_interpolation: 0, interpolation_duration: 1 }
$data merge entity $(bone_rearlegtipright) { transformation: [-0.9975640502598242f,-0.0684258299334054f,0.013559919879539572f,-0.7036011008702806f,-0.060410878340834695f,0.9446308371910561f,0.32252613414390696f,-4.61007184677441f,-0.03487823687206277f,0.32092131002108487f,-0.946463428436116f,1.085927514491608f,0f,0f,0f,1f], start_interpolation: 0, interpolation_duration: 1 }
$data merge entity $(bone_tail11) { transformation: [-0.2937340837125001f,-2.9119874537784496e-17f,2.3245948245622198e-17f,5.178723097361919e-16f,0f,0.2280302527528431f,0.22919971089230573f,-7.061734840496528f,-3.5972050541899386e-17f,0.237781820505789f,-0.18981757239562413f,-4.22874832234694f,0f,0f,0f,1f], start_interpolation: 0, interpolation_duration: 1 }
$data merge entity $(bone_tail10) { transformation: [-0.39164544495000014f,-3.0591883470330586e-17f,3.914458844192716e-17f,4.958534787376079e-16f,0f,0.3665542640739989f,0.22686917466063863f,-7.189348751243137f,-4.796273405586585e-17f,0.24980168560951488f,-0.31963982161371884f,-4.048950922689223f,0f,0f,0f,1f], start_interpolation: 0, interpolation_duration: 1 }
$data merge entity $(bone_tail9) { transformation: [-0.48955680618750014f,-2.5276197873853612e-17f,5.672404395427389e-17f,4.639462040133288e-16f,0f,0.5131603696311726f,0.16440313137428555f,-7.281825512641173f,-5.99534175698323e-17f,0.20639581870831558f,-0.46318696944921095f,-3.788408252374042f,0f,0f,0f,1f], start_interpolation: 0, interpolation_duration: 1 }
$data merge entity $(bone_tail8) { transformation: [-0.5759491837500001f,-1.3142946357726761e-17f,7.186782206875254e-17f,4.235205540996555e-16f,0f,0.6323137964755573f,0.045434799537924536f,-7.307382587381255f,-7.053343243509683e-17f,0.10732030138712148f,-0.5868453019988271f,-3.458307769999702f,0f,0f,0f,1f], start_interpolation: 0, interpolation_duration: 1 }
$data merge entity $(bone_tail7) { transformation: [-0.6775872750000002f,3.1482808509570383e-18f,8.58949201491656e-17f,3.7520466151574985e-16f,0f,0.7379052911188292f,-0.10834240377766388f,-7.24643998525632f,-8.298050874717275e-17f,-0.025707664064030578f,-0.7013852500898138f,-3.0637785668241815f,0f,0f,0f,1f], start_interpolation: 0, interpolation_duration: 1 }
$data merge entity $(bone_tail6) { transformation: [-0.7971615000000002f,2.2392293938395178e-17f,9.86102514140315e-17f,3.197363950953571e-16f,0f,0.8293912799543656f,-0.2863487983387303f,-7.0853687861907835f,-9.76241279378503e-17f,-0.18284695598751888f,-0.8052138092606606f,-2.6108457991150598f,0f,0f,0f,1f], start_interpolation: 0, interpolation_duration: 1 }
$data merge entity $(bone_tail5) { transformation: [-0.8857350000000002f,4.12838626560055e-17f,1.044968372488725e-16f,2.609569241428663e-16f,0f,0.8623094988093878f,-0.45486073769957686f,-6.829509621234772f,-1.0847125326427811e-16f,-0.3371083212298351f,-0.8532814303816194f,-2.130874994525399f,0f,0f,0f,1f], start_interpolation: 0, interpolation_duration: 1 }
$data merge entity $(bone_tail4) { transformation: [-0.9841500000000002f,5.991357134287759e-17f,1.0952389178250315e-16f,1.9934973501520828e-16f,0f,0.8880613943877406f,-0.6203015991584038f,-6.48058997170817f,-1.205236147380868e-16f,-0.4892314370526407f,-0.8943304457967634f,-1.6278141187647195f,0f,0f,0f,1f], start_interpolation: 0, interpolation_duration: 1 }
$data merge entity $(bone_tail3) { transformation: [-1.0935000000000001f,7.923456006821408e-17f,1.1385416999139987e-16f,1.3530676439504586e-16f,0f,0.9071498995983672f,-0.7910464646213865f,-6.03562633535864f,-1.339151274867631e-16f,-0.6469992827595704f,-0.9296898507444725f,-1.1048635777209537f,0f,0f,0f,1f], start_interpolation: 0, interpolation_duration: 1 }
$data merge entity $(bone_tail2) { transformation: [-1.215f,1.0095723121828668e-16f,1.1645522575233065e-16f,6.980069990935987e-17f,0f,0.9090530608100834f,-0.9808724391732838f,-5.483885588323668f,-1.4879458609640342e-16f,-0.8243783537308641f,-0.9509290828458566f,-0.5699659686201595f,0f,0f,0f,1f], start_interpolation: 0, interpolation_duration: 1 }
$data merge entity $(bone_tail1) { transformation: [-1.35f,1.2697919126922761e-16f,1.1490185279225494e-16f,5.16840771371648e-18f,0f,0.8710588191375521f,-1.2038549200540767f,-4.80671719579325f,-1.6532731788489269e-16f,-1.0368637827464664f,-0.9382448300379677f,-0.04220325172380268f,0f,0f,0f,1f], start_interpolation: 0, interpolation_duration: 1 }
$data merge entity $(bone_tail0) { transformation: [-1.5f,1.5841179472950888e-16f,1.0540791110380401e-16f,-1.4520593599796056e-17f,0f,0.7594596290984837f,-1.4660011971215552f,-3.7922266151377544f,-1.8369701987210297e-16f,-1.2935304680484314f,-0.8607209129782817f,0.11856964481437293f,0f,0f,0f,1f], start_interpolation: 0, interpolation_duration: 1 }