# This file was generated by Animated Java via MC-Build. It is not recommended to edit this file directly.
$data merge entity $(bone_leftwing20) { transformation: [-2.8309234551330564f,-0.3960382131977395f,0.7620775787121488f,5.1863831577702015f,-0.7922843474007409f,2.2174888336912923f,-1.7907442297629572f,-0.14416041239782262f,-0.33150266236097f,-1.9177155986362224f,-2.2280504883655605f,2.0960921542844897f,0f,0f,0f,1f], start_interpolation: 0, interpolation_duration: 1 }
$data merge entity $(bone_leftwing21) { transformation: [-2.514582462855556f,-0.39601696100629885f,-1.506931474743945f,5.1863831577702015f,0.737747051903655f,2.2173698388679632f,-1.8137797966030689f,-0.14416041239782262f,1.3723706461397707f,-1.9176126902357886f,-1.7861011296508125f,2.0960921542844897f,0f,0f,0f,1f], start_interpolation: 0, interpolation_duration: 1 }
$data merge entity $(bone_leftwing22) { transformation: [-0.6640597639795404f,-0.39678164943795063f,-2.8611559072125345f,5.1863831577702015f,1.8207150934883862f,2.221651466251213f,-0.7306746770566627f,-0.14416041239782262f,2.242464124808122f,-1.9213155019458874f,-0.2540188256318907f,2.0960921542844897f,0f,0f,0f,1f], start_interpolation: 0, interpolation_duration: 1 }
$data merge entity $(bone_leftwing23) { transformation: [1.5714079989690084f,-0.3904602101949544f,-2.425935318485464f,5.1863831577702015f,1.7618544362827553f,2.186256596597049f,0.7893639741153056f,-0.14416041239782262f,1.7127434981839615f,-1.890705519782191f,1.4137491967595106f,2.0960921542844897f,0f,0f,0f,1f], start_interpolation: 0, interpolation_duration: 1 }
$data merge entity $(bone_leftwing1) { transformation: [-1.8495255630746454f,-0.267744144133683f,0.7124382533353592f,2.412094813158233f,-0.6592413791257287f,1.4991473805236906f,-1.1480234908386522f,-1.1330224810864156f,-0.3803366871363095f,-1.2964837849935025f,-1.4746097109632426f,1.5255871235800256f,0f,0f,0f,1f], start_interpolation: 0, interpolation_duration: 1 }
$data merge entity $(bone_leftwing) { transformation: [-1.149729875438822f,0.1579522121870971f,-0.1195132766672569f,0.6874999999999998f,0.1973356188320577f,0.8528215597728066f,-0.7712750169932627f,-0.837019052838329f,-0.017058082386683784f,-0.7802932762513021f,-0.8671577341945406f,1.5f,0f,0f,0f,1f], start_interpolation: 0, interpolation_duration: 1 }
$data merge entity $(bone_rightwing20) { transformation: [-2.830923455133056f,0.39603821319773996f,-0.7620775787121484f,-5.1863831577702015f,0.7922843474007409f,2.2174888336912923f,-1.7907442297629572f,-0.14416041239782262f,0.3315026623609693f,-1.9177155986362224f,-2.228050488365561f,2.096092154284489f,0f,0f,0f,1f], start_interpolation: 0, interpolation_duration: 1 }
$data merge entity $(bone_rightwing21) { transformation: [-2.514717407550243f,0.39603821319773996f,1.507012343997898f,-5.1863831577702015f,-0.7377866429897084f,2.2174888336912923f,-1.8138771328266756f,-0.14416041239782262f,-1.3724442942068267f,-1.9177155986362224f,-1.7861969805028646f,2.096092154284489f,0f,0f,0f,1f], start_interpolation: 0, interpolation_duration: 1 }
$data merge entity $(bone_rightwing22) { transformation: [-0.6628155378543958f,0.39603821319773996f,2.855795056998496f,-5.1863831577702015f,-1.817303681732031f,2.2174888336912923f,-0.7293056368414764f,-0.14416041239782262f,-2.2382624962798947f,-1.9177155986362224f,-0.25354287922424207f,2.096092154284489f,0f,0f,0f,1f], start_interpolation: 0, interpolation_duration: 1 }
$data merge entity $(bone_rightwing23) { transformation: [1.5714079989690088f,0.39046021019495486f,2.4259353184854637f,-5.1863831577702015f,-1.7618544362827553f,2.186256596597049f,0.7893639741153056f,-0.14416041239782262f,-1.712743498183961f,-1.890705519782191f,1.4137491967595113f,2.096092154284489f,0f,0f,0f,1f], start_interpolation: 0, interpolation_duration: 1 }
$data merge entity $(bone_rightwing1) { transformation: [-1.8495255630746454f,0.26774414413368336f,-0.7124382533353588f,-2.412094813158233f,0.6592413791257287f,1.4991473805236906f,-1.1480234908386522f,-1.1330224810864156f,0.3803366871363091f,-1.2964837849935025f,-1.4746097109632428f,1.525587123580025f,0f,0f,0f,1f], start_interpolation: 0, interpolation_duration: 1 }
$data merge entity $(bone_rightwing) { transformation: [-1.149729875438822f,-0.1579522121870969f,0.1195132766672571f,-0.6875000000000002f,-0.1973356188320577f,0.8528215597728066f,-0.7712750169932627f,-0.837019052838329f,0.017058082386683493f,-0.7802932762513021f,-0.8671577341945406f,1.4999999999999998f,0f,0f,0f,1f], start_interpolation: 0, interpolation_duration: 1 }
$data merge entity $(bone_head) { transformation: [-1.2269070000000002f,-6.71443607102327e-18f,1.501026720431799e-16f,-4.738732985153868e-16f,0f,1.2256813323456788f,0.05482753129880484f,0.14546176156207374f,-1.5025277304014817e-16f,0.05482753129880484f,-1.2256813323456788f,3.8694691305714906f,0f,0f,0f,1f], start_interpolation: 0, interpolation_duration: 1 }
$data merge entity $(bone_neck4) { transformation: [-1.0497600000000002f,1.260344077510059e-17f,1.2793923150868357e-16f,-4.654832390218722e-16f,0f,1.044703106216093f,-0.10291490398599495f,0.17167655213220195f,-1.2855852238729257e-16f,-0.10291490398599495f,-1.044703106216093f,3.8009590956834223f,0f,0f,0f,1f], start_interpolation: 0, interpolation_duration: 1 }
$data merge entity $(bone_neck3) { transformation: [-1.1664000000000003f,3.0180015566507876e-17f,1.3961816833793486e-16f,-4.0440029037402565e-16f,0f,1.1400688625907687f,-0.24643852894990112f,0.0638596957166202f,-1.428428026525473e-16f,-0.24643852894990112f,-1.1400688625907687f,3.302178968299961f,0f,0f,0f,1f], start_interpolation: 0, interpolation_duration: 1 }
$data merge entity $(bone_neck2) { transformation: [-1.2960000000000003f,5.94248494325792e-17f,1.47169604677967e-16f,-3.676078892045339e-16f,0f,1.2017310197555098f,-0.4852407198055235f,-0.05745048423476068f,-1.58714225169497e-16f,-0.4852407198055235f,-1.2017310197555098f,3.0017462133610837f,0f,0f,0f,1f], start_interpolation: 0, interpolation_duration: 1 }
$data merge entity $(bone_neck1) { transformation: [-1.4400000000000002f,1.0160970038313628e-16f,1.4413357569048777e-16f,-3.31574495281912e-16f,0f,1.1769399617166285f,-0.8297061687817329f,-0.2648770264301939f,-1.7634913907721887e-16f,-0.8297061687817329f,-1.1769399617166285f,2.7075112229319265f,0f,0f,0f,1f], start_interpolation: 0, interpolation_duration: 1 }
$data merge entity $(bone_neck0) { transformation: [-1.6f,1.4780125277463571e-16f,1.286415178486005e-16f,-3.086516941181766e-16f,0f,1.0504377093719244f,-1.2068888178823536f,-0.6322515877365276f,-1.9594348786357652e-16f,-1.2068888178823536f,-1.0504377093719244f,2.5203323467065926f,0f,0f,0f,1f], start_interpolation: 0, interpolation_duration: 1 }
$data merge entity $(bone_frontlegl) { transformation: [-0.992546151641322f,-0.11799690506614927f,0.030477323649099063f,0.4283212087698784f,-0.10554194733138723f,0.9572980349154279f,0.26914934460362155f,-0.902395783075252f,-0.06093467170257386f,0.2639265101157338f,-0.962616103668866f,2.1337975325320153f,0f,0f,0f,1f], start_interpolation: 0, interpolation_duration: 1 }
$data merge entity $(bone_frontlegtipleft) { transformation: [-0.992546151641322f,-0.09406124036458444f,0.07748948266105306f,0.8025500672179563f,-0.10554194733138723f,0.981354091723766f,-0.1606394845936725f,-1.88235899557154f,-0.06093467170257386f,-0.16762049313284433f,-0.9839666336143729f,1.8381991970933154f,0f,0f,0f,1f], start_interpolation: 0, interpolation_duration: 1 }
$data merge entity $(bone_frontfootleftd) { transformation: [-0.992546151641322f,-0.05997868032310869f,-0.10608814622143269f,0.9731807198443391f,-0.10554194733138723f,-0.012211339806083854f,0.9943398717408646f,-3.7437252233054568f,-0.06093467170257364f,0.9981249626609078f,0.005790051611245295f,2.1092012111216447f,0f,0f,0f,1f], start_interpolation: 0, interpolation_duration: 1 }
$data merge entity $(bone_frontfootleft) { transformation: [0.992546151641322f,0.09919393298041045f,-0.0708004274131139f,0.9456331033160803f,0.10554194733138729f,-0.4091589558181897f,0.9063387039221414f,-3.312490892270858f,0.06093467170257375f,-0.9070554076425796f,-0.4165782678571376f,1.9846246758023467f,0f,0f,0f,1f], start_interpolation: 0, interpolation_duration: 1 }
$data merge entity $(bone_frontlegr) { transformation: [-0.992546151641322f,0.1179969050661492f,-0.03047732364909883f,-0.873237233140587f,0.10554194733138723f,0.9572980349154279f,0.26914934460362155f,-0.8818855560790314f,0.06093467170257362f,0.2639265101157338f,-0.962616103668866f,2.1768142059543867f,0f,0f,0f,1f], start_interpolation: 0, interpolation_duration: 1 }
$data merge entity $(bone_frontlegtipright) { transformation: [-0.992546151641322f,0.09406124036458448f,-0.07748948266105282f,-0.7529675874018117f,0.10554194733138723f,0.981354091723766f,-0.1606394845936725f,-1.8835459199733093f,0.06093467170257362f,-0.16762049313284433f,-0.9839666336143729f,1.7680216434173959f,0f,0f,0f,1f], start_interpolation: 0, interpolation_duration: 1 }
$data merge entity $(bone_frontfootrightd) { transformation: [-0.992546151641322f,0.05997868032310891f,0.10608814622143267f,-0.9373882165897883f,0.10554194733138723f,-0.012211339806083854f,0.9943398717408646f,-3.6971238857626054f,0.06093467170257384f,0.9981249626609078f,0.005790051611245295f,2.078888409966345f,0f,0f,0f,1f], start_interpolation: 0, interpolation_duration: 1 }
$data merge entity $(bone_frontfootright) { transformation: [0.992546151641322f,-0.09919393298041039f,0.07080042741311382f,-0.8884570860841594f,-0.10554194733138718f,-0.4091589558181897f,0.9063387039221414f,-3.25767673957779f,-0.06093467170257373f,-0.9070554076425796f,-0.4165782678571376f,1.9411392099753253f,0f,0f,0f,1f], start_interpolation: 0, interpolation_duration: 1 }
$data merge entity $(bone_rearlegl) { transformation: [-1.080694387781476f,0.04808606990911763f,-0.058296493971994136f,0.0008316560091005121f,0.06544511820257091f,1.0133907177275308f,-0.37731591649205953f,-3.2880246686097867f,0.03778475661140108f,-0.37991853628835587f,-1.0138270705911543f,0.32143388044349464f,0f,0f,0f,1f], start_interpolation: 0, interpolation_duration: 1 }
$data merge entity $(bone_rearfootleftd) { transformation: [-0.9975640502598242f,0.035385582166974065f,0.06011510795065712f,0.5308505001846958f,0.060410878340834695f,0.007348563609774095f,0.9981465445469229f,-6.214210529190088f,0.03487823687206253f,0.9993467162039298f,-0.009468336977466907f,0.8375495029749712f,0f,0f,0f,1f], start_interpolation: 0, interpolation_duration: 1 }
$data merge entity $(bone_rearfootleft) { transformation: [-0.9975640502598242f,0.053812148281840756f,0.044387141454570095f,0.5680931784699429f,0.060410878340834695f,0.34829161522344004f,0.9354375855946436f,-5.52756073719084f,0.03487823687206253f,0.9358403728533732f,-0.3506940334969444f,0.7134274015524936f,0f,0f,0f,1f], start_interpolation: 0, interpolation_duration: 1 }
$data merge entity $(bone_rearlegtipleft) { transformation: [-0.9975640502598242f,0.06859230522339149f,-0.01269099260719715f,0.5751309175900452f,0.060410878340834695f,0.940464299152749f,0.33448083322847927f,-4.604225810218569f,0.03487823687206253f,0.33289938071926467f,-0.9423170967935509f,1.1074014906258591f,0f,0f,0f,1f], start_interpolation: 0, interpolation_duration: 1 }
$data merge entity $(bone_rearlegr) { transformation: [-1.080694387781476f,-0.04808606990911754f,0.05829649397199439f,-1.3752962589338726f,-0.06544511820257091f,1.0133907177275308f,-0.37731591649205953f,-3.3766334544205114f,-0.037784756611401335f,-0.37991853628835587f,-1.0138270705911543f,0.2414423316075764f,0f,0f,0f,1f], start_interpolation: 0, interpolation_duration: 1 }
$data merge entity $(bone_rearfootrightd) { transformation: [-0.9975640502598242f,-0.06011510795065713f,0.03538558216697431f,-0.5336645340022098f,-0.060410878340834695f,0.9981465445469229f,-0.007348563609773873f,-6.219754357282166f,-0.034878236872062776f,-0.009468336977466685f,-0.9993467162039297f,0.8055155298381388f,0f,0f,0f,1f], start_interpolation: 0, interpolation_duration: 1 }
$data merge entity $(bone_rearfootright) { transformation: [-0.9975640502598242f,-0.053812148281841f,-0.044387141454570005f,-0.5709072122874568f,-0.060410878340834695f,0.34829161522344004f,0.9354375855946436f,-5.533104565282918f,-0.034878236872062776f,0.9358403728533732f,-0.3506940334969444f,0.6813934284156612f,0f,0f,0f,1f], start_interpolation: 0, interpolation_duration: 1 }
$data merge entity $(bone_rearlegtipright) { transformation: [-0.9975640502598242f,-0.06859230522339158f,0.012690992607197386f,-0.7026404576900372f,-0.060410878340834695f,0.940464299152749f,0.33448083322847927f,-4.617320998103251f,-0.034878236872062776f,0.33289938071926467f,-0.9423170967935509f,1.071007737880019f,0f,0f,0f,1f], start_interpolation: 0, interpolation_duration: 1 }
$data merge entity $(bone_tail11) { transformation: [-0.2937340837125001f,-2.9466991266639813e-17f,2.26274951212837e-17f,4.99238679294077e-16f,0f,0.22349320525487731f,0.2347696378318856f,-7.141966983613793f,-3.5972050541899386e-17f,0.24061624369700624f,-0.18476751939447228f,-4.076593182962357f,0f,0f,0f,1f], start_interpolation: 0, interpolation_duration: 1 }
$data merge entity $(bone_tail10) { transformation: [-0.39164544495000014f,-3.18894248633818e-17f,3.790704272485473e-17f,4.779159677613462e-16f,0f,0.3582878985608897f,0.24168941639780633f,-7.277917280337559f,-4.796273405586585e-17f,0.2603969151398139f,-0.3095344939557029f,-3.9024800301122746f,0f,0f,0f,1f], start_interpolation: 0, interpolation_duration: 1 }
$data merge entity $(bone_tail9) { transformation: [-0.48955680618750014f,-2.7577757474095114e-17f,5.5440542103528994e-17f,4.467306628281112e-16f,0f,0.5064244157911222f,0.1881071476242322f,-7.3837275508761895f,-5.99534175698323e-17f,0.22518947906690998f,-0.4527063814818188f,-3.6478326905287517f,0f,0f,0f,1f], start_interpolation: 0, interpolation_duration: 1 }
$data merge entity $(bone_tail8) { transformation: [-0.5759491837500001f,-1.5708334394467005e-17f,7.113424379499729e-17f,4.067176506934252e-16f,0f,0.6316269889208164f,0.0706538519336132f,-7.423470342588847f,-7.053343243509683e-17f,0.12826828441803598f,-0.5808551808123267f,-3.321101651321818f,0f,0f,0f,1f], start_interpolation: 0, interpolation_duration: 1 }
$data merge entity $(bone_tail7) { transformation: [-0.6775872750000002f,1.4599635853766362e-18f,8.56911037810086e-17f,3.585164048166079e-16f,0f,0.7420781754396493f,-0.09172175907625293f,-7.371876853108454f,-8.298050874717275e-17f,-0.011921507379867552f,-0.699720963143578f,-2.927508609553555f,0f,0f,0f,1f], start_interpolation: 0, interpolation_duration: 1 }
$data merge entity $(bone_tail6) { transformation: [-0.7971615000000002f,2.274342380384566e-17f,9.822912279037995e-17f,3.032625232470192e-16f,0f,0.831218120287375f,-0.28793651964607914f,-7.209912560807535f,-9.76241279378503e-17f,-0.18571414892588226f,-0.8021016578720566f,-2.476326427000523f,0f,0f,0f,1f], start_interpolation: 0, interpolation_duration: 1 }
$data merge entity $(bone_tail5) { transformation: [-0.8857350000000002f,4.4215516957802767e-17f,1.029362994871869e-16f,2.4536085478547657e-16f,0f,0.8522464774716603f,-0.47856332780890587f,-6.940720688915025f,-1.0847125326427811e-16f,-0.3610470952815728f,-0.8405386725287254f,-2.003523423703115f,0f,0f,0f,1f], start_interpolation: 0, interpolation_duration: 1 }
$data merge entity $(bone_tail4) { transformation: [-0.9841500000000002f,6.514195773291367e-17f,1.0607287978850422e-16f,1.8569485990444296e-16f,0f,0.8601523071867857f,-0.6630072750879173f,-6.567779096678072f,-1.205236147380868e-16f,-0.5319244518359745f,-0.8661507943543909f,-1.5163136018787704f,0f,0f,0f,1f], start_interpolation: 0, interpolation_duration: 1 }
$data merge entity $(bone_tail3) { transformation: [-1.0935000000000001f,8.583607257745134e-17f,1.0845142899826808e-16f,1.2469093109291718e-16f,0f,0.8616960686039943f,-0.844736313239713f,-6.092614920480733f,-1.339151274867631e-16f,-0.7009047232003034f,-0.8855731225833945f,-1.018178720425611f,0f,0f,0f,1f], start_interpolation: 0, interpolation_duration: 1 }
$data merge entity $(bone_tail2) { transformation: [-1.215f,1.0754119146237595e-16f,1.0977983826090615e-16f,6.293977207115748e-17f,0f,0.8531964775928842f,-1.0342676348228779f,-5.510839375892864f,-1.4879458609640342e-16f,-0.8781404690499358f,-0.8964204073969666f,-0.5139422412648171f,0f,0f,0f,1f], start_interpolation: 0, interpolation_duration: 1 }
$data merge entity $(bone_tail1) { transformation: [-1.35f,1.3199870726888053e-16f,1.0831798857711238e-16f,2.0109034965317727e-18f,0f,0.8179503410815756f,-1.2451035624703692f,-4.810468622003282f,-1.6532731788489269e-16f,-1.0778512413602286f,-0.8844834988547521f,-0.01642027315901906f,0f,0f,0f,1f], start_interpolation: 0, interpolation_duration: 1 }
$data merge entity $(bone_tail0) { transformation: [-1.5f,1.607198350375527e-16f,1.0082036596571733e-16f,-1.4520593599796056e-17f,0f,0.7264065565865655f,-1.4873606537224642f,-3.7922266151377544f,-1.8369701987210297e-16f,-1.3123770474021743f,-0.823260764131441f,0.11856964481437293f,0f,0f,0f,1f], start_interpolation: 0, interpolation_duration: 1 }