# This file was generated by Animated Java via MC-Build. It is not recommended to edit this file directly.
$data merge entity $(bone_leftwing20) { transformation: [-1.7147062632807373f,2.008121446244537f,1.3337791417283706f,3.4488049785176855f,0.6211865360075101f,1.949546928636715f,-2.1366165242357487f,-2.085599856137815f,-2.3293015754212485f,-0.9583585661363971f,-1.5516569016906379f,4.996321303171423f,0f,0f,0f,1f], start_interpolation: 0, interpolation_duration: 1 }
$data merge entity $(bone_leftwing21) { transformation: [-2.15046007605234f,2.008013686488055f,-0.3069191451521947f,3.4488049785176855f,1.968360099045456f,1.9494423121043472f,-1.0373186866832962f,-2.085599856137815f,-0.5018733378752706f,-0.958307138726017f,-2.753283030506676f,4.996321303171423f,0f,0f,0f,1f], start_interpolation: 0, interpolation_duration: 1 }
$data merge entity $(bone_leftwing22) { transformation: [-1.2755141412634998f,2.011891057883346f,-1.763514167646608f,3.4488049785176855f,2.117603539222276f,1.9532065851810625f,0.6966803134315382f,-2.085599856137815f,1.6350666955676678f,-0.9601575806391386f,-2.277998791534154f,4.996321303171423f,0f,0f,0f,1f], start_interpolation: 0, interpolation_duration: 1 }
$data merge entity $(bone_leftwing23) { transformation: [0.37642513893250557f,1.9798380455932052f,-2.1084330372211877f,3.4488049785176855f,0.9544095286895922f,1.9220885211911274f,1.9752525440298152f,-2.085599856137815f,2.730265739954739f,-0.9448605581626449f,-0.3997898939473332f,4.996321303171423f,0f,0f,0f,1f], start_interpolation: 0, interpolation_duration: 1 }
$data merge entity $(bone_leftwing1) { transformation: [-1.0586332657585298f,1.3576032312639121f,1.017943552016129f,1.860855079879891f,0.26666796797530334f,1.3180035573882016f,-1.4804576378836267f,-1.68559790417486f,-1.6757636478588953f,-0.6479043827400994f,-0.8786558526185431f,2.48267583138308f,0f,0f,0f,1f], start_interpolation: 0, interpolation_duration: 1 }
$data merge entity $(bone_leftwing) { transformation: [-0.7822367199199276f,0.8290675096571087f,0.24872452543121681f,0.6874999999999998f,0.5657192342243541f,0.7434232835899963f,-0.6988524025543517f,-0.837019052838329f,-0.6551172209220534f,-0.34796551116215385f,-0.9004735093294737f,1.5f,0f,0f,0f,1f], start_interpolation: 0, interpolation_duration: 1 }
$data merge entity $(bone_rightwing20) { transformation: [-1.7147062632807382f,-2.008121446244536f,-1.3337791417283704f,-3.4488049785176877f,-0.6211865360075101f,1.949546928636715f,-2.1366165242357487f,-2.085599856137815f,2.3293015754212476f,-0.9583585661363978f,-1.5516569016906379f,4.996321303171421f,0f,0f,0f,1f], start_interpolation: 0, interpolation_duration: 1 }
$data merge entity $(bone_rightwing21) { transformation: [-2.150575480173178f,-2.008121446244536f,0.30693561592257096f,-3.4488049785176877f,-1.9684657307980524f,1.949546928636715f,-1.0373743542366716f,-2.085599856137815f,0.5019002708334654f,-0.9583585661363978f,-2.7534307850319015f,4.996321303171421f,0f,0f,0f,1f], start_interpolation: 0, interpolation_duration: 1 }
$data merge entity $(bone_rightwing22) { transformation: [-1.2731242539316125f,-2.008121446244536f,1.7602099313135744f,-3.4488049785176877f,-2.113635857713599f,1.949546928636715f,0.6953749672957471f,-2.085599856137815f,-1.6320031268810384f,-0.9583585661363978f,-2.2737305829131587f,4.996321303171421f,0f,0f,0f,1f], start_interpolation: 0, interpolation_duration: 1 }
$data merge entity $(bone_rightwing23) { transformation: [0.3764251389325064f,-1.9798380455932045f,2.108433037221188f,-3.4488049785176877f,-0.9544095286895922f,1.9220885211911274f,1.9752525440298152f,-2.085599856137815f,-2.730265739954738f,-0.9448605581626456f,-0.3997898939473327f,4.996321303171421f,0f,0f,0f,1f], start_interpolation: 0, interpolation_duration: 1 }
$data merge entity $(bone_rightwing1) { transformation: [-1.0586332657585305f,-1.3576032312639117f,-1.017943552016129f,-1.860855079879892f,-0.26666796797530334f,1.3180035573882016f,-1.4804576378836267f,-1.68559790417486f,1.6757636478588949f,-0.6479043827400999f,-0.8786558526185431f,2.4826758313830792f,0f,0f,0f,1f], start_interpolation: 0, interpolation_duration: 1 }
$data merge entity $(bone_rightwing) { transformation: [-0.7822367199199278f,-0.8290675096571084f,-0.24872452543121662f,-0.6875000000000002f,-0.5657192342243541f,0.7434232835899963f,-0.6988524025543517f,-0.837019052838329f,0.655117220922053f,-0.3479655111621541f,-0.9004735093294737f,1.4999999999999998f,0f,0f,0f,1f], start_interpolation: 0, interpolation_duration: 1 }
$data merge entity $(bone_head) { transformation: [-1.2269070000000002f,-6.911051589241533e-19f,1.502511836223382e-16f,-4.760223355960971e-16f,0f,1.2268940214186568f,0.005643301884309119f,0.15567224680377797f,-1.5025277304014817e-16f,0.005643301884309119f,-1.2268940214186568f,3.887017350043476f,0f,0f,0f,1f], start_interpolation: 0, interpolation_duration: 1 }
$data merge entity $(bone_neck4) { transformation: [-1.0497600000000002f,2.00112469512989e-17f,1.2699151024323687e-16f,-4.674600147386667e-16f,0f,1.0369643748030315f,-0.16340423185878183f,0.17786461902519884f,-1.2855852238729257e-16f,-0.16340423185878183f,-1.0369643748030315f,3.8171006943726997f,0f,0f,0f,1f], start_interpolation: 0, interpolation_duration: 1 }
$data merge entity $(bone_neck3) { transformation: [-1.1664000000000003f,3.7039039460488986e-17f,1.3795715213601255e-16f,-4.0710376067916113e-16f,0f,1.1265056360092045f,-0.30244670942084706f,0.04554418365357828f,-1.428428026525473e-16f,-0.30244670942084706f,-1.1265056360092045f,3.324254478618673f,0f,0f,0f,1f], start_interpolation: 0, interpolation_duration: 1 }
$data merge entity $(bone_neck2) { transformation: [-1.2960000000000003f,5.996886758503837e-17f,1.4694876723444102e-16f,-3.703665688705509e-16f,0f,1.1999277451813248f,-0.4896829651356705f,-0.07687655763033935f,-1.58714225169497e-16f,-0.4896829651356705f,-1.1999277451813248f,3.0242725423233416f,0f,0f,0f,1f], start_interpolation: 0, interpolation_duration: 1 }
$data merge entity $(bone_neck1) { transformation: [-1.4400000000000002f,9.595186638073976e-17f,1.479603264099162e-16f,-3.3337648726807183e-16f,0f,1.2081877526886278f,-0.7835064481248406f,-0.2727531696615495f,-1.7634913907721887e-16f,-0.7835064481248406f,-1.2081877526886278f,2.7222256041511845f,0f,0f,0f,1f], start_interpolation: 0, interpolation_duration: 1 }
$data merge entity $(bone_neck0) { transformation: [-1.6f,1.4247401566845018e-16f,1.3451767651669342e-16f,-3.086516941181766e-16f,0f,1.098420186214914f,-1.1633886257461838f,-0.6322515877365276f,-1.9594348786357652e-16f,-1.1633886257461838f,-1.098420186214914f,2.5203323467065926f,0f,0f,0f,1f], start_interpolation: 0, interpolation_duration: 1 }
$data merge entity $(bone_frontlegl) { transformation: [-0.992546151641322f,-0.11858957351590195f,0.028082911446612166f,0.4282153278042813f,-0.10554194733138723f,0.951654564991366f,0.2884692120219986f,-0.9021534104648923f,-0.06093467170257386f,0.2833550810986291f,-0.9570772506961436f,2.135102393384411f,0f,0f,0f,1f], start_interpolation: 0, interpolation_duration: 1 }
$data merge entity $(bone_frontlegtipleft) { transformation: [-0.992546151641322f,-0.09561030271863197f,0.07556988074658665f,0.8029954949366845f,-0.10554194733138723f,0.984404299771097f,-0.14074470485838886f,-1.8755108658716722f,-0.06093467170257386f,-0.14767140754468283f,-0.9871575969308404f,1.8190824532164322f,0f,0f,0f,1f], start_interpolation: 0, interpolation_duration: 1 }
$data merge entity $(bone_frontfootleftd) { transformation: [-0.992546151641322f,-0.05781924962017228f,-0.107280339463305f,0.9764635017299567f,-0.10554194733138725f,-0.032333536202785396f,0.9938890480280592f,-3.7417296111673948f,-0.06093467170257364f,0.9978033257160367f,0.025990170728877493f,2.0522724836584216f,0f,0f,0f,1f], start_interpolation: 0, interpolation_duration: 1 }
$data merge entity $(bone_frontfootleft) { transformation: [0.992546151641322f,0.09774066675431223f,-0.07279353628189973f,0.9481257428071135f,0.10554194733138729f,-0.390731526197721f,0.9144341265442242f,-3.308114814328195f,0.06093467170257375f,-0.9153008448032931f,-0.3981348129552066f,1.936443247397724f,0f,0f,0f,1f], start_interpolation: 0, interpolation_duration: 1 }
$data merge entity $(bone_frontlegr) { transformation: [-0.992546151641322f,0.11858957351590188f,-0.02808291144661193f,-0.873196015889637f,0.10554194733138723f,0.951654564991366f,0.2884692120219986f,-0.8813144830356446f,0.06093467170257362f,0.2833550810986291f,-0.9570772506961436f,2.1764964535694986f,0f,0f,0f,1f], start_interpolation: 0, interpolation_duration: 1 }
$data merge entity $(bone_frontlegtipright) { transformation: [-0.992546151641322f,0.09561030271863202f,-0.07556988074658641f,-0.7532622807438113f,0.10554194733138723f,0.984404299771097f,-0.14074470485838886f,-1.8747114159092915f,0.06093467170257362f,-0.14767140754468283f,-0.9871575969308404f,1.7479196641843178f,0f,0f,0f,1f], start_interpolation: 0, interpolation_duration: 1 }
$data merge entity $(bone_frontfootrightd) { transformation: [-0.992546151641322f,0.057819249620172486f,0.10728033946330498f,-0.9405479601992667f,0.10554194733138722f,-0.032333536202785396f,0.9938890480280592f,-3.693935042568164f,0.06093467170257384f,0.9978033257160367f,0.025990170728877493f,2.0218970783778585f,0f,0f,0f,1f], start_interpolation: 0, interpolation_duration: 1 }
$data merge entity $(bone_frontfootright) { transformation: [0.992546151641322f,-0.09774066675431217f,0.07279353628189963f,-0.8907884987504179f,-0.10554194733138718f,-0.390731526197721f,0.9144341265442242f,-3.2518713243150446f,-0.06093467170257373f,-0.9153008448032931f,-0.3981348129552066f,1.893108270940059f,0f,0f,0f,1f], start_interpolation: 0, interpolation_duration: 1 }
$data merge entity $(bone_rearlegl) { transformation: [-1.080694387781476f,0.04925609779064381f,-0.05731132662196739f,0.0011603413084915193f,0.0654451182025709f,1.0208197330072954f,-0.35672835648077766f,-3.283833425640523f,0.03778475661140106f,-0.3593216117136065f,-1.0213086715750848f,0.3235752722140224f,0f,0f,0f,1f], start_interpolation: 0, interpolation_duration: 1 }
$data merge entity $(bone_rearfootleftd) { transformation: [-0.9975640502598242f,0.034161649004395035f,0.06081897209354452f,0.5285144379389769f,0.06041087834083468f,-0.012854683553311153f,0.9980908189582917f,-6.220222904476763f,0.03487823687206252f,0.9993336474111358f,0.010759634968322607f,0.7811487493837995f,0f,0f,0f,1f], start_interpolation: 0, interpolation_duration: 1 }
$data merge entity $(bone_rearfootleft) { transformation: [-0.9975640502598242f,0.05290276303566223f,0.045467167191363504f,0.566385960762497f,0.06041087834083468f,0.32928771367456444f,0.9422951381605803f,-5.531234032782044f,0.03487823687206252f,0.9427464660693087f,-0.33168148773563716f,0.6709610348242125f,0f,0f,0f,1f], start_interpolation: 0, interpolation_duration: 1 }
$data merge entity $(bone_rearlegtipleft) { transformation: [-0.9975640502598242f,0.06883511136881226f,-0.011300135930954329f,0.5735795774857549f,0.06041087834083468f,0.933502016737961f,0.35344661622973367f,-4.616046749662139f,0.03487823687206252f,0.351902986899803f,-0.9353864422813135f,1.0835055641711016f,0f,0f,0f,1f], start_interpolation: 0, interpolation_duration: 1 }
$data merge entity $(bone_rearlegr) { transformation: [-1.080694387781476f,-0.04925609779064372f,0.05731132662196765f,-1.3756604917374613f,-0.0654451182025709f,1.0208197330072954f,-0.35672835648077766f,-3.371796350641187f,-0.03778475661140132f,-0.3593216117136065f,-1.0213086715750848f,0.24348176562804352f,0f,0f,0f,1f], start_interpolation: 0, interpolation_duration: 1 }
$data merge entity $(bone_rearfootrightd) { transformation: [-0.9975640502598242f,-0.03416164900439529f,-0.06081897209354452f,-0.5313640192606885f,-0.06041087834083468f,-0.012854683553311153f,0.9980908189582917f,-6.22512087175878f,-0.03487823687206276f,0.9993336474111358f,0.010759634968322607f,0.7490128184969068f,0f,0f,0f,1f], start_interpolation: 0, interpolation_duration: 1 }
$data merge entity $(bone_rearfootright) { transformation: [-0.9975640502598242f,-0.052902763035662465f,-0.045467167191363414f,-0.5692355420842087f,-0.06041087834083468f,0.32928771367456444f,0.9422951381605803f,-5.536132000064061f,-0.03487823687206276f,0.9427464660693087f,-0.33168148773563716f,0.6388251039373198f,0f,0f,0f,1f], start_interpolation: 0, interpolation_duration: 1 }
$data merge entity $(bone_rearlegtipright) { transformation: [-0.9975640502598242f,-0.06883511136881235f,0.011300135930954561f,-0.7011246650899446f,-0.06041087834083468f,0.933502016737961f,0.35344661622973367f,-4.62849607673676f,-0.03487823687206276f,0.351902986899803f,-0.9353864422813135f,1.047009853675201f,0f,0f,0f,1f], start_interpolation: 0, interpolation_duration: 1 }
$data merge entity $(bone_tail11) { transformation: [-0.2937340837125001f,-3.0204884241273426e-17f,2.1346659927273713e-17f,4.778894685562064e-16f,0f,0.21345946793602774f,0.24560264987823147f,-6.977445237399604f,-3.5972050541899386e-17f,0.24664159708989758f,-0.17430870633178555f,-3.90226364768137f,0f,0f,0f,1f], start_interpolation: 0, interpolation_duration: 1 }
$data merge entity $(bone_tail10) { transformation: [-0.39164544495000014f,-3.4931386089616225e-17f,3.4811273949675034e-17f,4.583081269595142e-16f,0f,0.3354855477801294f,0.275119110030518f,-7.132199736791771f,-4.796273405586585e-17f,0.2852364135842009f,-0.2842556235308989f,-3.7423698594452395f,0f,0f,0f,1f], start_interpolation: 0, interpolation_duration: 1 }
$data merge entity $(bone_tail9) { transformation: [-0.48955680618750014f,-3.405593496792671e-17f,5.1383214610229524e-17f,4.294050687412601e-16f,0f,0.47977862360375495f,0.25286193047777156f,-7.274434572685517f,-5.99534175698323e-17f,0.2780878126790335f,-0.41957578826813186f,-3.5063584785444153f,0f,0f,0f,1f], start_interpolation: 0, interpolation_duration: 1 }
$data merge entity $(bone_tail8) { transformation: [-0.5759491837500001f,-2.5311688317914014e-17f,6.796242620726925e-17f,3.911762039996712e-16f,0f,0.6172058068862402f,0.16171811193339386f,-7.365401010648051f,-7.053343243509683e-17f,0.20668562017666645f,-0.554955324707396f,-3.194196108396505f,0f,0f,0f,1f], start_interpolation: 0, interpolation_duration: 1 }
$data merge entity $(bone_tail7) { transformation: [-0.6775872750000002f,-9.659594398152387e-18f,8.477250714835468e-17f,3.434916687287217e-16f,0f,0.750570632142336f,0.009902495993573235f,-7.370971164644436f,-8.298050874717275e-17f,0.07887657408550594f,-0.6922200524051227f,-2.8048223289186236f,0f,0f,0f,1f], start_interpolation: 0, interpolation_duration: 1 }
$data merge entity $(bone_tail6) { transformation: [-0.7971615000000002f,1.2797135398341641e-17f,9.955864061081912e-17f,2.8748993338513593e-16f,0f,0.8602262415018693f,-0.19969577542043737f,-7.25864229097044f,-9.76241279378503e-17f,-0.10449654061278318f,-0.8129579947470219f,-2.347533456873424f,0f,0f,0f,1f], start_interpolation: 0, interpolation_duration: 1 }
$data merge entity $(bone_tail5) { transformation: [-0.8857350000000002f,3.842549205486613e-17f,1.0470245707113888e-16f,2.2859480128262034e-16f,0f,0.882683882520158f,-0.42856581348583134f,-7.01757402088466f,-1.0847125326427811e-16f,-0.31376795400616275f,-0.8549604436482161f,-1.8666182073213025f,0f,0f,0f,1f], start_interpolation: 0, interpolation_duration: 1 }
$data merge entity $(bone_tail4) { transformation: [-0.9841500000000002f,6.442196327500355e-17f,1.0586195052645695e-16f,1.6904745411148828e-16f,0f,0.8699402056189312f,-0.6571494411229652f,-6.647927460252992f,-1.205236147380868e-16f,-0.5260452509234224f,-0.8644284262218476f,-1.3803772175715132f,0f,0f,0f,1f], start_interpolation: 0, interpolation_duration: 1 }
$data merge entity $(bone_tail3) { transformation: [-1.0935000000000001f,8.953224216174105e-17f,1.0460958450765448e-16f,1.1020456282593263e-16f,0f,0.8368645040236593f,-0.8758517328044232f,-6.155260860550504f,-1.339151274867631e-16f,-0.7310862382858214f,-0.8542020816164119f,-0.8998885466622815f,0f,0f,0f,1f], start_interpolation: 0, interpolation_duration: 1 }
$data merge entity $(bone_tail2) { transformation: [-1.215f,1.137697887689444e-16f,1.0228802254070599e-16f,5.2667550146785504e-17f,0f,0.795198054803032f,-1.085972909307668f,-5.544401099064941f,-1.4879458609640342e-16f,-0.9290008257740546f,-0.8352450895386564f,-0.4300631837967872f,0f,0f,0f,1f], start_interpolation: 0, interpolation_duration: 1 }
$data merge entity $(bone_tail1) { transformation: [-1.35f,1.3815023983750535e-16f,9.905204075784773e-17f,-3.0492227795038462e-18f,0f,0.7454012996753339f,-1.2965397429506655f,-4.815097493655191f,-1.6532731788489269e-16f,-1.128082316743823f,-0.8088212930194374f,0.024898793526646312f,0f,0f,0f,1f], start_interpolation: 0, interpolation_duration: 1 }
$data merge entity $(bone_tail0) { transformation: [-1.5f,1.641883605441652e-16f,9.336615281125958e-17f,-1.4520593599796056e-17f,0f,0.672699259873983f,-1.5194596685314503f,-3.7922266151377544f,-1.8369701987210297e-16f,-1.3406997075277505f,-0.7623924945238475f,0.11856964481437293f,0f,0f,0f,1f], start_interpolation: 0, interpolation_duration: 1 }