# This file was generated by Animated Java via MC-Build. It is not recommended to edit this file directly.
$data merge entity $(bone_leftwing20) { transformation: [-0.2805278642316427f,2.854934800554231f,0.7227638017257896f,1.809226173129733f,1.1827606951298004f,0.774128004086684f,-2.598757218836717f,-2.701049963565115f,-2.6970571678325275f,0.04253503243505031f,-1.2148290067207181f,5.5013776578448965f,0f,0f,0f,1f], start_interpolation: 0, interpolation_duration: 1 }
$data merge entity $(bone_leftwing21) { transformation: [-0.7147454411529036f,2.854781599123384f,0.30026295332093994f,1.809226173129733f,2.690859711461378f,0.774086462851535f,-0.9543903953536664f,-2.701049963565115f,-0.9996048384559114f,0.042532749921337945f,-2.7838423083211805f,5.5013776578448965f,0f,0f,0f,1f], start_interpolation: 0, interpolation_duration: 1 }
$data merge entity $(bone_leftwing22) { transformation: [-0.7138707876142993f,2.8602940359094116f,-0.3061546987658843f,1.809226173129733f,2.560694258649018f,0.7755811840921017f,1.2751246658459285f,-2.701049963565115f,1.3106706623547115f,0.042614878479035424f,-2.657997471748106f,5.5013776578448965f,0f,0f,0f,1f], start_interpolation: 0, interpolation_duration: 1 }
$data merge entity $(bone_leftwing23) { transformation: [-0.2712751903351108f,2.8147244512506497f,-0.7146191146931479f,1.809226173129733f,0.8478335947593535f,0.7632247927615193f,2.684326834749451f,-2.701049963565115f,2.7775047094740497f,0.041935947471176356f,-0.8891869373779691f,5.5013776578448965f,0f,0f,0f,1f], start_interpolation: 0, interpolation_duration: 1 }
$data merge entity $(bone_leftwing1) { transformation: [-0.13753805999282237f,1.9300967665718742f,0.5057763870745702f,1.6029190831404994f,0.6115857869049209f,0.523354143607899f,-1.8308640762285797f,-1.7836712832077335f,-1.8992225007379464f,0.028756078265949503f,-0.6262004316937698f,2.652543906737977f,0f,0f,0f,1f], start_interpolation: 0, interpolation_duration: 1 }
$data merge entity $(bone_leftwing) { transformation: [-0.610279388760333f,0.9681880887739571f,0.22645530137679998f,0.6874999999999998f,0.6311014869129363f,0.5824952447418422f,-0.7896336582115362f,-0.837019052838329f,-0.7683626044919846f,-0.29055503045117703f,-0.8284369580172777f,1.5f,0f,0f,0f,1f], start_interpolation: 0, interpolation_duration: 1 }
$data merge entity $(bone_rightwing20) { transformation: [-0.28052786423164355f,-2.854934800554231f,-0.7227638017257894f,-1.8092261731297348f,-1.1827606951298004f,0.774128004086684f,-2.598757218836717f,-2.701049963565115f,2.697057167832527f,0.04253503243504941f,-1.2148290067207184f,5.501377657844895f,0f,0f,0f,1f], start_interpolation: 0, interpolation_duration: 1 }
$data merge entity $(bone_rightwing21) { transformation: [-0.71478379786093f,-2.854934800554231f,-0.30027906688776795f,-1.8092261731297348f,-2.691004116048451f,0.774128004086684f,-0.9544416125725946f,-2.701049963565115f,0.9996584821012183f,0.04253503243504941f,-2.7839917028055146f,5.501377657844895f,0f,0f,0f,1f], start_interpolation: 0, interpolation_duration: 1 }
$data merge entity $(bone_rightwing22) { transformation: [-0.7125332322734905f,-2.854934800554231f,0.305581067151379f,-1.8092261731297348f,-2.5558963731755417f,0.774128004086684f,1.2727355082608443f,-2.701049963565115f,-1.3082149034486328f,0.04253503243504941f,-2.6530172725637775f,5.501377657844895f,0f,0f,0f,1f], start_interpolation: 0, interpolation_duration: 1 }
$data merge entity $(bone_rightwing23) { transformation: [-0.27127519033511005f,-2.81472445125065f,0.7146191146931481f,-1.8092261731297348f,-0.8478335947593535f,0.7632247927615193f,2.684326834749451f,-2.701049963565115f,-2.7775047094740493f,0.04193594747117547f,-0.8891869373779688f,5.501377657844895f,0f,0f,0f,1f], start_interpolation: 0, interpolation_duration: 1 }
$data merge entity $(bone_rightwing1) { transformation: [-0.13753805999282295f,-1.9300967665718745f,-0.5057763870745701f,-1.6029190831405002f,-0.6115857869049209f,0.523354143607899f,-1.8308640762285797f,-1.7836712832077335f,1.8992225007379462f,0.028756078265948892f,-0.62620043169377f,2.652543906737976f,0f,0f,0f,1f], start_interpolation: 0, interpolation_duration: 1 }
$data merge entity $(bone_rightwing) { transformation: [-0.6102793887603334f,-0.9681880887739571f,-0.22645530137679978f,-0.6875000000000002f,-0.6311014869129363f,0.5824952447418422f,-0.7896336582115362f,-0.837019052838329f,0.7683626044919843f,-0.2905550304511773f,-0.8284369580172777f,1.4999999999999998f,0f,0f,0f,1f], start_interpolation: 0, interpolation_duration: 1 }
$data merge entity $(bone_head) { transformation: [-1.2269070000000002f,5.6881272422656356e-18f,1.5014506656806964e-16f,-4.730580048711607e-16f,0f,1.2260275099122993f,-0.046447083732435376f,0.23301933454782175f,-1.5025277304014817e-16f,-0.046447083732435376f,-1.2260275099122993f,3.862811752747994f,0f,0f,0f,1f], start_interpolation: 0, interpolation_duration: 1 }
$data merge entity $(bone_neck4) { transformation: [-1.0497600000000002f,2.8527246464148416e-17f,1.2535345981494778e-16f,-4.643319371807218e-16f,0f,1.0235886779945351f,-0.23294264504680193f,0.25044756541972585f,-1.2855852238729257e-16f,-0.23294264504680193f,-1.0235886779945351f,3.791558002715623f,0f,0f,0f,1f], start_interpolation: 0, interpolation_duration: 1 }
$data merge entity $(bone_neck3) { transformation: [-1.1664000000000003f,4.9822421678278955e-17f,1.3387229947881796e-16f,-4.05762806158739e-16f,0f,1.0931502827756143f,-0.40683094679190157f,0.07245902619826891f,-1.428428026525473e-16f,-0.40683094679190157f,-1.0931502827756143f,3.3133047540012917f,0f,0f,0f,1f], start_interpolation: 0, interpolation_duration: 1 }
$data merge entity $(bone_neck2) { transformation: [-1.2960000000000003f,7.061688298584907e-17f,1.4213887965126462e-16f,-3.702280862459228e-16f,0f,1.160652032489917f,-0.5766306092092454f,-0.07169862610404243f,-1.58714225169497e-16f,-0.5766306092092454f,-1.160652032489917f,3.0231417458788123f,0f,0f,0f,1f], start_interpolation: 0, interpolation_duration: 1 }
$data merge entity $(bone_neck1) { transformation: [-1.4400000000000002f,9.952672051025502e-17f,1.4557970585816507e-16f,-3.3383315978138156e-16f,0f,1.188748510668736f,-0.8126973473457766f,-0.2748729629404866f,-1.7634913907721887e-16f,-0.8126973473457766f,-1.188748510668736f,2.7259546182116283f,0f,0f,0f,1f], start_interpolation: 0, interpolation_duration: 1 }
$data merge entity $(bone_neck0) { transformation: [-1.6f,1.410668893297476e-16f,1.359925849852568e-16f,-3.086516941181766e-16f,0f,1.110463727826996f,-1.151898567227415f,-0.6322515877365276f,-1.9594348786357652e-16f,-1.151898567227415f,-1.110463727826996f,2.5203323467065926f,0f,0f,0f,1f], start_interpolation: 0, interpolation_duration: 1 }
$data merge entity $(bone_frontlegl) { transformation: [-0.992546151641322f,-0.11873404740436234f,0.027465666731037192f,0.42818852085260356f,-0.10554194733138723f,0.9501411662474971f,0.29341551007972383f,-0.9020953816177261f,-0.06093467170257386f,0.28832965540995686f,-0.9555903806525446f,2.1354385346750977f,0f,0f,0f,1f], start_interpolation: 0, interpolation_duration: 1 }
$data merge entity $(bone_frontlegtipleft) { transformation: [-0.992546151641322f,-0.09600209941753203f,0.07507152435796188f,0.8031019990630286f,-0.10554194733138723f,0.9851230905918444f,-0.1356222464652138f,-1.8736889392955658f,-0.06093467170257386f,-0.14253453367587393f,-0.9879123809803685f,1.8141919708170446f,0f,0f,0f,1f], start_interpolation: 0, interpolation_duration: 1 }
$data merge entity $(bone_frontfootleftd) { transformation: [-0.992546151641322f,-0.05726042960211154f,-0.107579645211273f,0.9772870586336381f,-0.10554194733138725f,-0.03750298965901311f,0.9937074132359758f,-3.741031407209551f,-0.06093467170257364f,0.9976546341136384f,0.031180070815858996f,2.0376484934759254f,0f,0f,0f,1f], start_interpolation: 0, interpolation_duration: 1 }
$data merge entity $(bone_frontfootleft) { transformation: [0.992546151641322f,0.09736069589532706f,-0.07330096695664669f,0.9487487958058998f,0.10554194733138729f,-0.38596964809551637f,0.9164542149515826f,-3.3068334281582104f,0.06093467170257375f,-0.9173594309995405f,-0.3933683263058921f,1.924075102516984f,0f,0f,0f,1f], start_interpolation: 0, interpolation_duration: 1 }
$data merge entity $(bone_frontlegr) { transformation: [-0.992546151641322f,0.11873404740436228f,-0.02746566673103696f,-0.8731852006338663f,0.10554194733138723f,0.9501411662474971f,0.29341551007972383f,-0.8811667079589195f,0.06093467170257361f,0.28832965540995686f,-0.9555903806525446f,2.1764166660079267f,0f,0f,0f,1f], start_interpolation: 0, interpolation_duration: 1 }
$data merge entity $(bone_frontlegtipright) { transformation: [-0.992546151641322f,0.09600209941753207f,-0.07507152435796165f,-0.7533293140621486f,0.10554194733138723f,0.9851230905918444f,-0.1356222464652138f,-1.8723758713162033f,0.06093467170257361f,-0.14253453367587393f,-0.9879123809803685f,1.742782497152233f,0f,0f,0f,1f], start_interpolation: 0, interpolation_duration: 1 }
$data merge entity $(bone_frontfootrightd) { transformation: [-0.992546151641322f,0.05726042960211175f,0.107579645211273f,-0.9413396398809974f,0.10554194733138722f,-0.03750298965901311f,0.9937074132359758f,-3.692930027894602f,0.060934671702573835f,0.9976546341136384f,0.031180070815858996f,2.0072609147248883f,0f,0f,0f,1f], start_interpolation: 0, interpolation_duration: 1 }
$data merge entity $(bone_frontfootright) { transformation: [0.992546151641322f,-0.097360695895327f,0.07330096695664662f,-0.8913698874671081f,-0.10554194733138718f,-0.38596964809551637f,0.9164542149515826f,-3.250223152781845f,-0.060934671702573724f,-0.9173594309995405f,-0.3933683263058921f,1.8807834918688866f,0f,0f,0f,1f], start_interpolation: 0, interpolation_duration: 1 }
$data merge entity $(bone_rearlegl) { transformation: [-1.080694387781476f,0.04955354648614211f,-0.0570543369024393f,0.00124486062355611f,0.0654451182025709f,1.022661508599933f,-0.3514135547224545f,-3.282763396683851f,0.037784756611401064f,-0.3540042315705642f,-1.0231639298319026f,0.3241392927294652f,0f,0f,0f,1f], start_interpolation: 0, interpolation_duration: 1 }
$data merge entity $(bone_rearfootleftd) { transformation: [-0.9975640502598242f,0.03384482612267989f,0.06099584718602077f,0.5279245787134793f,0.06041087834083468f,-0.018046256795222537f,0.9980104500423681f,-6.22158373893868f,0.034878236872062526f,0.9992641594495454f,0.015957701347307174f,0.7666350239679659f,0f,0f,0f,1f], start_interpolation: 0, interpolation_duration: 1 }
$data merge entity $(bone_rearfootleft) { transformation: [-0.9975640502598242f,0.05266554175609785f,0.045741735217977315f,0.5659552143953509f,0.06041087834083468f,0.3243817428207277f,0.9439952387076306f,-5.532039294474593f,0.034878236872062526f,0.9444590121525254f,-0.3267731368343675f,0.6600358689134039f,0f,0f,0f,1f], start_interpolation: 0, interpolation_duration: 1 }
$data merge entity $(bone_rearlegtipleft) { transformation: [-0.9975640502598242f,0.06889295978059994f,-0.01094192496243101f,0.5731842913448638f,0.06041087834083468f,0.9316508720364428f,0.35829761150728423f,-4.619006343261054f,0.034878236872062526f,0.3567638052359075f,-0.9335433015486169f,1.0773260203006039f,0f,0f,0f,1f], start_interpolation: 0, interpolation_duration: 1 }
$data merge entity $(bone_rearlegr) { transformation: [-1.080694387781476f,-0.04955354648614202f,0.05705433690243956f,-1.3757542396983244f,-0.0654451182025709f,1.022661508599933f,-0.3514135547224545f,-3.3705600223157033f,-0.03778475661140133f,-0.3540042315705642f,-1.0231639298319026f,0.2440216987545648f,0f,0f,0f,1f], start_interpolation: 0, interpolation_duration: 1 }
$data merge entity $(bone_rearfootrightd) { transformation: [-0.9975640502598242f,-0.06099584718602078f,0.033844826122680124f,-0.5307833886809894f,-0.06041087834083468f,0.9980104500423681f,0.018046256795222704f,-6.226315406851884f,-0.03487823687206277f,0.015957701347307396f,-0.9992641594495454f,0.7344750056921513f,0f,0f,0f,1f], start_interpolation: 0, interpolation_duration: 1 }
$data merge entity $(bone_rearfootright) { transformation: [-0.9975640502598242f,-0.05266554175609808f,-0.04574173521797724f,-0.568814024362861f,-0.06041087834083468f,0.3243817428207277f,0.9439952387076306f,-5.536770962387798f,-0.03487823687206277f,0.9444590121525254f,-0.3267731368343675f,0.6278758506375893f,0f,0f,0f,1f], start_interpolation: 0, interpolation_duration: 1 }
$data merge entity $(bone_rearlegtipright) { transformation: [-0.9975640502598242f,-0.06889295978060003f,0.010941924962431243f,-0.700738607594852f,-0.06041087834083468f,0.9316508720364428f,0.35829761150728423f,-4.631289370966862f,-0.03487823687206277f,0.3567638052359075f,-0.9335433015486169f,1.0408062224157815f,0f,0f,0f,1f], start_interpolation: 0, interpolation_duration: 1 }
$data merge entity $(bone_tail11) { transformation: [-0.2937340837125001f,-3.070949981701234e-17f,2.054010283854706e-17f,4.814788820489827e-16f,0f,0.20687878022537906f,0.25157475388077866f,-6.480106480414047f,-3.5972050541899386e-17f,0.25076209596426896f,-0.16772266789777993f,-3.931573433125429f,0f,0f,0f,1f], start_interpolation: 0, interpolation_duration: 1 }
$data merge entity $(bone_tail10) { transformation: [-0.39164544495000014f,-3.726127001172605e-17f,3.222126122106665e-17f,4.633544226121327e-16f,0f,0.315050687009213f,0.2989066308135269f,-6.648241460246656f,-4.796273405586585e-17f,0.30426135958276945f,-0.2631065646315359f,-3.7835759905201902f,0f,0f,0f,1f], start_interpolation: 0, interpolation_duration: 1 }
$data merge entity $(bone_tail9) { transformation: [-0.48955680618750014f,-3.995026261429275e-17f,4.685677793277276e-17f,4.3699748502494793e-16f,0f,0.44578588826947413f,0.30978337212765644f,-6.822494607068463f,-5.99534175698323e-17f,0.3262186504885137f,-0.3826146278698176f,-3.5683552623434176f,0f,0f,0f,1f], start_interpolation: 0, interpolation_duration: 1 }
$data merge entity $(bone_tail8) { transformation: [-0.5759491837500001f,-3.6029604804031606e-17f,6.284688314613407e-17f,4.0164611325524753e-16f,0f,0.5826631460452346f,0.26149606547185256f,-6.96958614389638f,-7.053343243509683e-17f,0.2942040499278389f,-0.513183745630908f,-3.2796894054260317f,0f,0f,0f,1f], start_interpolation: 0, interpolation_duration: 1 }
$data merge entity $(bone_tail7) { transformation: [-0.6775872750000002f,-2.5511661121712873e-17f,8.131810097477983e-17f,3.5590468145693386e-16f,0f,0.7355763391818578f,0.15317455537551797f,-7.055746831295108f,-8.298050874717275e-17f,0.2083185220381507f,-0.6640126853832197f,-2.9061822698979705f,0f,0f,0f,1f], start_interpolation: 0, interpolation_duration: 1 }
$data merge entity $(bone_tail6) { transformation: [-0.7971615000000002f,-6.63244896258904e-18f,1.0004632887254969e-16f,2.9962862146612467e-16f,0f,0.8834807342230739f,-0.028724682467291984f,-7.039589197407256f,-9.76241279378503e-17f,0.054158055752946854f,-0.8169402716130548f,-2.446653367115627f,0f,0f,0f,1f], start_interpolation: 0, interpolation_duration: 1 }
$data merge entity $(bone_tail5) { transformation: [-0.8857350000000002f,1.97316881053393e-17f,1.0964528831686553e-16f,2.379531467878878e-16f,0f,0.9447906256038805f,-0.2683593520413457f,-6.888637061883999f,-1.0847125326427811e-16f,-0.16112146064544722f,-0.8953217237264235f,-1.9430348975195137f,0f,0f,0f,1f], start_interpolation: 0, interpolation_duration: 1 }
$data merge entity $(bone_tail4) { transformation: [-0.9841500000000002f,4.961739118513661e-17f,1.134057584711612e-16f,1.7416240764785962e-16f,0f,0.9518194712646622f,-0.5338171651387729f,-6.58836490649344f,-1.205236147380868e-16f,-0.40515674576279614f,-0.9260282928115984f,-1.4221439828129898f,0f,0f,0f,1f], start_interpolation: 0, interpolation_duration: 1 }
$data merge entity $(bone_tail3) { transformation: [-1.0935000000000001f,8.024122551795801e-17f,1.117064141620984e-16f,1.1132754968167927e-16f,0f,0.910307451333383f,-0.8010076604135343f,-6.137798097510827f,-1.339151274867631e-16f,-0.6552193299637503f,-0.9121520934842009f,-0.9090584302281267f,0f,0f,0f,1f], start_interpolation: 0, interpolation_duration: 1 }
$data merge entity $(bone_tail2) { transformation: [-1.215f,1.0974463744420304e-16f,1.0635039933229804e-16f,5.150545005726162e-17f,0f,0.8376883320845562f,-1.0551919357374044f,-5.544252633658537f,-1.4879458609640342e-16f,-0.8961329709154635f,-0.8684169134018342f,-0.42057391643959496f,0f,0f,0f,1f], start_interpolation: 0, interpolation_duration: 1 }
$data merge entity $(bone_tail1) { transformation: [-1.35f,1.3773594559463947e-16f,9.93039256228677e-17f,-4.3530081056014666e-18f,0f,0.7515521956592465f,-1.2946418035944935f,-4.816016619136635f,-1.6532731788489269e-16f,-1.1246993475223763f,-0.8108780890294816f,0.035545008639488396f,0f,0f,0f,1f], start_interpolation: 0, interpolation_duration: 1 }
$data merge entity $(bone_tail0) { transformation: [-1.5f,1.650365121556058e-16f,9.142526850328184e-17f,-1.4520593599796056e-17f,0f,0.65871526890761f,-1.5273087764835167f,-3.7922266151377544f,-1.8369701987210297e-16f,-1.3476253910148677f,-0.7465439714286248f,0.11856964481437293f,0f,0f,0f,1f], start_interpolation: 0, interpolation_duration: 1 }