# This file was generated by Animated Java via MC-Build. It is not recommended to edit this file directly.
$data merge entity $(bone_leftwing20) {transformation: [-0.4472f,-1.9419f,-2.1865f,1.2872f,-0.4218f,2.2316f,-1.8957f,1.602f,2.8938f,0.0251f,-0.6142f,3.5202f,0f,0f,0f,1f],start_interpolation: 0,interpolation_duration: 1}
$data merge entity $(bone_leftwing21) {transformation: [-0.2549f,-1.9418f,-2.217f,1.2872f,-0.2549f,2.2315f,-1.9252f,1.602f,2.9361f,0.0251f,-0.3596f,3.5202f,0f,0f,0f,1f],start_interpolation: 0,interpolation_duration: 1}
$data merge entity $(bone_leftwing22) {transformation: [-0.0608f,-1.9456f,-2.2351f,1.2872f,-0.0863f,2.2358f,-1.9438f,1.602f,2.962f,0.0252f,-0.1026f,3.5202f,0f,0f,0f,1f],start_interpolation: 0,interpolation_duration: 1}
$data merge entity $(bone_leftwing23) {transformation: [0.1321f,-1.9146f,-2.1963f,1.2872f,0.0821f,2.2002f,-1.913f,1.602f,2.9125f,0.0248f,0.1535f,3.5202f,0f,0f,0f,1f],start_interpolation: 0,interpolation_duration: 1}
$data merge entity $(bone_leftwing1) {transformation: [-0.2993f,-1.3129f,1.4788f,0.8383f,-0.2383f,1.5087f,1.2912f,1.2446f,-1.9631f,0.017f,-0.3822f,0.5755f,0f,0f,0f,1f],start_interpolation: 0,interpolation_duration: 1}
$data merge entity $(bone_leftwing) {transformation: [-0.1005f,-0.7658f,-0.8744f,0.6875f,-0.1005f,0.8801f,-0.7593f,1.0938f,1.158f,0.0099f,-0.1418f,2.3125f,0f,0f,0f,1f],start_interpolation: 0,interpolation_duration: 1}
$data merge entity $(bone_rightwing20) {transformation: [-0.4472f,1.9419f,2.1865f,-1.2872f,0.4218f,2.2316f,-1.8957f,1.602f,-2.8938f,0.0251f,-0.6142f,3.5202f,0f,0f,0f,1f],start_interpolation: 0,interpolation_duration: 1}
$data merge entity $(bone_rightwing21) {transformation: [-0.2549f,1.9419f,2.2171f,-1.2872f,0.2549f,2.2316f,-1.9253f,1.602f,-2.9363f,0.0251f,-0.3597f,3.5202f,0f,0f,0f,1f],start_interpolation: 0,interpolation_duration: 1}
$data merge entity $(bone_rightwing22) {transformation: [-0.0607f,1.9419f,2.2309f,-1.2872f,0.0862f,2.2316f,-1.9402f,1.602f,-2.9565f,0.0251f,-0.1024f,3.5202f,0f,0f,0f,1f],start_interpolation: 0,interpolation_duration: 1}
$data merge entity $(bone_rightwing23) {transformation: [0.1321f,1.9146f,2.1963f,-1.2872f,-0.0821f,2.2002f,-1.913f,1.602f,-2.9125f,0.0248f,0.1535f,3.5202f,0f,0f,0f,1f],start_interpolation: 0,interpolation_duration: 1}
$data merge entity $(bone_rightwing1) {transformation: [-0.2993f,1.3129f,-1.4788f,-0.8383f,0.2383f,1.5087f,1.2912f,1.2446f,1.9631f,0.017f,-0.3822f,0.5755f,0f,0f,0f,1f],start_interpolation: 0,interpolation_duration: 1}
$data merge entity $(bone_rightwing) {transformation: [-0.1005f,0.7658f,0.8744f,-0.6875f,0.1005f,0.8801f,-0.7593f,1.0938f,-1.158f,0.0099f,-0.1418f,2.3125f,0f,0f,0f,1f],start_interpolation: 0,interpolation_duration: 1}
$data merge entity $(bone_eyebrow) {transformation: [-0.8923f,0f,0f,0f,0f,0.8922f,-0.0092f,1.4592f,0f,-0.0092f,-0.8922f,6.1202f,0f,0f,0f,1f],start_interpolation: 0,interpolation_duration: 1}
$data merge entity $(bone_head) {transformation: [-1.2269f,0f,0f,0f,0f,1.2268f,-0.0126f,1.0132f,0f,-0.0126f,-1.2268f,4.5114f,0f,0f,0f,1f],start_interpolation: 0,interpolation_duration: 1}
$data merge entity $(bone_neck4) {transformation: [-1.0498f,0f,0f,0f,0f,0.9218f,-0.5023f,1.0106f,0f,-0.5023f,-0.9218f,4.4381f,0f,0f,0f,1f],start_interpolation: 0,interpolation_duration: 1}
$data merge entity $(bone_neck3) {transformation: [-1.1664f,0f,0f,0f,0f,0.9824f,-0.6288f,0.7356f,0f,-0.6288f,-0.9824f,4.0083f,0f,0f,0f,1f],start_interpolation: 0,interpolation_duration: 1}
$data merge entity $(bone_neck2) {transformation: [-1.296f,0f,0f,0f,0f,1.1367f,-0.6226f,0.5799f,0f,-0.6226f,-1.1367f,3.7241f,0f,0f,0f,1f],start_interpolation: 0,interpolation_duration: 1}
$data merge entity $(bone_neck1) {transformation: [-1.44f,0f,0f,0f,0f,1.3676f,-0.4509f,0.4672f,0f,-0.4509f,-1.3676f,3.3822f,0f,0f,0f,1f],start_interpolation: 0,interpolation_duration: 1}
$data merge entity $(bone_neck0) {transformation: [-1.6f,0f,0f,0f,0f,1.5844f,-0.2227f,0.3125f,0f,-0.2227f,-1.5844f,3f,0f,0f,0f,1f],start_interpolation: 0,interpolation_duration: 1}
$data merge entity $(bone_frontlegl) {transformation: [-0.9962f,0.0226f,-0.0842f,0.432f,0f,0.9659f,0.2588f,0.5331f,0.0872f,0.2578f,-0.9623f,2.5768f,0f,0f,0f,1f],start_interpolation: 0,interpolation_duration: 1}
$data merge entity $(bone_frontlegtipleft) {transformation: [-0.9962f,-0.0868f,-0.0076f,0.6341f,0f,0.0872f,-0.9962f,-0.5412f,0.0872f,-0.9924f,-0.0868f,2.0181f,0f,0f,0f,1f],start_interpolation: 0,interpolation_duration: 1}
$data merge entity $(bone_frontfootleftd) {transformation: [-0.9962f,0f,-0.0872f,0.7824f,0f,1f,0f,-0.9775f,0.0872f,0f,-0.9962f,3.8349f,0f,0f,0f,1f],start_interpolation: 0,interpolation_duration: 1}
$data merge entity $(bone_frontfootleft) {transformation: [0.9962f,-0.0298f,-0.0819f,0.7585f,0f,-0.9397f,0.342f,-0.7632f,-0.0872f,-0.3407f,-0.9361f,3.4402f,0f,0f,0f,1f],start_interpolation: 0,interpolation_duration: 1}
$data merge entity $(bone_frontlegr) {transformation: [-0.9962f,-0.0226f,0.0842f,-0.8678f,0f,0.9659f,0.2588f,0.4526f,-0.0872f,0.2578f,-0.9623f,2.5866f,0f,0f,0f,1f],start_interpolation: 0,interpolation_duration: 1}
$data merge entity $(bone_frontlegtipright) {transformation: [-0.9962f,0.0868f,0.0076f,-0.5737f,0f,0.0872f,-0.9962f,-0.6148f,-0.0872f,-0.9924f,-0.0868f,2.0934f,0f,0f,0f,1f],start_interpolation: 0,interpolation_duration: 1}
$data merge entity $(bone_frontfootrightd) {transformation: [-0.9962f,0f,0.0872f,-0.7403f,0f,1f,0f,-1.0098f,-0.0872f,0f,-0.9962f,3.8763f,0f,0f,0f,1f],start_interpolation: 0,interpolation_duration: 1}
$data merge entity $(bone_frontfootright) {transformation: [0.9962f,0.0298f,0.0819f,-0.694f,0f,-0.9397f,0.342f,-0.7966f,0.0872f,-0.3407f,-0.9361f,3.4678f,0f,0f,0f,1f],start_interpolation: 0,interpolation_duration: 1}
$data merge entity $(bone_rearlegl) {transformation: [-0.9972f,-0.3045f,-0.294f,-0.1189f,0f,0.7525f,-0.7793f,0.6602f,0.4233f,-0.7173f,-0.6927f,-0.359f,0f,0f,0f,1f],start_interpolation: 0,interpolation_duration: 1}
$data merge entity $(bone_rearfootleftd) {transformation: [-0.9205f,-0.0068f,-0.3907f,1.0149f,0f,0.9998f,-0.0175f,-0.9334f,0.3907f,-0.0161f,-0.9204f,0.5527f,0f,0f,0f,1f],start_interpolation: 0,interpolation_duration: 1}
$data merge entity $(bone_rearfootleft) {transformation: [-0.9205f,0.0273f,-0.3898f,0.7503f,0f,0.9976f,0.0698f,-0.7607f,0.3907f,0.0642f,-0.9183f,-0.0706f,0f,0f,0f,1f],start_interpolation: 0,interpolation_duration: 1}
$data merge entity $(bone_rearlegtipleft) {transformation: [-0.9205f,0.3161f,-0.2297f,1.0233f,0f,0.5878f,0.809f,-0.2235f,0.3907f,0.7447f,-0.5411f,0.7323f,0f,0f,0f,1f],start_interpolation: 0,interpolation_duration: 1}
$data merge entity $(bone_rearlegr) {transformation: [-0.9972f,0.3045f,0.294f,-1.1403f,0f,0.7525f,-0.7793f,0.6417f,-0.4233f,-0.7173f,-0.6927f,-0.9223f,0f,0f,0f,1f],start_interpolation: 0,interpolation_duration: 1}
$data merge entity $(bone_rearfootrightd) {transformation: [-0.9205f,0.357f,0.1589f,-1.0085f,0f,0.4067f,-0.9135f,-0.952f,-0.3907f,-0.8409f,-0.3744f,0.5266f,0f,0f,0f,1f],start_interpolation: 0,interpolation_duration: 1}
$data merge entity $(bone_rearfootright) {transformation: [-0.9205f,-0.0273f,0.3898f,-0.7439f,0f,0.9976f,0.0698f,-0.7793f,-0.3907f,0.0642f,-0.9183f,-0.0967f,0f,0f,0f,1f],start_interpolation: 0,interpolation_duration: 1}
$data merge entity $(bone_rearlegtipright) {transformation: [-0.9205f,-0.3161f,0.2297f,-1.1319f,0f,0.5878f,0.809f,-0.2421f,-0.3907f,0.7447f,-0.5411f,0.6574f,0f,0f,0f,1f],start_interpolation: 0,interpolation_duration: 1}
$data merge entity $(bone_tail11) {transformation: [-0.2107f,-0.0087f,0.2112f,-2.2157f,0.1125f,0.2403f,0.1289f,-0.5741f,-0.2053f,0.1986f,-0.1604f,1.1848f,0f,0f,0f,1f],start_interpolation: 0,interpolation_duration: 1}
$data merge entity $(bone_tail10) {transformation: [-0.2829f,0.2184f,-0.175f,-2.1172f,0.1544f,0.3301f,0.1479f,-0.6573f,0.2331f,0.0743f,-0.3618f,1.3883f,0f,0f,0f,1f],start_interpolation: 0,interpolation_duration: 1}
$data merge entity $(bone_tail9) {transformation: [-0.0195f,0.1271f,-0.4805f,-1.8469f,0.1691f,0.4498f,0.1038f,-0.7157f,0.5158f,-0.1456f,-0.1037f,1.4466f,0f,0f,0f,1f],start_interpolation: 0,interpolation_duration: 1}
$data merge entity $(bone_tail8) {transformation: [0.3972f,-0.0019f,-0.4297f,-1.6052f,0.1541f,0.5428f,0.1272f,-0.7873f,0.4811f,-0.1971f,0.3771f,1.2345f,0f,0f,0f,1f],start_interpolation: 0,interpolation_duration: 1}
$data merge entity $(bone_tail7) {transformation: [0.6577f,-0.076f,-0.1887f,-1.4991f,0.1096f,0.6677f,0.0727f,-0.8282f,0.2545f,-0.0873f,0.7061f,0.8373f,0f,0f,0f,1f],start_interpolation: 0,interpolation_duration: 1}
$data merge entity $(bone_tail6) {transformation: [0.7966f,-0.1266f,0.0737f,-1.5452f,0.139f,0.7884f,-0.0049f,-0.8251f,-0.0046f,0.0432f,0.8879f,0.2823f,0f,0f,0f,1f],start_interpolation: 0,interpolation_duration: 1}
$data merge entity $(bone_tail5) {transformation: [0.8618f,-0.1243f,0.2273f,-1.7014f,0.1749f,0.8617f,-0.1344f,-0.7327f,-0.1391f,0.2185f,0.9532f,-0.373f,0f,0f,0f,1f],start_interpolation: 0,interpolation_duration: 1}
$data merge entity $(bone_tail4) {transformation: [0.985f,-0.1156f,0.1278f,-1.7813f,0.1601f,0.9408f,-0.257f,-0.572f,-0.0092f,0.3342f,1.0453f,-1.0263f,0f,0f,0f,1f],start_interpolation: 0,interpolation_duration: 1}
$data merge entity $(bone_tail3) {transformation: [0.9828f,-0.3963f,-0.3339f,-1.5726f,0.3097f,0.9993f,-0.334f,-0.3633f,0.5613f,0.234f,1.057f,-1.6869f,0f,0f,0f,1f],start_interpolation: 0,interpolation_duration: 1}
$data merge entity $(bone_tail2) {transformation: [0.4805f,-0.6163f,-0.9556f,-0.9754f,0.2429f,1.0465f,-0.5785f,-0.0017f,1.2673f,0.0346f,0.478f,-1.9857f,0f,0f,0f,1f],start_interpolation: 0,interpolation_duration: 1}
$data merge entity $(bone_tail1) {transformation: [-0.5243f,-0.4051f,-1.201f,-0.2998f,0.1059f,1.2575f,-0.4957f,0.2771f,1.34f,-0.2915f,-0.6212f,-1.6362f,0f,0f,0f,1f],start_interpolation: 0,interpolation_duration: 1}
$data merge entity $(bone_tail0) {transformation: [-1.4095f,-0.0891f,-0.5726f,0f,0f,1.4772f,-0.2952f,0.8125f,0.513f,-0.2448f,-1.5732f,-0.8125f,0f,0f,0f,1f],start_interpolation: 0,interpolation_duration: 1}
$data merge entity $(bone_saddle) {transformation: [-3.005f,0f,0f,0f,0f,3.005f,0f,4.0938f,0f,0f,-3.005f,2.6875f,0f,0f,0f,1f],start_interpolation: 0,interpolation_duration: 1}
$data merge entity $(bone_body) {transformation: [-2.6667f,0f,0f,0f,0f,2.6667f,0f,1.0938f,0f,0f,-2.6667f,3.0625f,0f,0f,0f,1f],start_interpolation: 0,interpolation_duration: 1}