# This file was generated by Animated Java via MC-Build. It is not recommended to edit this file directly.
$data merge entity $(bone_leftwing20) {transformation: [-0.4516f,-1.8832f,-2.2364f,1.3029f,-0.4166f,2.2812f,-1.8369f,0.3022f,2.8938f,0.0346f,-0.6134f,3.5199f,0f,0f,0f,1f],start_interpolation: 0,interpolation_duration: 1}
$data merge entity $(bone_leftwing21) {transformation: [-0.2549f,-1.8831f,-2.2671f,1.3029f,-0.2549f,2.2811f,-1.8661f,0.3022f,2.9361f,0.0346f,-0.3589f,3.5199f,0f,0f,0f,1f],start_interpolation: 0,interpolation_duration: 1}
$data merge entity $(bone_leftwing22) {transformation: [-0.0565f,-1.8868f,-2.2851f,1.3029f,-0.0915f,2.2855f,-1.8849f,0.3022f,2.9619f,0.0346f,-0.1018f,3.5199f,0f,0f,0f,1f],start_interpolation: 0,interpolation_duration: 1}
$data merge entity $(bone_leftwing23) {transformation: [0.1406f,-1.8567f,-2.245f,1.3029f,0.072f,2.2491f,-1.8556f,0.3022f,2.9124f,0.0341f,0.1543f,3.5199f,0f,0f,0f,1f],start_interpolation: 0,interpolation_duration: 1}
$data merge entity $(bone_leftwing1) {transformation: [-0.3097f,-1.2732f,1.511f,0.8383f,-0.226f,1.5422f,1.2532f,-0.0367f,-1.9629f,0.0234f,-0.3827f,0.5755f,0f,0f,0f,1f],start_interpolation: 0,interpolation_duration: 1}
$data merge entity $(bone_leftwing) {transformation: [-0.1005f,-0.7427f,-0.8941f,0.6875f,-0.1005f,0.8996f,-0.736f,-0.1875f,1.158f,0.0136f,-0.1415f,2.3125f,0f,0f,0f,1f],start_interpolation: 0,interpolation_duration: 1}
$data merge entity $(bone_rightwing20) {transformation: [-0.4516f,1.8832f,2.2364f,-1.3029f,0.4166f,2.2812f,-1.8369f,0.3022f,-2.8938f,0.0346f,-0.6134f,3.5199f,0f,0f,0f,1f],start_interpolation: 0,interpolation_duration: 1}
$data merge entity $(bone_rightwing21) {transformation: [-0.2549f,1.8832f,2.2672f,-1.3029f,0.2549f,2.2812f,-1.8662f,0.3022f,-2.9363f,0.0346f,-0.3589f,3.5199f,0f,0f,0f,1f],start_interpolation: 0,interpolation_duration: 1}
$data merge entity $(bone_rightwing22) {transformation: [-0.0564f,1.8832f,2.2808f,-1.3029f,0.0913f,2.2812f,-1.8813f,0.3022f,-2.9564f,0.0346f,-0.1016f,3.5199f,0f,0f,0f,1f],start_interpolation: 0,interpolation_duration: 1}
$data merge entity $(bone_rightwing23) {transformation: [0.1406f,1.8567f,2.245f,-1.3029f,-0.072f,2.2491f,-1.8556f,0.3022f,-2.9124f,0.0341f,0.1543f,3.5199f,0f,0f,0f,1f],start_interpolation: 0,interpolation_duration: 1}
$data merge entity $(bone_rightwing1) {transformation: [-0.3097f,1.2732f,-1.511f,-0.8383f,0.226f,1.5422f,1.2532f,-0.0367f,1.9629f,0.0234f,-0.3827f,0.5755f,0f,0f,0f,1f],start_interpolation: 0,interpolation_duration: 1}
$data merge entity $(bone_rightwing) {transformation: [-0.1005f,0.7427f,0.8941f,-0.6875f,0.1005f,0.8996f,-0.736f,-0.1875f,-1.158f,0.0136f,-0.1415f,2.3125f,0f,0f,0f,1f],start_interpolation: 0,interpolation_duration: 1}
$data merge entity $(bone_eyebrow) {transformation: [-0.8923f,0f,0f,0f,0f,0.8922f,-0.0092f,0.1779f,0f,-0.0092f,-0.8922f,6.1202f,0f,0f,0f,1f],start_interpolation: 0,interpolation_duration: 1}
$data merge entity $(bone_head) {transformation: [-1.2269f,0f,0f,0f,0f,1.2268f,-0.0126f,-0.268f,0f,-0.0126f,-1.2268f,4.5114f,0f,0f,0f,1f],start_interpolation: 0,interpolation_duration: 1}
$data merge entity $(bone_neck4) {transformation: [-1.0498f,0f,0f,0f,0f,0.9218f,-0.5023f,-0.2706f,0f,-0.5023f,-0.9218f,4.4381f,0f,0f,0f,1f],start_interpolation: 0,interpolation_duration: 1}
$data merge entity $(bone_neck3) {transformation: [-1.1664f,0f,0f,0f,0f,0.9824f,-0.6288f,-0.5457f,0f,-0.6288f,-0.9824f,4.0083f,0f,0f,0f,1f],start_interpolation: 0,interpolation_duration: 1}
$data merge entity $(bone_neck2) {transformation: [-1.296f,0f,0f,0f,0f,1.1367f,-0.6226f,-0.7013f,0f,-0.6226f,-1.1367f,3.7241f,0f,0f,0f,1f],start_interpolation: 0,interpolation_duration: 1}
$data merge entity $(bone_neck1) {transformation: [-1.44f,0f,0f,0f,0f,1.3676f,-0.4509f,-0.8141f,0f,-0.4509f,-1.3676f,3.3822f,0f,0f,0f,1f],start_interpolation: 0,interpolation_duration: 1}
$data merge entity $(bone_neck0) {transformation: [-1.6f,0f,0f,0f,0f,1.5844f,-0.2227f,-0.9687f,0f,-0.2227f,-1.5844f,3f,0f,0f,0f,1f],start_interpolation: 0,interpolation_duration: 1}
$data merge entity $(bone_frontlegl) {transformation: [-0.9659f,-0.183f,0.183f,0.4375f,0f,0.7071f,0.7071f,-0.75f,-0.2588f,0.683f,-0.683f,2.5f,0f,0f,0f,1f],start_interpolation: 0,interpolation_duration: 1}
$data merge entity $(bone_frontlegtipleft) {transformation: [-0.9659f,0.1664f,0.1983f,0.9259f,0f,0.766f,-0.6428f,-1.3984f,-0.2588f,-0.6209f,-0.7399f,1.6434f,0f,0f,0f,1f],start_interpolation: 0,interpolation_duration: 1}
$data merge entity $(bone_frontfootleftd) {transformation: [-0.9659f,0f,0.2588f,0.6106f,0f,1f,0f,-2.8741f,-0.2588f,0f,-0.9659f,2.7792f,0f,0f,0f,1f],start_interpolation: 0,interpolation_duration: 1}
$data merge entity $(bone_frontfootleft) {transformation: [0.9659f,0.1485f,0.212f,0.7052f,0f,-0.8192f,0.5736f,-2.5648f,0.2588f,-0.554f,-0.7912f,2.4668f,0f,0f,0f,1f],start_interpolation: 0,interpolation_duration: 1}
$data merge entity $(bone_frontlegr) {transformation: [-0.9659f,0.183f,-0.183f,-0.875f,0f,0.7071f,0.7071f,-0.8125f,0.2588f,0.683f,-0.683f,2.625f,0f,0f,0f,1f],start_interpolation: 0,interpolation_duration: 1}
$data merge entity $(bone_frontlegtipright) {transformation: [-0.9659f,-0.1664f,-0.1983f,-0.8804f,0f,0.766f,-0.6428f,-1.4609f,0.2588f,-0.6209f,-0.7399f,1.639f,0f,0f,0f,1f],start_interpolation: 0,interpolation_duration: 1}
$data merge entity $(bone_frontfootrightd) {transformation: [-0.9659f,0f,-0.2588f,-0.5829f,0f,1f,0f,-2.8773f,0.2588f,0f,-0.9659f,2.79f,0f,0f,0f,1f],start_interpolation: 0,interpolation_duration: 1}
$data merge entity $(bone_frontfootright) {transformation: [0.9659f,-0.1485f,-0.212f,-0.6612f,0f,-0.8192f,0.5736f,-2.565f,-0.2588f,-0.554f,-0.7912f,2.4571f,0f,0f,0f,1f],start_interpolation: 0,interpolation_duration: 1}
$data merge entity $(bone_rearlegl) {transformation: [-1.0464f,-0.0535f,-0.2752f,-0.0233f,0f,1.0634f,-0.2067f,-0.4881f,0.2804f,-0.1997f,-1.0272f,-0.4256f,0f,0f,0f,1f],start_interpolation: 0,interpolation_duration: 1}
$data merge entity $(bone_rearfootleftd) {transformation: [-0.9659f,-0.0045f,-0.2588f,0.5927f,0f,0.9998f,-0.0175f,-2.8278f,0.2588f,-0.0169f,-0.9658f,-0.7829f,0f,0f,0f,1f],start_interpolation: 0,interpolation_duration: 1}
$data merge entity $(bone_rearfootleft) {transformation: [-0.9659f,0.2416f,-0.0928f,0.5592f,0f,0.3584f,0.9336f,-2.1411f,0.2588f,0.9018f,-0.3462f,-0.9082f,0f,0f,0f,1f],start_interpolation: 0,interpolation_duration: 1}
$data merge entity $(bone_rearlegtipleft) {transformation: [-0.9659f,0.2541f,-0.0494f,0.756f,0f,0.1908f,0.9816f,-2.0117f,0.2588f,0.9482f,-0.1843f,0.0677f,0f,0f,0f,1f],start_interpolation: 0,interpolation_duration: 1}
$data merge entity $(bone_rearlegr) {transformation: [-1.0464f,0.0535f,0.2752f,-1.3006f,0f,1.0634f,-0.2067f,-0.4881f,-0.2804f,-0.1997f,-1.0272f,-0.8138f,0f,0f,0f,1f],start_interpolation: 0,interpolation_duration: 1}
$data merge entity $(bone_rearfootrightd) {transformation: [-0.9659f,0.0045f,0.2588f,-0.5885f,0f,0.9998f,-0.0175f,-2.8278f,-0.2588f,-0.0169f,-0.9658f,-0.8153f,0f,0f,0f,1f],start_interpolation: 0,interpolation_duration: 1}
$data merge entity $(bone_rearfootright) {transformation: [-0.9659f,-0.2416f,0.0928f,-0.5549f,0f,0.3584f,0.9336f,-2.1411f,-0.2588f,0.9018f,-0.3462f,-0.9405f,0f,0f,0f,1f],start_interpolation: 0,interpolation_duration: 1}
$data merge entity $(bone_rearlegtipright) {transformation: [-0.9659f,-0.2541f,0.0494f,-0.8724f,0f,0.1908f,0.9816f,-2.0117f,-0.2588f,0.9482f,-0.1843f,0.003f,0f,0f,0f,1f],start_interpolation: 0,interpolation_duration: 1}
$data merge entity $(bone_tail11) {transformation: [-0.2855f,0.0463f,-0.0514f,0.1768f,0.0008f,0.2201f,0.1964f,-1.6771f,0.0808f,0.2244f,-0.2305f,-7.0085f,0f,0f,0f,1f],start_interpolation: 0,interpolation_duration: 1}
$data merge entity $(bone_tail10) {transformation: [-0.3814f,0.047f,-0.0759f,0.2195f,0.0029f,0.3392f,0.1991f,-1.7891f,0.1045f,0.233f,-0.3612f,-6.8053f,0f,0f,0f,1f],start_interpolation: 0,interpolation_duration: 1}
$data merge entity $(bone_tail9) {transformation: [-0.4809f,0.0387f,-0.0838f,0.2666f,0.0106f,0.4651f,0.159f,-1.8785f,0.1086f,0.1954f,-0.5057f,-6.5209f,0f,0f,0f,1f],start_interpolation: 0,interpolation_duration: 1}
$data merge entity $(bone_tail8) {transformation: [-0.5718f,0.0246f,-0.0656f,0.3035f,0.0175f,0.5737f,0.0712f,-1.9186f,0.0831f,0.1046f,-0.6366f,-6.1628f,0f,0f,0f,1f],start_interpolation: 0,interpolation_duration: 1}
$data merge entity $(bone_tail7) {transformation: [-0.6772f,0.0124f,-0.0238f,0.3169f,0.0156f,0.6778f,-0.0587f,-1.8856f,0.0328f,-0.034f,-0.7638f,-5.7331f,0f,0f,0f,1f],start_interpolation: 0,interpolation_duration: 1}
$data merge entity $(bone_tail6) {transformation: [-0.7968f,0.0105f,0.0246f,0.3031f,0.006f,0.7797f,-0.1816f,-1.7834f,-0.0219f,-0.1662f,-0.8846f,-5.2356f,0f,0f,0f,1f],start_interpolation: 0,interpolation_duration: 1}
$data merge entity $(bone_tail5) {transformation: [-0.8835f,0.0137f,0.0639f,0.2671f,-0.0046f,0.8487f,-0.2663f,-1.6336f,-0.0652f,-0.258f,-0.9643f,-4.6931f,0f,0f,0f,1f],start_interpolation: 0,interpolation_duration: 1}
$data merge entity $(bone_tail4) {transformation: [-0.9794f,0.0134f,0.097f,0.2125f,-0.0122f,0.9504f,-0.2709f,-1.4812f,-0.1006f,-0.2586f,-1.0763f,-4.0877f,0f,0f,0f,1f],start_interpolation: 0,interpolation_duration: 1}
$data merge entity $(bone_tail3) {transformation: [-1.0876f,0.0123f,0.1141f,0.1484f,-0.0151f,1.0627f,-0.2763f,-1.3257f,-0.1184f,-0.2594f,-1.2016f,-3.4118f,0f,0f,0f,1f],start_interpolation: 0,interpolation_duration: 1}
$data merge entity $(bone_tail2) {transformation: [-1.2098f,0.0111f,0.114f,0.0843f,-0.0137f,1.1869f,-0.2826f,-1.1668f,-0.1171f,-0.2604f,-1.3422f,-2.6568f,0f,0f,0f,1f],start_interpolation: 0,interpolation_duration: 1}
$data merge entity $(bone_tail1) {transformation: [-1.3468f,0.0099f,0.0954f,0.0306f,-0.0085f,1.3245f,-0.2892f,-1.0041f,-0.0951f,-0.2611f,-1.4992f,-1.8136f,0f,0f,0f,1f],start_interpolation: 0,interpolation_duration: 1}
$data merge entity $(bone_tail0) {transformation: [-1.4991f,0.0091f,0.0584f,0f,0f,1.4772f,-0.2952f,-0.4687f,-0.0523f,-0.2603f,-1.6732f,-0.9375f,0f,0f,0f,1f],start_interpolation: 0,interpolation_duration: 1}
$data merge entity $(bone_body) {transformation: [-2.6667f,0f,0f,0f,0f,2.6667f,0f,-0.1875f,0f,0f,-2.6667f,3.0625f,0f,0f,0f,1f],start_interpolation: 0,interpolation_duration: 1}
data modify entity @s data merge value {"cameras":{},"locators":{"saddle":{"posx":-2.372753173347997e-16,"posy":-0.1875,"posz":1.9375,"roty":0,"rotx":0}}}