# This file was generated by Animated Java via MC-Build. It is not recommended to edit this file directly.
$data merge entity $(bone_leftwing20) { transformation: [-0.4515628940773128f,-1.8832258659169192f,-2.236355830753484f,1.3029064090705922f,-0.41661419738126926f,2.281228261593471f,-1.8368903996043704f,0.23974801989051073f,2.893831314078966f,0.03455528266144329f,-0.6134185921597958f,2.457405651630409f,0f,0f,0f,1f], start_interpolation: 0, interpolation_duration: 1 }
$data merge entity $(bone_leftwing21) { transformation: [-0.2549196272334442f,-1.8831248083035508f,-2.267080458537416f,1.3029064090705922f,-0.2549196272334434f,2.2811058463867573f,-1.866110652322273f,0.23974801989051073f,2.936124798570672f,0.03455342835683849f,-0.3588510739658793f,2.457405651630409f,0f,0f,0f,1f], start_interpolation: 0, interpolation_duration: 1 }
$data merge entity $(bone_leftwing22) { transformation: [-0.05646932909025815f,-1.8867610256832485f,-2.285075101540262f,1.3029064090705922f,-0.09148363088905596f,2.2855105447301636f,-1.8848598006353232f,0.23974801989051073f,2.9619362135258576f,0.034620149254022396f,-0.10178155586440094f,2.457405651630409f,0f,0f,0f,1f], start_interpolation: 0, interpolation_duration: 1 }
$data merge entity $(bone_leftwing23) { transformation: [0.14062627229488928f,-1.856701557946258f,-2.2449561289042657f,1.3029064090705922f,0.07197558370990365f,2.2490982860780697f,-1.8556187268279956f,0.23974801989051073f,2.9123853129925146f,0.034068588539451126f,0.15425810962431497f,2.457405651630409f,0f,0f,0f,1f], start_interpolation: 0, interpolation_duration: 1 }
$data merge entity $(bone_leftwing1) { transformation: [-0.30973386038310724f,-1.27316678259172f,1.5109967833973794f,0.8383056184959312f,-0.22596160092971992f,1.542238824739248f,1.2531722796057139f,-0.09919438150406915f,-1.9629076113351482f,0.02336131785562363f,-0.38268519463207945f,-0.48695576537231355f,0f,0f,0f,1f], start_interpolation: 0, interpolation_duration: 1 }
$data merge entity $(bone_leftwing) { transformation: [-0.10053707899728752f,-0.7426806231785034f,-0.8941078787333185f,0.6874999999999999f,-0.10053707899728724f,0.899639314431228f,-0.7359704551050364f,-0.25f,1.157970510248209f,0.013627435415780452f,-0.1415263279768198f,1.25f,0f,0f,0f,1f], start_interpolation: 0, interpolation_duration: 1 }
$data merge entity $(bone_rightwing20) { transformation: [-0.451562894077312f,1.8832258659169192f,2.236355830753484f,-1.3029064090705926f,0.41661419738126926f,2.281228261593471f,-1.8368903996043704f,0.23974801989051073f,-2.893831314078966f,0.034555282661443754f,-0.613418592159795f,2.4574056516304084f,0f,0f,0f,1f], start_interpolation: 0, interpolation_duration: 1 }
$data merge entity $(bone_rightwing21) { transformation: [-0.25493330745740694f,1.8832258659169192f,2.267202121073772f,-1.3029064090705926f,0.254933307457407f,2.281228261593471f,-1.8662107968734856f,0.23974801989051073f,-2.936282365272245f,0.034555282661443754f,-0.358870331655507f,2.4574056516304084f,0f,0f,0f,1f], start_interpolation: 0, interpolation_duration: 1 }
$data merge entity $(bone_rightwing22) { transformation: [-0.056363524434811255f,1.8832258659169192f,2.2807936342786186f,-1.3029064090705926f,0.09131222113085428f,2.281228261593471f,-1.8813282031295053f,0.23974801989051073f,-2.956386534690034f,0.034555282661443754f,-0.10159085123548951f,2.4574056516304084f,0f,0f,0f,1f], start_interpolation: 0, interpolation_duration: 1 }
$data merge entity $(bone_rightwing23) { transformation: [0.14062627229489008f,1.856701557946258f,2.2449561289042657f,-1.3029064090705926f,-0.07197558370990365f,2.2490982860780697f,-1.8556187268279956f,0.23974801989051073f,-2.9123853129925146f,0.034068588539451584f,0.15425810962431555f,2.4574056516304084f,0f,0f,0f,1f], start_interpolation: 0, interpolation_duration: 1 }
$data merge entity $(bone_rightwing1) { transformation: [-0.30973386038310774f,1.27316678259172f,-1.5109967833973792f,-0.838305618495931f,0.22596160092971992f,1.542238824739248f,1.2531722796057139f,-0.09919438150406915f,1.962907611335148f,0.023361317855623943f,-0.38268519463207984f,-0.48695576537231355f,0f,0f,0f,1f], start_interpolation: 0, interpolation_duration: 1 }
$data merge entity $(bone_rightwing) { transformation: [-0.10053707899728723f,0.7426806231785034f,0.8941078787333185f,-0.6875000000000001f,0.10053707899728724f,0.899639314431228f,-0.7359704551050364f,-0.25f,-1.157970510248209f,0.013627435415780634f,-0.14152632797681958f,1.25f,0f,0f,0f,1f], start_interpolation: 0, interpolation_duration: 1 }
$data merge entity $(bone_head) { transformation: [-1.2269070000000002f,1.5457216538961358e-18f,1.5024482204330022e-16f,-4.223643213577145e-16f,0f,1.2268420751836897f,-0.012621775151597354f,-0.33050877386888744f,-1.5025277304014817e-16f,-0.012621775151597354f,-1.2268420751836897f,3.4488664131713804f,0f,0f,0f,1f], start_interpolation: 0, interpolation_duration: 1 }
$data merge entity $(bone_neck4) { transformation: [-1.0497600000000002f,6.151911240102135e-17f,1.1288353506067435e-16f,-4.133866281538904e-16f,0f,0.9217640150553471f,-0.5023416747086046f,-0.3331000030676956f,-1.2855852238729257e-16f,-0.5023416747086046f,-0.9217640150553471f,3.3755579848957775f,0f,0f,0f,1f], start_interpolation: 0, interpolation_duration: 1 }
$data merge entity $(bone_neck3) { transformation: [-1.1664000000000003f,7.70052084776733e-17f,1.2030903597379806e-16f,-3.607514249153538e-16f,0f,0.9823978314201441f,-0.628795245545796f,-0.6081979229939813f,-1.428428026525473e-16f,-0.628795245545796f,-0.9823978314201441f,2.9457589336494645f,0f,0f,0f,1f], start_interpolation: 0, interpolation_duration: 1 }
$data merge entity $(bone_neck2) { transformation: [-1.2960000000000003f,7.624055921795121e-17f,1.3920338502093926e-16f,-3.2595057866011896e-16f,0f,1.136681899775985f,-0.6225514105049135f,-0.7638357756202097f,-1.58714225169497e-16f,-0.6225514105049135f,-1.136681899775985f,2.6615884587054683f,0f,0f,0f,1f], start_interpolation: 0, interpolation_duration: 1 }
$data merge entity $(bone_neck1) { transformation: [-1.4400000000000002f,5.5215981927080224e-17f,1.6748198169685189e-16f,-2.8408008323590596e-16f,0f,1.367594165219387f,-0.4508727084864285f,-0.8765539527418168f,-1.7634913907721887e-16f,-0.4508727084864285f,-1.367594165219387f,2.3196899174006216f,0f,0f,0f,1f], start_interpolation: 0, interpolation_duration: 1 }
$data merge entity $(bone_neck0) { transformation: [-1.6f,2.7270062818904893e-17f,1.9403657930915126e-16f,-2.372753173347997e-16f,0f,1.5844289099865128f,-0.22267696153610472f,-1.03125f,-1.9594348786357652e-16f,-0.22267696153610472f,-1.5844289099865128f,1.9375f,0f,0f,0f,1f], start_interpolation: 0, interpolation_duration: 1 }
$data merge entity $(bone_frontlegl) { transformation: [-0.9659258262890683f,-0.18301270189221935f,0.1830127018922194f,0.43749991855461307f,0f,0.7071067811865476f,0.7071067811865474f,-0.812499872708197f,-0.25881904510252085f,0.6830127018922192f,-0.6830127018922194f,1.4374998636284433f,0f,0f,0f,1f], start_interpolation: 0, interpolation_duration: 1 }
$data merge entity $(bone_frontlegtipleft) { transformation: [-0.9659258262890683f,0.16636567534280197f,0.1982668912741462f,0.9258546018259133f,0f,0.7660444431189779f,-0.6427876096865393f,-1.4608684444880895f,-0.25881904510252085f,-0.6208851530148456f,-0.739942111693848f,0.5808611998348124f,0f,0f,0f,1f], start_interpolation: 0, interpolation_duration: 1 }
$data merge entity $(bone_frontfootleftd) { transformation: [-0.9659258262890683f,4.163336342344337e-17f,0.25881904510252063f,0.6105501468856939f,1.1099069304367538e-16f,0.9999999999999999f,1.1102230246251565e-16f,-2.936557888436618f,-0.2588190451025207f,2.7755575615628914e-16f,-0.9659258262890682f,1.71671546455597f,0f,0f,0f,1f], start_interpolation: 0, interpolation_duration: 1 }
$data merge entity $(bone_frontfootleft) { transformation: [0.9659258262890683f,0.1484525055496845f,0.21201214989665457f,0.705225149104139f,-1.0673500138322961e-17f,-0.8191520442889916f,0.573576436351046f,-2.6272838780894365f,0.25881904510252074f,-0.5540322932223235f,-0.7912401152362237f,1.4042615270385896f,0f,0f,0f,1f], start_interpolation: 0, interpolation_duration: 1 }
$data merge entity $(bone_frontlegr) { transformation: [-0.9659258262890683f,0.1830127018922192f,-0.18301270189221924f,-0.8749998859325938f,0f,0.7071067811865476f,0.7071067811865474f,-0.875000202488806f,0.25881904510252063f,0.6830127018922192f,-0.6830127018922194f,1.5625000266383806f,0f,0f,0f,1f], start_interpolation: 0, interpolation_duration: 1 }
$data merge entity $(bone_frontlegtipright) { transformation: [-0.9659258262890683f,-0.16636567534280183f,-0.19826689127414604f,-0.8803916200329691f,0f,0.7660444431189779f,-0.6427876096865393f,-1.5233685886738115f,0.25881904510252063f,-0.6208851530148456f,-0.739942111693848f,0.5764519747458099f,0f,0f,0f,1f], start_interpolation: 0, interpolation_duration: 1 }
$data merge entity $(bone_frontfootrightd) { transformation: [-0.9659258262890683f,1.8041124150158794e-16f,-0.25881904510252074f,-0.5829134641570145f,1.1099069304367538e-16f,0.9999999999999999f,1.1102230246251565e-16f,-2.939783821738286f,0.2588190451025208f,2.7755575615628914e-16f,-0.9659258262890682f,1.7275335475853204f,0f,0f,0f,1f], start_interpolation: 0, interpolation_duration: 1 }
$data merge entity $(bone_frontfootright) { transformation: [0.9659258262890683f,-0.14845250554968453f,-0.21201214989665457f,-0.6611720151932667f,-1.0673500138322961e-17f,-0.8191520442889916f,0.573576436351046f,-2.6275218536444247f,-0.25881904510252074f,-0.5540322932223235f,-0.7912401152362237f,1.3945906780227515f,0f,0f,0f,1f], start_interpolation: 0, interpolation_duration: 1 }
$data merge entity $(bone_rearlegl) { transformation: [-1.0464196451464907f,-0.05350041881202264f,-0.2752357944554847f,-0.023270129976720844f,0f,1.0634294487349691f,-0.20670974499125683f,-0.5505744503028496f,0.28038729886106406f,-0.19966628123268237f,-1.0271939689694536f,-1.4881059341813077f,0f,0f,0f,1f], start_interpolation: 0, interpolation_duration: 1 }
$data merge entity $(bone_rearfootleftd) { transformation: [-0.9659258262890683f,-0.004517015168838803f,-0.2587796257083333f,0.5927418201770558f,0f,0.9998476951563912f,-0.01745240643728352f,-2.8902550834601533f,0.2588190451025207f,-0.01685773010866576f,-0.9657787111071576f,-1.8454140604327642f,0f,0f,0f,1f], start_interpolation: 0, interpolation_duration: 1 }
$data merge entity $(bone_rearfootleft) { transformation: [-0.9659258262890683f,0.2416283945124097f,-0.09275245049666295f,0.5591780597746513f,0f,0.35836794954530043f,0.9335804264972016f,-2.203622546550165f,0.2588190451025207f,0.9017694448716103f,-0.34615685778006344f,-1.9706757195476066f,0f,0f,0f,1f], start_interpolation: 0, interpolation_duration: 1 }
$data merge entity $(bone_rearlegtipleft) { transformation: [-0.9659258262890683f,0.25406381026660124f,-0.04938500198032865f,0.7559580685219564f,0f,0.190808995376545f,0.981627183447664f,-2.074165250139099f,0.2588190451025207f,0.9481790482794956f,-0.18430733652247627f,-0.9948012724165487f,0f,0f,0f,1f], start_interpolation: 0, interpolation_duration: 1 }
$data merge entity $(bone_rearlegr) { transformation: [-1.0464196451464907f,0.053500418812022686f,0.2752357944554849f,-1.300618671452325f,0f,1.0634294487349691f,-0.20670974499125683f,-0.5505744789223219f,-0.2803872988610643f,-0.19966628123268237f,-1.0271939689694536f,-1.876334669531919f,0f,0f,0f,1f], start_interpolation: 0, interpolation_duration: 1 }
$data merge entity $(bone_rearfootrightd) { transformation: [-0.9659258262890683f,0.004517015168838803f,0.25877962570833357f,-0.5884826104586325f,0f,0.9998476951563912f,-0.01745240643728352f,-2.8902551120796263f,-0.2588190451025209f,-0.01685773010866576f,-0.9657787111071576f,-1.8777666087674092f,0f,0f,0f,1f], start_interpolation: 0, interpolation_duration: 1 }
$data merge entity $(bone_rearfootright) { transformation: [-0.9659258262890683f,-0.24162839451240992f,0.09275245049666303f,-0.5549188500562279f,0f,0.35836794954530043f,0.9335804264972016f,-2.2036225751696374f,-0.2588190451025209f,0.9017694448716103f,-0.34615685778006344f,-2.0030282678822515f,0f,0f,0f,1f], start_interpolation: 0, interpolation_duration: 1 }
$data merge entity $(bone_rearlegtipright) { transformation: [-0.9659258262890683f,-0.25406381026660146f,0.04938500198032869f,-0.8724395870896666f,0f,0.190808995376545f,0.981627183447664f,-2.0741652787585716f,-0.2588190451025209f,0.9481790482794956f,-0.18430733652247627f,-1.0595062013890089f,0f,0f,0f,1f], start_interpolation: 0, interpolation_duration: 1 }
$data merge entity $(bone_tail11) { transformation: [-0.28551918401037896f,0.04627643689064313f,-0.051439176023249975f,0.17679875207043655f,0.0008086976053095028f,0.22011843995199662f,0.1963847134957196f,-1.7396031504130913f,0.08081809397510914f,0.22443918320618156f,-0.23053843516112715f,-8.070952332980003f,0f,0f,0f,1f], start_interpolation: 0, interpolation_duration: 1 }
$data merge entity $(bone_tail10) { transformation: [-0.381400411436403f,0.04702396912100589f,-0.0758957489845977f,0.21949011087427275f,0.002894158926741203f,0.33921690255511056f,0.19906097571722015f,-1.8515749492540277f,0.10446744084047901f,0.23302628806322095f,-0.3611566953889744f,-7.867801691823705f,0f,0f,0f,1f], start_interpolation: 0, interpolation_duration: 1 }
$data merge entity $(bone_tail9) { transformation: [-0.48086300490125533f,0.038685962931119214f,-0.08378878742593387f,0.26662130380136057f,0.010562594524698102f,0.4651167482381543f,0.15898532821381317f,-1.9410041963742977f,0.10863045481070725f,0.19543144017324926f,-0.5056751067499407f,-7.583359444276863f,0f,0f,0f,1f], start_interpolation: 0, interpolation_duration: 1 }
$data merge entity $(bone_tail8) { transformation: [-0.571771817823343f,0.024594144140888518f,-0.06558228113453642f,0.3035113369395373f,0.01749444547991545f,0.5737452602124524f,0.07122457520630987f,-1.981068019927847f,0.08310035834139454f,0.10460070653582322f,-0.6366074615917291f,-7.225267747131515f,0f,0f,0f,1f], start_interpolation: 0, interpolation_duration: 1 }
$data merge entity $(bone_tail7) { transformation: [-0.6771687731421344f,0.012409085838850196f,-0.023816971771045508f,0.3169083835607504f,0.015635219127756922f,0.6777712215716332f,-0.05868696671780517f,-1.9480566011490816f,0.032765421008686964f,-0.033961709463432396f,-0.7638067576724501f,-6.795626445940762f,0f,0f,0f,1f], start_interpolation: 0, interpolation_duration: 1 }
$data merge entity $(bone_tail6) { transformation: [-0.7968456256514003f,0.010502877688164393f,0.024631523892085304f,0.30305315137145244f,0.0060168961475546385f,0.7796803951208767f,-0.18160165956745938f,-1.8459056676423857f,-0.0218608327955275f,-0.16623952555149032f,-0.8845586135847582f,-6.2980622257993355f,0f,0f,0f,1f], start_interpolation: 0, interpolation_duration: 1 }
$data merge entity $(bone_tail5) { transformation: [-0.8834712223383541f,0.013693216901051646f,0.06388415990768384f,0.2671183114233803f,-0.004597666094889359f,0.84870192085189f,-0.2663443706280959f,-1.6960869591640817f,-0.0651834705953278f,-0.2580350159002527f,-0.9642910424435072f,-5.755648514424863f,0f,0f,0f,1f], start_interpolation: 0, interpolation_duration: 1 }
$data merge entity $(bone_tail4) { transformation: [-0.9794304183088238f,0.013351369140022263f,0.09702809857351594f,0.21254000597577755f,-0.012204695566437971f,0.9504257496916024f,-0.2709252184580659f,-1.5436915237814197f,-0.10063499417782049f,-0.2585604410812036f,-1.076306921193094f,-5.150225871253747f,0f,0f,0f,1f], start_interpolation: 0, interpolation_duration: 1 }
$data merge entity $(bone_tail3) { transformation: [-1.0876479483250807f,0.012326884832419066f,0.11407895194954808f,0.14837059550415674f,-0.015073433258673124f,1.0627354034596654f,-0.27634117372666667f,-1.3882496135601696f,-0.11839496525053014f,-0.25943602900101703f,-1.2016165610304979f,-4.4743165556740925f,0f,0f,0f,1f], start_interpolation: 0, interpolation_duration: 1 }
$data merge entity $(bone_tail2) { transformation: [-1.2097974285732043f,0.011058979905257706f,0.11396881908446921f,0.08426313476914281f,-0.013700783157938533f,1.1869439892155496f,-0.28260026519218595f,-1.229286964389565f,-0.11707939188461297f,-0.26044920934868165f,-1.3421735951516958f,-3.7193439084012634f,0f,0f,0f,1f], start_interpolation: 0, interpolation_duration: 1 }
$data merge entity $(bone_tail1) { transformation: [-1.3468151037665996f,0.009884467443415678f,0.09541348310202388f,0.03059305052425437f,-0.008470822450959642f,1.3245433419758472f,-0.2892141993173064f,-1.06660397727358f,-0.09510152391492985f,-0.26105926168428506f,-1.499153004251896f,-2.876070343509572f,0f,0f,0f,1f], start_interpolation: 0, interpolation_duration: 1 }
$data merge entity $(bone_tail0) { transformation: [-1.4990862405286436f,0.00909035100582354f,0.058427801379040016f,2.4492935982947064e-16f,0f,1.477211629518312f,-0.2952019020337816f,-0.53125f,-0.05234924505375163f,-0.2603135938333686f,-1.6731533190540695f,-2f,0f,0f,0f,1f], start_interpolation: 0, interpolation_duration: 1 }
$data merge entity $(bone_body) { transformation: [-2.6666666666666665f,0f,3.265724797726275e-16f,-2.4492935982947064e-16f,0f,2.6666666666666665f,0f,-0.25f,-3.265724797726275e-16f,0f,-2.6666666666666665f,2f,0f,0f,0f,1f], start_interpolation: 0, interpolation_duration: 1 }