# This file was generated by Animated Java via MC-Build. It is not recommended to edit this file directly.
$data merge entity $(bone_leftwing20) {transformation: [-0.4515f,-1.8846f,-2.2352f,1.3026f,-0.4167f,2.2801f,-1.8382f,0.3027f,2.8938f,0.0343f,-0.6134f,3.5199f,0f,0f,0f,1f],start_interpolation: 0,interpolation_duration: 1}
$data merge entity $(bone_leftwing21) {transformation: [-0.2549f,-1.8845f,-2.266f,1.3026f,-0.2549f,2.28f,-1.8675f,0.3027f,2.9361f,0.0343f,-0.3589f,3.5199f,0f,0f,0f,1f],start_interpolation: 0,interpolation_duration: 1}
$data merge entity $(bone_leftwing22) {transformation: [-0.0566f,-1.8881f,-2.284f,1.3026f,-0.0914f,2.2844f,-1.8862f,0.3027f,2.9619f,0.0344f,-0.1018f,3.5199f,0f,0f,0f,1f],start_interpolation: 0,interpolation_duration: 1}
$data merge entity $(bone_leftwing23) {transformation: [0.1404f,-1.858f,-2.2439f,1.3026f,0.0722f,2.248f,-1.8569f,0.3027f,2.9124f,0.0339f,0.1542f,3.5199f,0f,0f,0f,1f],start_interpolation: 0,interpolation_duration: 1}
$data merge entity $(bone_leftwing1) {transformation: [-0.3095f,-1.2741f,1.5103f,0.8383f,-0.2262f,1.5415f,1.254f,-0.0367f,-1.9629f,0.0232f,-0.3827f,0.5755f,0f,0f,0f,1f],start_interpolation: 0,interpolation_duration: 1}
$data merge entity $(bone_leftwing) {transformation: [-0.1005f,-0.7432f,-0.8937f,0.6875f,-0.1005f,0.8992f,-0.7365f,-0.1875f,1.158f,0.0135f,-0.1415f,2.3125f,0f,0f,0f,1f],start_interpolation: 0,interpolation_duration: 1}
$data merge entity $(bone_rightwing20) {transformation: [-0.4515f,1.8846f,2.2352f,-1.3026f,0.4167f,2.2801f,-1.8382f,0.3027f,-2.8938f,0.0343f,-0.6134f,3.5199f,0f,0f,0f,1f],start_interpolation: 0,interpolation_duration: 1}
$data merge entity $(bone_rightwing21) {transformation: [-0.2549f,1.8846f,2.2661f,-1.3026f,0.2549f,2.2801f,-1.8676f,0.3027f,-2.9363f,0.0343f,-0.3589f,3.5199f,0f,0f,0f,1f],start_interpolation: 0,interpolation_duration: 1}
$data merge entity $(bone_rightwing22) {transformation: [-0.0565f,1.8846f,2.2797f,-1.3026f,0.0912f,2.2801f,-1.8827f,0.3027f,-2.9564f,0.0343f,-0.1016f,3.5199f,0f,0f,0f,1f],start_interpolation: 0,interpolation_duration: 1}
$data merge entity $(bone_rightwing23) {transformation: [0.1404f,1.858f,2.2439f,-1.3026f,-0.0722f,2.248f,-1.8569f,0.3027f,-2.9124f,0.0339f,0.1542f,3.5199f,0f,0f,0f,1f],start_interpolation: 0,interpolation_duration: 1}
$data merge entity $(bone_rightwing1) {transformation: [-0.3095f,1.2741f,-1.5103f,-0.8383f,0.2262f,1.5415f,1.254f,-0.0367f,1.9629f,0.0232f,-0.3827f,0.5755f,0f,0f,0f,1f],start_interpolation: 0,interpolation_duration: 1}
$data merge entity $(bone_rightwing) {transformation: [-0.1005f,0.7432f,0.8937f,-0.6875f,0.1005f,0.8992f,-0.7365f,-0.1875f,-1.158f,0.0135f,-0.1415f,2.3125f,0f,0f,0f,1f],start_interpolation: 0,interpolation_duration: 1}
$data merge entity $(bone_eyebrow) {transformation: [-0.8923f,0f,0f,0f,0f,0.8922f,-0.0126f,0.1958f,0f,-0.0126f,-0.8922f,6.1122f,0f,0f,0f,1f],start_interpolation: 0,interpolation_duration: 1}
$data merge entity $(bone_head) {transformation: [-1.2269f,0f,0f,0f,0f,1.2268f,-0.0173f,-0.2562f,0f,-0.0173f,-1.2268f,4.5051f,0f,0f,0f,1f],start_interpolation: 0,interpolation_duration: 1}
$data merge entity $(bone_neck4) {transformation: [-1.0498f,0f,0f,0f,0f,0.9199f,-0.5058f,-0.2591f,0f,-0.5058f,-0.9199f,4.4318f,0f,0f,0f,1f],start_interpolation: 0,interpolation_duration: 1}
$data merge entity $(bone_neck3) {transformation: [-1.1664f,0f,0f,0f,0f,0.9751f,-0.64f,-0.5391f,0f,-0.64f,-0.9751f,4.0052f,0f,0f,0f,1f],start_interpolation: 0,interpolation_duration: 1}
$data merge entity $(bone_neck2) {transformation: [-1.296f,0f,0f,0f,0f,1.1282f,-0.6378f,-0.6986f,0f,-0.6378f,-1.1282f,3.7232f,0f,0f,0f,1f],start_interpolation: 0,interpolation_duration: 1}
$data merge entity $(bone_neck1) {transformation: [-1.44f,0f,0f,0f,0f,1.3641f,-0.4613f,-0.8139f,0f,-0.4613f,-1.3641f,3.3821f,0f,0f,0f,1f],start_interpolation: 0,interpolation_duration: 1}
$data merge entity $(bone_neck0) {transformation: [-1.6f,0f,0f,0f,0f,1.5843f,-0.2234f,-0.9687f,0f,-0.2234f,-1.5843f,3f,0f,0f,0f,1f],start_interpolation: 0,interpolation_duration: 1}
$data merge entity $(bone_frontlegl) {transformation: [-0.9659f,-0.1272f,0.2254f,0.442f,0f,0.8709f,0.4915f,-0.7468f,-0.2588f,0.4747f,-0.8412f,2.4831f,0f,0f,0f,1f],start_interpolation: 0,interpolation_duration: 1}
$data merge entity $(bone_frontlegtipleft) {transformation: [-0.9659f,0.2371f,0.1037f,0.8849f,0f,0.4006f,-0.9163f,-1.6445f,-0.2588f,-0.885f,-0.3869f,1.7963f,0f,0f,0f,1f],start_interpolation: 0,interpolation_duration: 1}
$data merge entity $(bone_frontfootleftd) {transformation: [-0.9659f,-0.0904f,0.2425f,0.44f,0f,0.937f,0.3493f,-2.521f,-0.2588f,0.3374f,-0.9051f,3.4157f,0f,0f,0f,1f],start_interpolation: 0,interpolation_duration: 1}
$data merge entity $(bone_frontfootleft) {transformation: [0.9659f,0.0861f,0.2441f,0.5531f,0f,-0.943f,0.3328f,-2.3106f,0.2588f,-0.3214f,-0.9109f,3.0346f,0f,0f,0f,1f],start_interpolation: 0,interpolation_duration: 1}
$data merge entity $(bone_frontlegr) {transformation: [-0.9659f,0.2263f,-0.1255f,-0.8747f,0f,0.485f,0.8745f,-0.8036f,0.2588f,0.8447f,-0.4684f,2.6262f,0f,0f,0f,1f],start_interpolation: 0,interpolation_duration: 1}
$data merge entity $(bone_frontlegtipright) {transformation: [-0.9659f,-0.1699f,-0.1952f,-0.9259f,0f,0.7543f,-0.6566f,-1.1753f,0.2588f,-0.6342f,-0.7286f,1.4692f,0f,0f,0f,1f],start_interpolation: 0,interpolation_duration: 1}
$data merge entity $(bone_frontfootrightd) {transformation: [-0.9659f,0.0656f,-0.2504f,-0.6489f,0f,0.9674f,0.2533f,-2.6582f,0.2588f,0.2447f,-0.9344f,2.5436f,0f,0f,0f,1f],start_interpolation: 0,interpolation_duration: 1}
$data merge entity $(bone_frontfootright) {transformation: [0.9659f,-0.2011f,-0.1629f,-0.7015f,0f,-0.6295f,0.777f,-2.2639f,-0.2588f,-0.7506f,-0.608f,2.3065f,0f,0f,0f,1f],start_interpolation: 0,interpolation_duration: 1}
$data merge entity $(bone_rearlegl) {transformation: [-1.0464f,-0.0247f,-0.2793f,-0.0193f,0f,1.0791f,-0.0955f,-0.4693f,0.2804f,-0.0922f,-1.0423f,-0.4109f,0f,0f,0f,1f],start_interpolation: 0,interpolation_duration: 1}
$data merge entity $(bone_rearfootleftd) {transformation: [-0.9659f,0.0758f,-0.2475f,0.5756f,0f,0.9561f,0.293f,-2.8056f,0.2588f,0.283f,-0.9235f,-0.8469f,0f,0f,0f,1f],start_interpolation: 0,interpolation_duration: 1}
$data merge entity $(bone_rearfootleft) {transformation: [-0.9659f,0.2281f,-0.1223f,0.52f,0f,0.4727f,0.8812f,-2.1406f,0.2588f,0.8512f,-0.4566f,-1.0544f,0f,0f,0f,1f],start_interpolation: 0,interpolation_duration: 1}
$data merge entity $(bone_rearlegtipleft) {transformation: [-0.9659f,0.2554f,-0.0417f,0.7177f,0f,0.1611f,0.9869f,-2.0412f,0.2588f,0.9533f,-0.1556f,-0.0752f,0f,0f,0f,1f],start_interpolation: 0,interpolation_duration: 1}
$data merge entity $(bone_rearlegr) {transformation: [-1.0464f,0.1764f,0.2179f,-1.2907f,0f,0.842f,-0.6816f,-0.6078f,-0.2804f,-0.6584f,-0.8133f,-0.8509f,0f,0f,0f,1f],start_interpolation: 0,interpolation_duration: 1}
$data merge entity $(bone_rearfootrightd) {transformation: [-0.9659f,0.1442f,0.2149f,-0.8629f,0f,0.8304f,-0.5571f,-2.6077f,-0.2588f,-0.5381f,-0.8021f,0.2089f,0f,0f,0f,1f],start_interpolation: 0,interpolation_duration: 1}
$data merge entity $(bone_rearfootright) {transformation: [-0.9659f,-0.1527f,0.209f,-0.7383f,0f,0.8075f,0.5898f,-2.1013f,-0.2588f,0.5697f,-0.78f,-0.2562f,0f,0f,0f,1f],start_interpolation: 0,interpolation_duration: 1}
$data merge entity $(bone_rearlegtipright) {transformation: [-0.9659f,-0.2248f,0.1283f,-1.0315f,0f,0.4956f,0.8685f,-1.6599f,-0.2588f,0.8389f,-0.4787f,0.5965f,0f,0f,0f,1f],start_interpolation: 0,interpolation_duration: 1}
$data merge entity $(bone_tail11) {transformation: [-0.2856f,0.0491f,-0.048f,0.1202f,0.0042f,0.2168f,0.2f,-1.6555f,0.0803f,0.2277f,-0.2275f,-7.0066f,0f,0f,0f,1f],start_interpolation: 0,interpolation_duration: 1}
$data merge entity $(bone_tail10) {transformation: [-0.3808f,0.0515f,-0.0759f,0.1629f,0.0055f,0.3362f,0.2041f,-1.7704f,0.1072f,0.2375f,-0.3574f,-6.8055f,0f,0f,0f,1f],start_interpolation: 0,interpolation_duration: 1}
$data merge entity $(bone_tail9) {transformation: [-0.4794f,0.044f,-0.0892f,0.2131f,0.0126f,0.4629f,0.1651f,-1.8632f,0.1166f,0.201f,-0.5017f,-6.5233f,0f,0f,0f,1f],start_interpolation: 0,interpolation_duration: 1}
$data merge entity $(bone_tail8) {transformation: [-0.5702f,0.0292f,-0.0768f,0.2563f,0.0199f,0.5728f,0.0777f,-1.907f,0.0966f,0.1108f,-0.6336f,-6.1669f,0f,0f,0f,1f],start_interpolation: 0,interpolation_duration: 1}
$data merge entity $(bone_tail7) {transformation: [-0.6764f,0.0148f,-0.0397f,0.2786f,0.0191f,0.6782f,-0.0525f,-1.8774f,0.0507f,-0.0276f,-0.7631f,-5.7377f,0f,0f,0f,1f],start_interpolation: 0,interpolation_duration: 1}
$data merge entity $(bone_tail6) {transformation: [-0.7972f,0.0106f,0.0066f,0.2749f,0.0103f,0.7809f,-0.1763f,-1.7782f,-0.0019f,-0.1604f,-0.8859f,-5.2393f,0f,0f,0f,1f],start_interpolation: 0,interpolation_duration: 1}
$data merge entity $(bone_tail5) {transformation: [-0.8846f,0.0123f,0.0468f,0.2486f,-0.0005f,0.85f,-0.2623f,-1.6307f,-0.0461f,-0.2534f,-0.9666f,-4.6956f,0f,0f,0f,1f],start_interpolation: 0,interpolation_duration: 1}
$data merge entity $(bone_tail4) {transformation: [-0.9807f,0.0124f,0.0828f,0.202f,-0.0089f,0.9513f,-0.2681f,-1.4799f,-0.0848f,-0.2551f,-1.0785f,-4.089f,0f,0f,0f,1f],start_interpolation: 0,interpolation_duration: 1}
$data merge entity $(bone_tail3) {transformation: [-1.0886f,0.0118f,0.1045f,0.1432f,-0.013f,1.0632f,-0.2745f,-1.3254f,-0.1078f,-0.2572f,-1.2031f,-3.4123f,0f,0f,0f,1f],start_interpolation: 0,interpolation_duration: 1}
$data merge entity $(bone_tail2) {transformation: [-1.2104f,0.0108f,0.1079f,0.0825f,-0.0125f,1.1872f,-0.2818f,-1.1669f,-0.1103f,-0.2594f,-1.3429f,-2.6568f,0f,0f,0f,1f],start_interpolation: 0,interpolation_duration: 1}
$data merge entity $(bone_tail1) {transformation: [-1.347f,0.0098f,0.0927f,0.0304f,-0.008f,1.3246f,-0.2892f,-1.0043f,-0.0921f,-0.2609f,-1.4994f,-1.8135f,0f,0f,0f,1f],start_interpolation: 0,interpolation_duration: 1}
$data merge entity $(bone_tail0) {transformation: [-1.4991f,0.009f,0.0581f,0f,0f,1.4772f,-0.2956f,-0.4687f,-0.052f,-0.2606f,-1.6731f,-0.9375f,0f,0f,0f,1f],start_interpolation: 0,interpolation_duration: 1}