# This file was generated by Animated Java via MC-Build. It is not recommended to edit this file directly.
$data merge entity $(bone_leftwing20) {transformation: [-0.4424f,-2.0027f,-2.132f,1.2701f,-0.4271f,2.1774f,-1.9566f,0.3399f,2.8937f,0.0152f,-0.6148f,3.5203f,0f,0f,0f,1f],start_interpolation: 0,interpolation_duration: 1}
$data merge entity $(bone_leftwing21) {transformation: [-0.2549f,-2.0026f,-2.1623f,1.2701f,-0.2549f,2.1772f,-1.9863f,0.3399f,2.9361f,0.0152f,-0.3602f,3.5203f,0f,0f,0f,1f],start_interpolation: 0,interpolation_duration: 1}
$data merge entity $(bone_leftwing22) {transformation: [-0.0656f,-2.0064f,-2.1805f,1.2701f,-0.081f,2.1814f,-2.0048f,0.3399f,2.9621f,0.0152f,-0.1031f,3.5203f,0f,0f,0f,1f],start_interpolation: 0,interpolation_duration: 1}
$data merge entity $(bone_leftwing23) {transformation: [0.1227f,-1.9745f,-2.1432f,1.2701f,0.0926f,2.1467f,-1.9723f,0.3399f,2.9126f,0.015f,0.153f,3.5203f,0f,0f,0f,1f],start_interpolation: 0,interpolation_duration: 1}
$data merge entity $(bone_leftwing1) {transformation: [-0.2878f,-1.3539f,1.4436f,0.8383f,-0.2511f,1.472f,1.3305f,-0.0367f,-1.9632f,0.0103f,-0.3818f,0.5755f,0f,0f,0f,1f],start_interpolation: 0,interpolation_duration: 1}
$data merge entity $(bone_leftwing) {transformation: [-0.1005f,-0.7898f,-0.8528f,0.6875f,-0.1005f,0.8587f,-0.7834f,-0.1875f,1.158f,0.006f,-0.1421f,2.3125f,0f,0f,0f,1f],start_interpolation: 0,interpolation_duration: 1}
$data merge entity $(bone_rightwing20) {transformation: [-0.4424f,2.0027f,2.132f,-1.2701f,0.4271f,2.1774f,-1.9566f,0.3399f,-2.8937f,0.0152f,-0.6148f,3.5203f,0f,0f,0f,1f],start_interpolation: 0,interpolation_duration: 1}
$data merge entity $(bone_rightwing21) {transformation: [-0.2549f,2.0027f,2.1624f,-1.2701f,0.2549f,2.1774f,-1.9864f,0.3399f,-2.9363f,0.0152f,-0.3602f,3.5203f,0f,0f,0f,1f],start_interpolation: 0,interpolation_duration: 1}
$data merge entity $(bone_rightwing22) {transformation: [-0.0655f,2.0027f,2.1764f,-1.2701f,0.0808f,2.1774f,-2.0011f,0.3399f,-2.9565f,0.0152f,-0.1029f,3.5203f,0f,0f,0f,1f],start_interpolation: 0,interpolation_duration: 1}
$data merge entity $(bone_rightwing23) {transformation: [0.1227f,1.9745f,2.1432f,-1.2701f,-0.0926f,2.1467f,-1.9723f,0.3399f,-2.9126f,0.015f,0.153f,3.5203f,0f,0f,0f,1f],start_interpolation: 0,interpolation_duration: 1}
$data merge entity $(bone_rightwing1) {transformation: [-0.2878f,1.3539f,-1.4436f,-0.8383f,0.2511f,1.472f,1.3305f,-0.0367f,1.9632f,0.0103f,-0.3818f,0.5755f,0f,0f,0f,1f],start_interpolation: 0,interpolation_duration: 1}
$data merge entity $(bone_rightwing) {transformation: [-0.1005f,0.7898f,0.8528f,-0.6875f,0.1005f,0.8587f,-0.7834f,-0.1875f,-1.158f,0.006f,-0.1421f,2.3125f,0f,0f,0f,1f],start_interpolation: 0,interpolation_duration: 1}
$data merge entity $(bone_eyebrow) {transformation: [-0.8923f,0f,0f,0f,0f,0.892f,-0.0238f,0.3318f,0f,-0.0238f,-0.892f,6.0418f,0f,0f,0f,1f],start_interpolation: 0,interpolation_duration: 1}
$data merge entity $(bone_head) {transformation: [-1.2269f,0f,0f,0f,0f,1.2265f,-0.0327f,-0.1404f,0f,-0.0327f,-1.2265f,4.4405f,0f,0f,0f,1f],start_interpolation: 0,interpolation_duration: 1}
$data merge entity $(bone_neck4) {transformation: [-1.0498f,0f,0f,0f,0f,0.9134f,-0.5173f,-0.1441f,0f,-0.5173f,-0.9134f,4.3673f,0f,0f,0f,1f],start_interpolation: 0,interpolation_duration: 1}
$data merge entity $(bone_neck3) {transformation: [-1.1664f,0f,0f,0f,0f,0.9243f,-0.7115f,-0.4554f,0f,-0.7115f,-0.9243f,3.9629f,0f,0f,0f,1f],start_interpolation: 0,interpolation_duration: 1}
$data merge entity $(bone_neck2) {transformation: [-1.296f,0f,0f,0f,0f,1.0402f,-0.7731f,-0.6487f,0f,-0.7731f,-1.0402f,3.7029f,0f,0f,0f,1f],start_interpolation: 0,interpolation_duration: 1}
$data merge entity $(bone_neck1) {transformation: [-1.44f,0f,0f,0f,0f,1.3082f,-0.6019f,-0.7992f,0f,-0.6019f,-1.3082f,3.3758f,0f,0f,0f,1f],start_interpolation: 0,interpolation_duration: 1}
$data merge entity $(bone_neck0) {transformation: [-1.6f,0f,0f,0f,0f,1.5745f,-0.2846f,-0.9687f,0f,-0.2846f,-1.5745f,3f,0f,0f,0f,1f],start_interpolation: 0,interpolation_duration: 1}
$data merge entity $(bone_frontlegl) {transformation: [-0.9659f,-0.1659f,0.1987f,0.439f,0f,0.7676f,0.6409f,-0.7484f,-0.2588f,0.6191f,-0.7415f,2.4945f,0f,0f,0f,1f],start_interpolation: 0,interpolation_duration: 1}
$data merge entity $(bone_frontlegtipleft) {transformation: [-0.9659f,0.1861f,0.1799f,0.912f,0f,0.6949f,-0.7191f,-1.4802f,-0.2588f,-0.6946f,-0.6713f,1.695f,0f,0f,0f,1f],start_interpolation: 0,interpolation_duration: 1}
$data merge entity $(bone_frontfootleftd) {transformation: [-0.9659f,-0.0538f,0.2532f,0.5597f,0f,0.9781f,0.208f,-2.8303f,-0.2588f,0.2009f,-0.9448f,2.9692f,0f,0f,0f,1f],start_interpolation: 0,interpolation_duration: 1}
$data merge entity $(bone_frontfootleft) {transformation: [0.9659f,0.1289f,0.2245f,0.6612f,0f,-0.8672f,0.4979f,-2.5515f,0.2588f,-0.4809f,-0.8377f,2.6312f,0f,0f,0f,1f],start_interpolation: 0,interpolation_duration: 1}
$data merge entity $(bone_frontlegr) {transformation: [-0.9659f,0.1795f,-0.1864f,-0.875f,0f,0.7203f,0.6937f,-0.8131f,0.2588f,0.6701f,-0.6957f,2.625f,0f,0f,0f,1f],start_interpolation: 0,interpolation_duration: 1}
$data merge entity $(bone_frontlegtipright) {transformation: [-0.9659f,-0.2329f,-0.1129f,-0.8874f,0f,0.4361f,-0.8999f,-1.5098f,0.2588f,-0.8693f,-0.4212f,1.6126f,0f,0f,0f,1f],start_interpolation: 0,interpolation_duration: 1}
$data merge entity $(bone_frontfootrightd) {transformation: [-0.9659f,0.0981f,-0.2395f,-0.4907f,0f,0.9254f,0.3791f,-2.4766f,0.2588f,0.3662f,-0.8938f,3.134f,0f,0f,0f,1f],start_interpolation: 0,interpolation_duration: 1}
$data merge entity $(bone_frontfootright) {transformation: [0.9659f,-0.1444f,-0.2148f,-0.5705f,0f,-0.8298f,0.5581f,-2.1708f,-0.2588f,-0.5391f,-0.8015f,2.7955f,0f,0f,0f,1f],start_interpolation: 0,interpolation_duration: 1}
$data merge entity $(bone_rearlegl) {transformation: [-1.0464f,-0.051f,-0.2757f,-0.0229f,0f,1.0653f,-0.1969f,-0.4863f,0.2804f,-0.1902f,-1.029f,-0.4244f,0f,0f,0f,1f],start_interpolation: 0,interpolation_duration: 1}
$data merge entity $(bone_rearfootleftd) {transformation: [-0.9659f,0.1759f,-0.1898f,0.6039f,0f,0.7335f,0.6797f,-2.667f,0.2588f,0.6565f,-0.7085f,-0.7414f,0f,0f,0f,1f],start_interpolation: 0,interpolation_duration: 1}
$data merge entity $(bone_rearfootleft) {transformation: [-0.9659f,0.2326f,-0.1135f,0.5549f,0f,0.4387f,0.8986f,-1.9944f,0.2588f,0.868f,-0.4237f,-0.9243f,0f,0f,0f,1f],start_interpolation: 0,interpolation_duration: 1}
$data merge entity $(bone_rearlegtipleft) {transformation: [-0.9659f,0.2588f,-0.0021f,0.7534f,0f,0.0082f,1f,-2.0487f,0.2588f,0.9659f,-0.0079f,0.0583f,0f,0f,0f,1f],start_interpolation: 0,interpolation_duration: 1}
$data merge entity $(bone_rearlegr) {transformation: [-1.0464f,0.1047f,0.2601f,-1.2949f,0f,1.005f,-0.4045f,-0.5324f,-0.2804f,-0.3907f,-0.9707f,-0.835f,0f,0f,0f,1f],start_interpolation: 0,interpolation_duration: 1}
$data merge entity $(bone_rearfootrightd) {transformation: [-0.9659f,0.108f,0.2352f,-0.7397f,0f,0.9087f,-0.4174f,-2.8542f,-0.2588f,-0.4032f,-0.8778f,-0.251f,0f,0f,0f,1f],start_interpolation: 0,interpolation_duration: 1}
$data merge entity $(bone_rearfootright) {transformation: [-0.9659f,-0.1841f,0.182f,-0.6376f,0f,0.703f,0.7112f,-2.2774f,-0.2588f,0.6869f,-0.6791f,-0.632f,0f,0f,0f,1f],start_interpolation: 0,interpolation_duration: 1}
$data merge entity $(bone_rearlegtipright) {transformation: [-0.9659f,-0.2315f,0.1157f,-0.9367f,0f,0.4472f,0.8944f,-1.8861f,-0.2588f,0.864f,-0.432f,0.2428f,0f,0f,0f,1f],start_interpolation: 0,interpolation_duration: 1}
$data merge entity $(bone_tail11) {transformation: [-0.29f,0.0464f,0.0057f,-0.3664f,0.037f,0.2037f,0.2105f,-1.7336f,0.0361f,0.2445f,-0.2209f,-6.9497f,0f,0f,0f,1f],start_interpolation: 0,interpolation_duration: 1}
$data merge entity $(bone_tail10) {transformation: [-0.3852f,0.0621f,-0.0344f,-0.3471f,0.0332f,0.3255f,0.219f,-1.8568f,0.0744f,0.2554f,-0.353f,-6.7511f,0f,0f,0f,1f],start_interpolation: 0,interpolation_duration: 1}
$data merge entity $(bone_tail9) {transformation: [-0.478f,0.0664f,-0.0823f,-0.3008f,0.0328f,0.4566f,0.1806f,-1.9584f,0.1173f,0.2156f,-0.495f,-6.4727f,0f,0f,0f,1f],start_interpolation: 0,interpolation_duration: 1}
$data merge entity $(bone_tail8) {transformation: [-0.5606f,0.0549f,-0.1201f,-0.2332f,0.0372f,0.5708f,0.0895f,-2.0087f,0.1474f,0.1192f,-0.6218f,-6.1229f,0f,0f,0f,1f],start_interpolation: 0,interpolation_duration: 1}
$data merge entity $(bone_tail7) {transformation: [-0.6626f,0.0315f,-0.1382f,-0.1555f,0.0428f,0.6782f,-0.0476f,-1.982f,0.1576f,-0.0259f,-0.7479f,-5.7023f,0f,0f,0f,1f],start_interpolation: 0,interpolation_duration: 1}
$data merge entity $(bone_tail6) {transformation: [-0.786f,0.0114f,-0.1327f,-0.0808f,0.0425f,0.7794f,-0.1812f,-1.88f,0.1482f,-0.1669f,-0.8716f,-5.212f,0f,0f,0f,1f],start_interpolation: 0,interpolation_duration: 1}
$data merge entity $(bone_tail5) {transformation: [-0.8792f,-0.0002f,-0.1075f,-0.0203f,0.0345f,0.8453f,-0.2778f,-1.7238f,0.1206f,-0.2689f,-0.9552f,-4.6747f,0f,0f,0f,1f],start_interpolation: 0,interpolation_duration: 1}
$data merge entity $(bone_tail4) {transformation: [-0.9818f,0.0018f,-0.0683f,0.0181f,0.023f,0.9444f,-0.2938f,-1.5585f,0.0781f,-0.2802f,-1.072f,-4.0717f,0f,0f,0f,1f],start_interpolation: 0,interpolation_duration: 1}
$data merge entity $(bone_tail3) {transformation: [-1.0933f,0.0034f,-0.0221f,0.0305f,0.0104f,1.0551f,-0.3083f,-1.3851f,0.0279f,-0.2897f,-1.1993f,-3.3971f,0f,0f,0f,1f],start_interpolation: 0,interpolation_duration: 1}
$data merge entity $(bone_tail2) {transformation: [-1.215f,0.0043f,0.0061f,0.027f,0.0035f,1.1788f,-0.3198f,-1.2052f,-0.0026f,-0.2958f,-1.339f,-2.6439f,0f,0f,0f,1f],start_interpolation: 0,interpolation_duration: 1}
$data merge entity $(bone_tail1) {transformation: [-1.3498f,0.0046f,0.0245f,0.0133f,-0.0004f,1.3171f,-0.3271f,-1.0212f,-0.0225f,-0.2966f,-1.4943f,-1.8033f,0f,0f,0f,1f],start_interpolation: 0,interpolation_duration: 1}
$data merge entity $(bone_tail0) {transformation: [-1.4998f,0.0044f,0.0255f,0f,0f,1.4718f,-0.328f,-0.4687f,-0.023f,-0.2893f,-1.6679f,-0.9375f,0f,0f,0f,1f],start_interpolation: 0,interpolation_duration: 1}