# This file was generated by Animated Java via MC-Build. It is not recommended to edit this file directly.
$data merge entity $(bone_leftwing20) {transformation: [-0.4407f,-2.0239f,-2.1122f,1.2638f,-0.429f,2.1576f,-1.978f,0.3466f,2.8937f,0.0116f,-0.6149f,3.5204f,0f,0f,0f,1f],start_interpolation: 0,interpolation_duration: 1}
$data merge entity $(bone_leftwing21) {transformation: [-0.2549f,-2.0238f,-2.1424f,1.2638f,-0.2549f,2.1575f,-2.0077f,0.3466f,2.9361f,0.0116f,-0.3603f,3.5204f,0f,0f,0f,1f],start_interpolation: 0,interpolation_duration: 1}
$data merge entity $(bone_leftwing22) {transformation: [-0.0674f,-2.0277f,-2.1607f,1.2638f,-0.0791f,2.1617f,-2.0262f,0.3466f,2.9621f,0.0116f,-0.1033f,3.5204f,0f,0f,0f,1f],start_interpolation: 0,interpolation_duration: 1}
$data merge entity $(bone_leftwing23) {transformation: [0.1193f,-1.9954f,-2.1239f,1.2638f,0.0962f,2.1272f,-1.9931f,0.3466f,2.9126f,0.0114f,0.1528f,3.5204f,0f,0f,0f,1f],start_interpolation: 0,interpolation_duration: 1}
$data merge entity $(bone_leftwing1) {transformation: [-0.2837f,-1.3683f,1.4308f,0.8383f,-0.2555f,1.4587f,1.3442f,-0.0367f,-1.9632f,0.0078f,-0.3817f,0.5755f,0f,0f,0f,1f],start_interpolation: 0,interpolation_duration: 1}
$data merge entity $(bone_leftwing) {transformation: [-0.1005f,-0.7982f,-0.8449f,0.6875f,-0.1005f,0.8509f,-0.7918f,-0.1875f,1.158f,0.0046f,-0.1421f,2.3125f,0f,0f,0f,1f],start_interpolation: 0,interpolation_duration: 1}
$data merge entity $(bone_rightwing20) {transformation: [-0.4407f,2.0239f,2.1122f,-1.2638f,0.429f,2.1576f,-1.978f,0.3466f,-2.8937f,0.0116f,-0.6149f,3.5204f,0f,0f,0f,1f],start_interpolation: 0,interpolation_duration: 1}
$data merge entity $(bone_rightwing21) {transformation: [-0.2549f,2.0239f,2.1425f,-1.2638f,0.2549f,2.1576f,-2.0078f,0.3466f,-2.9363f,0.0116f,-0.3603f,3.5204f,0f,0f,0f,1f],start_interpolation: 0,interpolation_duration: 1}
$data merge entity $(bone_rightwing22) {transformation: [-0.0672f,2.0239f,2.1566f,-1.2638f,0.079f,2.1576f,-2.0224f,0.3466f,-2.9565f,0.0116f,-0.1031f,3.5204f,0f,0f,0f,1f],start_interpolation: 0,interpolation_duration: 1}
$data merge entity $(bone_rightwing23) {transformation: [0.1193f,1.9954f,2.1239f,-1.2638f,-0.0962f,2.1272f,-1.9931f,0.3466f,-2.9126f,0.0114f,0.1528f,3.5204f,0f,0f,0f,1f],start_interpolation: 0,interpolation_duration: 1}
$data merge entity $(bone_rightwing1) {transformation: [-0.2837f,1.3683f,-1.4308f,-0.8383f,0.2555f,1.4587f,1.3442f,-0.0367f,1.9632f,0.0078f,-0.3817f,0.5755f,0f,0f,0f,1f],start_interpolation: 0,interpolation_duration: 1}
$data merge entity $(bone_rightwing) {transformation: [-0.1005f,0.7982f,0.8449f,-0.6875f,0.1005f,0.8509f,-0.7918f,-0.1875f,-1.158f,0.0046f,-0.1421f,2.3125f,0f,0f,0f,1f],start_interpolation: 0,interpolation_duration: 1}
$data merge entity $(bone_eyebrow) {transformation: [-0.8923f,0f,0f,0f,0f,0.892f,-0.0226f,0.3407f,0f,-0.0226f,-0.892f,6.036f,0f,0f,0f,1f],start_interpolation: 0,interpolation_duration: 1}
$data merge entity $(bone_head) {transformation: [-1.2269f,0f,0f,0f,0f,1.2265f,-0.031f,-0.1293f,0f,-0.031f,-1.2265f,4.4341f,0f,0f,0f,1f],start_interpolation: 0,interpolation_duration: 1}
$data merge entity $(bone_neck4) {transformation: [-1.0498f,0f,0f,0f,0f,0.9141f,-0.5161f,-0.133f,0f,-0.5161f,-0.9141f,4.3609f,0f,0f,0f,1f],start_interpolation: 0,interpolation_duration: 1}
$data merge entity $(bone_neck3) {transformation: [-1.1664f,0f,0f,0f,0f,0.9219f,-0.7146f,-0.4456f,0f,-0.7146f,-0.9219f,3.9575f,0f,0f,0f,1f],start_interpolation: 0,interpolation_duration: 1}
$data merge entity $(bone_neck2) {transformation: [-1.296f,0f,0f,0f,0f,1.0316f,-0.7845f,-0.6418f,0f,-0.7845f,-1.0316f,3.6997f,0f,0f,0f,1f],start_interpolation: 0,interpolation_duration: 1}
$data merge entity $(bone_neck1) {transformation: [-1.44f,0f,0f,0f,0f,1.3002f,-0.619f,-0.7965f,0f,-0.619f,-1.3002f,3.3746f,0f,0f,0f,1f],start_interpolation: 0,interpolation_duration: 1}
$data merge entity $(bone_neck0) {transformation: [-1.6f,0f,0f,0f,0f,1.5724f,-0.2959f,-0.9687f,0f,-0.2959f,-1.5724f,3f,0f,0f,0f,1f],start_interpolation: 0,interpolation_duration: 1}
$data merge entity $(bone_frontlegl) {transformation: [-0.9659f,-0.1713f,0.194f,0.4385f,0f,0.7497f,0.6618f,-0.7488f,-0.2588f,0.6392f,-0.7242f,2.4962f,0f,0f,0f,1f],start_interpolation: 0,interpolation_duration: 1}
$data merge entity $(bone_frontlegtipleft) {transformation: [-0.9659f,0.1854f,0.1806f,0.9179f,0f,0.6979f,-0.7162f,-1.4567f,-0.2588f,-0.6918f,-0.6741f,1.6732f,0f,0f,0f,1f],start_interpolation: 0,interpolation_duration: 1}
$data merge entity $(bone_frontfootleftd) {transformation: [-0.9659f,-0.0491f,0.2541f,0.5687f,0f,0.9819f,0.1896f,-2.8204f,-0.2588f,0.1832f,-0.9484f,2.9356f,0f,0f,0f,1f],start_interpolation: 0,interpolation_duration: 1}
$data merge entity $(bone_frontfootleft) {transformation: [0.9659f,0.135f,0.2208f,0.6681f,0f,-0.8532f,0.5215f,-2.532f,0.2588f,-0.5038f,-0.8242f,2.6051f,0f,0f,0f,1f],start_interpolation: 0,interpolation_duration: 1}
$data merge entity $(bone_frontlegr) {transformation: [-0.9659f,0.174f,-0.1916f,-0.875f,0f,0.7402f,0.6723f,-0.8141f,0.2588f,0.6494f,-0.715f,2.625f,0f,0f,0f,1f],start_interpolation: 0,interpolation_duration: 1}
$data merge entity $(bone_frontlegtipright) {transformation: [-0.9659f,-0.2367f,-0.1046f,-0.8822f,0f,0.4043f,-0.9146f,-1.5397f,0.2588f,-0.8835f,-0.3905f,1.6323f,0f,0f,0f,1f],start_interpolation: 0,interpolation_duration: 1}
$data merge entity $(bone_frontfootrightd) {transformation: [-0.9659f,0.1007f,-0.2384f,-0.4774f,0f,0.9212f,0.3891f,-2.4529f,0.2588f,0.3758f,-0.8898f,3.1838f,0f,0f,0f,1f],start_interpolation: 0,interpolation_duration: 1}
$data merge entity $(bone_frontfootright) {transformation: [0.9659f,-0.1381f,-0.2189f,-0.5594f,0f,-0.8457f,0.5336f,-2.1574f,-0.2588f,-0.5154f,-0.8169f,2.8368f,0f,0f,0f,1f],start_interpolation: 0,interpolation_duration: 1}
$data merge entity $(bone_rearlegl) {transformation: [-1.0464f,-0.0563f,-0.2747f,-0.0236f,0f,1.0613f,-0.2175f,-0.49f,0.2804f,-0.2101f,-1.0251f,-0.4269f,0f,0f,0f,1f],start_interpolation: 0,interpolation_duration: 1}
$data merge entity $(bone_rearfootleftd) {transformation: [-0.9659f,0.1854f,-0.1806f,0.6114f,0f,0.6978f,0.7163f,-2.6488f,0.2588f,0.6919f,-0.674f,-0.7133f,0f,0f,0f,1f],start_interpolation: 0,interpolation_duration: 1}
$data merge entity $(bone_rearfootleft) {transformation: [-0.9659f,0.2325f,-0.1137f,0.5623f,0f,0.4394f,0.8983f,-1.9763f,0.2588f,0.8677f,-0.4245f,-0.8967f,0f,0f,0f,1f],start_interpolation: 0,interpolation_duration: 1}
$data merge entity $(bone_rearlegtipleft) {transformation: [-0.9659f,0.2588f,0.0017f,0.7606f,0f,-0.0067f,1f,-2.0455f,0.2588f,0.9659f,0.0064f,0.085f,0f,0f,0f,1f],start_interpolation: 0,interpolation_duration: 1}
$data merge entity $(bone_rearlegr) {transformation: [-1.0464f,0.097f,0.2631f,-1.2957f,0f,1.0164f,-0.3749f,-0.5254f,-0.2804f,-0.3622f,-0.9818f,-0.8323f,0f,0f,0f,1f],start_interpolation: 0,interpolation_duration: 1}
$data merge entity $(bone_rearfootrightd) {transformation: [-0.9659f,0.1037f,0.2372f,-0.7258f,0f,0.9163f,-0.4005f,-2.8684f,-0.2588f,-0.3869f,-0.8851f,-0.3027f,0f,0f,0f,1f],start_interpolation: 0,interpolation_duration: 1}
$data merge entity $(bone_rearfootright) {transformation: [-0.9659f,-0.1874f,0.1785f,-0.6265f,0f,0.6898f,0.724f,-2.2844f,-0.2588f,0.6994f,-0.6663f,-0.6733f,0f,0f,0f,1f],start_interpolation: 0,interpolation_duration: 1}
$data merge entity $(bone_rearlegtipright) {transformation: [-0.9659f,-0.2327f,0.1133f,-0.9267f,0f,0.4376f,0.8992f,-1.903f,-0.2588f,0.8685f,-0.4227f,0.2054f,0f,0f,0f,1f],start_interpolation: 0,interpolation_duration: 1}
$data merge entity $(bone_tail11) {transformation: [-0.2904f,0.0427f,0.0123f,-0.406f,0.0391f,0.2047f,0.2093f,-1.7708f,0.0275f,0.2447f,-0.2219f,-6.9411f,0f,0f,0f,1f],start_interpolation: 0,interpolation_duration: 1}
$data merge entity $(bone_tail10) {transformation: [-0.3862f,0.0591f,-0.0267f,-0.391f,0.0352f,0.3267f,0.2169f,-1.8928f,0.0648f,0.2547f,-0.3553f,-6.7412f,0f,0f,0f,1f],start_interpolation: 0,interpolation_duration: 1}
$data merge entity $(bone_tail9) {transformation: [-0.4793f,0.0648f,-0.076f,-0.3483f,0.0341f,0.4579f,0.1774f,-1.9926f,0.1093f,0.2133f,-0.4977f,-6.4613f,0f,0f,0f,1f],start_interpolation: 0,interpolation_duration: 1}
$data merge entity $(bone_tail8) {transformation: [-0.5611f,0.0545f,-0.1179f,-0.2819f,0.038f,0.5715f,0.0852f,-2.0405f,0.144f,0.1151f,-0.6232f,-6.1107f,0f,0f,0f,1f],start_interpolation: 0,interpolation_duration: 1}
$data merge entity $(bone_tail7) {transformation: [-0.6618f,0.0315f,-0.1419f,-0.2021f,0.0441f,0.6778f,-0.053f,-2.0107f,0.1608f,-0.0317f,-0.7469f,-5.6906f,0f,0f,0f,1f],start_interpolation: 0,interpolation_duration: 1}
$data merge entity $(bone_tail6) {transformation: [-0.7843f,0.0106f,-0.1421f,-0.1222f,0.045f,0.7779f,-0.1877f,-1.9051f,0.1576f,-0.1739f,-0.8684f,-5.2021f,0f,0f,0f,1f],start_interpolation: 0,interpolation_duration: 1}
$data merge entity $(bone_tail5) {transformation: [-0.8775f,-0.002f,-0.1205f,-0.0544f,0.0378f,0.8429f,-0.285f,-1.7448f,0.1341f,-0.2766f,-0.9511f,-4.6671f,0f,0f,0f,1f],start_interpolation: 0,interpolation_duration: 1}
$data merge entity $(bone_tail4) {transformation: [-0.9806f,0.0001f,-0.0835f,-0.0074f,0.0265f,0.942f,-0.3017f,-1.5751f,0.0941f,-0.2885f,-1.0683f,-4.0662f,0f,0f,0f,1f],start_interpolation: 0,interpolation_duration: 1}
$data merge entity $(bone_tail3) {transformation: [-1.0929f,0.0019f,-0.0373f,0.0136f,0.0133f,1.0528f,-0.3166f,-1.397f,0.0438f,-0.2982f,-1.1966f,-3.3931f,0f,0f,0f,1f],start_interpolation: 0,interpolation_duration: 1}
$data merge entity $(bone_tail2) {transformation: [-1.215f,0.0029f,-0.0078f,0.0179f,0.0057f,1.1768f,-0.328f,-1.2125f,0.0117f,-0.304f,-1.3369f,-2.6411f,0f,0f,0f,1f],start_interpolation: 0,interpolation_duration: 1}
$data merge entity $(bone_tail1) {transformation: [-1.3499f,0.0035f,0.0139f,0.0101f,0.0008f,1.3155f,-0.3346f,-1.0243f,-0.0118f,-0.3037f,-1.4928f,-1.8014f,0f,0f,0f,1f],start_interpolation: 0,interpolation_duration: 1}
$data merge entity $(bone_tail0) {transformation: [-1.4999f,0.0035f,0.0195f,0f,0f,1.4708f,-0.334f,-0.4687f,-0.0176f,-0.2946f,-1.6668f,-0.9375f,0f,0f,0f,1f],start_interpolation: 0,interpolation_duration: 1}