# This file was generated by Animated Java via MC-Build. It is not recommended to edit this file directly.
$data merge entity $(bone_leftwing20) { transformation: [-0.4406976272122913f,-2.0239267816855846f,-2.112165262202842f,1.2638402331801264f,-0.42895803686884704f,2.157619466182206f,-1.9779811305642807f,0.2841304184616769f,2.893702941748893f,0.01160743893185589f,-0.6148858946067652f,2.457867215629566f,0f,0f,0f,1f], start_interpolation: 0, interpolation_duration: 1 }
$data merge entity $(bone_leftwing21) { transformation: [-0.25491962723344286f,-2.0238181737836376f,-2.1424221919578708f,1.2638402331801264f,-0.2549196272334431f,2.1575036840671897f,-2.007732726825712f,0.2841304184616769f,2.936124798570672f,0.011606816053794898f,-0.36032390223071303f,2.457867215629566f,0f,0f,0f,1f], start_interpolation: 0, interpolation_duration: 1 }
$data merge entity $(bone_leftwing22) { transformation: [-0.06735499205059767f,-2.027726062832951f,-2.160651404553332f,1.2638402331801264f,-0.07911661975461949f,2.1616697129773152f,-2.0262153847307594f,0.2841304184616769f,2.9620648268342995f,0.011629228220036703f,-0.10325161270672446f,2.457867215629566f,0f,0f,0f,1f], start_interpolation: 0, interpolation_duration: 1 }
$data merge entity $(bone_leftwing23) { transformation: [0.11928332899630015f,-1.9954207706759284f,-2.123914282597838f,1.2638402331801264f,0.09622292798070607f,2.1272304596162592f,-1.9931322495650063f,0.2841304184616769f,2.9126374783001787f,0.011443953876477637f,0.15282800909942118f,2.457867215629566f,0f,0f,0f,1f], start_interpolation: 0, interpolation_duration: 1 }
$data merge entity $(bone_leftwing1) { transformation: [-0.2836897431227974f,-1.3682885284634938f,1.430841232465059f,0.8383056184959303f,-0.25554986664383084f,1.458672315165435f,1.344235597887599f,-0.09919438150406934f,-1.9632153206679197f,0.007847282658156094f,-0.3817381626843738f,-0.48695576537231355f,0f,0f,0f,1f], start_interpolation: 0, interpolation_duration: 1 }
$data merge entity $(bone_leftwing) { transformation: [-0.100537078997287f,-0.7981683082703714f,-0.8449442339767862f,0.6874999999999999f,-0.10053707899728712f,0.8508921838465038f,-0.791824411297563f,-0.25f,1.1579705102482092f,0.004577581550591055f,-0.14210719282907944f,1.25f,0f,0f,0f,1f], start_interpolation: 0, interpolation_duration: 1 }
$data merge entity $(bone_rightwing20) { transformation: [-0.4406976272122904f,2.0239267816855846f,2.112165262202842f,-1.2638402331801268f,0.42895803686884704f,2.157619466182206f,-1.9779811305642807f,0.2841304184616769f,-2.893702941748893f,0.011607438931856388f,-0.6148858946067649f,2.457867215629566f,0f,0f,0f,1f], start_interpolation: 0, interpolation_duration: 1 }
$data merge entity $(bone_rightwing21) { transformation: [-0.2549333074574056f,2.0239267816855846f,2.142537164726851f,-1.2638402331801268f,0.25493330745740667f,2.157619466182206f,-2.007840471504535f,0.2841304184616769f,-2.936282365272245f,0.011607438931856388f,-0.3603432389594512f,2.457867215629566f,0f,0f,0f,1f], start_interpolation: 0, interpolation_duration: 1 }
$data merge entity $(bone_rightwing22) { transformation: [-0.06722879129983024f,2.0239267816855846f,2.156603065727977f,-1.2638402331801268f,0.07896838164327562f,2.157619466182206f,-2.022418934089415f,0.2841304184616769f,-2.956514907020108f,0.011607438931856388f,-0.1030581536824593f,2.457867215629566f,0f,0f,0f,1f], start_interpolation: 0, interpolation_duration: 1 }
$data merge entity $(bone_rightwing23) { transformation: [0.11928332899630095f,1.9954207706759284f,2.123914282597838f,-1.2638402331801268f,-0.09622292798070607f,2.1272304596162592f,-1.9931322495650063f,0.2841304184616769f,-2.9126374783001787f,0.011443953876478128f,0.15282800909942157f,2.457867215629566f,0f,0f,0f,1f], start_interpolation: 0, interpolation_duration: 1 }
$data merge entity $(bone_rightwing1) { transformation: [-0.2836897431227979f,1.3682885284634938f,-1.4308412324650588f,-0.8383056184959301f,0.25554986664383084f,1.458672315165435f,1.344235597887599f,-0.09919438150406934f,1.9632153206679197f,0.007847282658156431f,-0.3817381626843741f,-0.48695576537231355f,0f,0f,0f,1f], start_interpolation: 0, interpolation_duration: 1 }
$data merge entity $(bone_rightwing) { transformation: [-0.10053707899728671f,0.7981683082703714f,0.8449442339767862f,-0.6875000000000001f,0.10053707899728712f,0.8508921838465038f,-0.791824411297563f,-0.25f,-1.1579705102482092f,0.004577581550591252f,-0.14210719282907924f,1.25f,0f,0f,0f,1f], start_interpolation: 0, interpolation_duration: 1 }
$data merge entity $(bone_head) { transformation: [-1.2269070000000002f,3.801274087756404e-18f,1.5020468075783801e-16f,-4.129052442344819e-16f,0f,1.2265142967132756f,-0.031039758487124515f,-0.19180334168659016f,-1.5025277304014817e-16f,-0.031039758487124515f,-1.2265142967132756f,3.371627186891459f,0f,0f,0f,1f], start_interpolation: 0, interpolation_duration: 1 }
$data merge entity $(bone_neck4) { transformation: [-1.0497600000000002f,6.320697498927876e-17f,1.1194718393558943e-16f,-4.039333272700926e-16f,0f,0.9141181278841494f,-0.5161241186706723f,-0.1954949076071275f,-1.2855852238729257e-16f,-0.5161241186706723f,-0.9141181278841494f,3.298365925190241f,0f,0f,0f,1f], start_interpolation: 0, interpolation_duration: 1 }
$data merge entity $(bone_neck3) { transformation: [-1.1664000000000003f,8.751267030291815e-17f,1.1289640741001158e-16f,-3.5454114902821253e-16f,0f,0.9218691257643793f,-0.7145951825771143f,-0.508130299984615f,-1.428428026525473e-16f,-0.7145951825771143f,-0.9218691257643793f,2.895048182668325f,0f,0f,0f,1f], start_interpolation: 0, interpolation_duration: 1 }
$data merge entity $(bone_neck2) { transformation: [-1.2960000000000003f,9.607395045745735e-17f,1.2633289878195554e-16f,-3.2295792433272367e-16f,0f,1.0315864040955598f,-0.7845033402638849f,-0.7042561350505863f,-1.58714225169497e-16f,-0.7845033402638849f,-1.0315864040955598f,2.637151581644435f,0f,0f,0f,1f], start_interpolation: 0, interpolation_duration: 1 }
$data merge entity $(bone_neck1) { transformation: [-1.4400000000000002f,7.580035910592951e-17f,1.5922727282940073e-16f,-2.831511061253735e-16f,0f,1.3001893520667425f,-0.6189569038085485f,-0.8589953610027234f,-1.7634913907721887e-16f,-0.6189569038085485f,-1.3001893520667425f,2.3121042436277492f,0f,0f,0f,1f], start_interpolation: 0, interpolation_duration: 1 }
$data merge entity $(bone_neck0) { transformation: [-1.6f,3.623966882253664e-17f,1.9256307236792943e-16f,-2.372753173347997e-16f,0f,1.5723968127136685f,-0.2959193528106888f,-1.03125f,-1.9594348786357652e-16f,-0.2959193528106888f,-1.5723968127136685f,1.9375f,0f,0f,0f,1f], start_interpolation: 0, interpolation_duration: 1 }
$data merge entity $(bone_frontlegl) { transformation: [-0.9659258262890683f,-0.1712791783111266f,0.19403798902494845f,0.4385159990619024f,0f,0.7497052195215697f,0.6617719273451503f,-0.8113455014904065f,-0.25881904510252085f,0.6392225957357737f,-0.7241596336395997f,1.4337077995506593f,0f,0f,0f,1f], start_interpolation: 0, interpolation_duration: 1 }
$data merge entity $(bone_frontlegtipleft) { transformation: [-0.9659258262890683f,0.1853611604956641f,0.18063371304239245f,0.9178636474296025f,0f,0.6979150741045412f,-0.7161805284546996f,-1.5192274713841687f,-0.25881904510252085f,-0.6917772687197473f,-0.6741341946340255f,0.6106838476428105f,0f,0f,0f,1f], start_interpolation: 0, interpolation_duration: 1 }
$data merge entity $(bone_frontfootleftd) { transformation: [-0.9659258262890683f,-0.04908167537834976f,0.2541225831165639f,0.5686581739158467f,1.273123346334216e-16f,0.9818542643023176f,0.18963703138193794f,-2.8829231446174943f,-0.2588190451025207f,0.1831753062326043f,-0.9483983915416616f,1.873058436108741f,0f,0f,0f,1f], start_interpolation: 0, interpolation_duration: 1 }
$data merge entity $(bone_frontfootleft) { transformation: [0.9659258262890683f,0.1349827195380201f,0.220832433156683f,0.6681468785922742f,-2.2821673095693945e-17f,-0.8532310018731778f,0.5215331796180307f,-2.5945370011190767f,0.25881904510252074f,-0.5037623674597114f,-0.824157860499799f,1.542639516445652f,0f,0f,0f,1f], start_interpolation: 0, interpolation_duration: 1 }
$data merge entity $(bone_frontlegr) { transformation: [-0.9659258262890683f,0.17401610744098484f,-0.19158729722731677f,-0.8749902295334122f,-6.938893903907228e-18f,0.7402364735231415f,0.6723466094701628f,-0.8765532880343145f,0.25881904510252063f,0.6494369543051205f,-0.7150135273371464f,1.5625360648107447f,0f,0f,0f,1f], start_interpolation: 0, interpolation_duration: 1 }
$data merge entity $(bone_frontlegtipright) { transformation: [-0.9659258262890683f,-0.23672715349751414f,-0.10463055435552732f,-0.882174622364157f,-6.938893903907228e-18f,0.4042614186837845f,-0.9146434853885823f,-1.6021840263352671f,0.25881904510252063f,-0.8834777643838796f,-0.3904865448789254f,0.5697977194558028f,0f,0f,0f,1f], start_interpolation: 0, interpolation_duration: 1 }
$data merge entity $(bone_frontfootrightd) { transformation: [-0.9659258262890683f,0.10070656153935156f,-0.23842291536406787f,-0.4773950197109339f,1.5999266703548184e-16f,0.9211954061171438f,0.3891002746705158f,-2.515407066432525f,0.2588190451025208f,0.3758420043204212f,-0.8898064338273957f,2.1213337433937274f,0f,0f,0f,1f], start_interpolation: 0, interpolation_duration: 1 }
$data merge entity $(bone_frontfootright) { transformation: [0.9659258262890683f,-0.13810362672923138f,-0.2188942356299356f,-0.5594313259721074f,-5.641909697234263e-17f,-0.8457423816830385f,0.5335914390477995f,-2.2199158927823928f,-0.25881904510252074f,-0.5154097516630185f,-0.8169244088548735f,1.7742920993931932f,0f,0f,0f,1f], start_interpolation: 0, interpolation_duration: 1 }
$data merge entity $(bone_rearlegl) { transformation: [-1.0464196451464907f,-0.05629716215253312f,-0.2746773869399792f,-0.02362806499874015f,3.758567531283082e-18f,1.0612719277716864f,-0.21751553147966093f,-0.5525003347629067f,0.280387298861064f,-0.21010386947519735f,-1.0251099637502585f,-1.4894417658692918f,0f,0f,0f,1f], start_interpolation: 0, interpolation_duration: 1 }
$data merge entity $(bone_rearfootleftd) { transformation: [-0.9659258262890683f,0.1853833958756905f,-0.18061089292004964f,0.6113847227441109f,3.469446951953614e-18f,0.6978269039224219f,0.7162664393659993f,-2.7113373608341567f,0.25881904510252063f,0.6918602522877317f,-0.6740490287780077f,-1.7758378008519582f,0f,0f,0f,1f], start_interpolation: 0, interpolation_duration: 1 }
$data merge entity $(bone_rearfootleft) { transformation: [-0.9659258262890683f,0.2324906980097318f,-0.11373378322525067f,0.5622540840279676f,3.469446951953614e-18f,0.4394335941553283f,0.89827507831829f,-2.0388440452209164f,0.25881904510252063f,0.8676670972594719f,-0.4244602575336606f,-1.9591958407489158f,0f,0f,0f,1f], start_interpolation: 0, interpolation_duration: 1 }
$data merge entity $(bone_rearlegtipleft) { transformation: [-0.9659258262890683f,0.25881328928682007f,0.001726092789341332f,0.7605891283723871f,3.469446951953614e-18f,-0.006669110415184504f,0.9999777612358536f,-2.108011765713342f,0.25881904510252063f,0.9659043452924346f,0.006441865988400111f,-0.9775179217618487f,0f,0f,0f,1f], start_interpolation: 0, interpolation_duration: 1 }
$data merge entity $(bone_rearlegr) { transformation: [-1.0464196451464907f,0.09703964887256653f,0.2630595824319896f,-1.2956666276279662f,0f,1.016384178095507f,-0.3749324120801394f,-0.5878726878686228f,-0.2803872988610642f,-0.3621568999410621f,-0.9817517270540382f,-1.8948159486857326f,0f,0f,0f,1f], start_interpolation: 0, interpolation_duration: 1 }
$data merge entity $(bone_rearfootrightd) { transformation: [-0.9659258262890683f,0.05929983347730031f,0.25193417365920245f,-0.725829711847244f,0f,0.9733988994488747f,-0.22911696260146164f,-2.9309132439357626f,-0.25881904510252085f,-0.22130999141765828f,-0.9402311362590241f,-1.3651802481127975f,0f,0f,0f,1f], start_interpolation: 0, interpolation_duration: 1 }
$data merge entity $(bone_rearfootright) { transformation: [-0.9659258262890683f,-0.18739247368112635f,0.17852551334598954f,-0.626517480632017f,0f,0.6897696159696198f,0.7240289199231776f,-2.3469221594923755f,-0.25881904510252085f,0.6993582327339771f,-0.6662662862545483f,-1.7358185408210522f,0f,0f,0f,1f], start_interpolation: 0, interpolation_duration: 1 }
$data merge entity $(bone_rearlegtipright) { transformation: [-0.9659258262890683f,-0.23272024444674996f,0.11326334770094722f,-0.9266870484531429f,0f,0.4376159708652138f,0.8991619776456833f,-1.9655038122300168f,-0.25881904510252085f,0.8685237762251194f,-0.4227045682552744f,-0.8570519193988857f,0f,0f,0f,1f], start_interpolation: 0, interpolation_duration: 1 }
$data merge entity $(bone_tail11) { transformation: [-0.29036388848032346f,0.042666955043117974f,0.012300004485447602f,-0.4060251899951654f,0.03913292256132569f,0.2046839097809437f,0.20928425152460958f,-1.833276858386705f,0.027510081416751674f,0.2447062793185854f,-0.2218855998701807f,-8.003615687675255f,0f,0f,0f,1f], start_interpolation: 0, interpolation_duration: 1 }
$data merge entity $(bone_tail10) { transformation: [-0.3862462496940935f,0.05908880273439858f,-0.02672552304962638f,-0.39099208327975055f,0.035230576653847386f,0.32674851332319743f,0.2169425226975475f,-1.9553070274040754f,0.06481776573473072f,0.2546608085464782f,-0.35534924337060175f,-7.803731738279291f,0f,0f,0f,1f], start_interpolation: 0, interpolation_duration: 1 }
$data merge entity $(bone_tail9) { transformation: [-0.4792789185189049f,0.06475376513835016f,-0.07598368676088496f,-0.34825125947675273f,0.034065884652688665f,0.45790214442970717f,0.17737466211887123f,-2.0550802748459405f,0.10933289543836147f,0.21334093360133133f,-0.49772452832955305f,-7.523761691093918f,0f,0f,0f,1f], start_interpolation: 0, interpolation_duration: 1 }
$data merge entity $(bone_tail8) { transformation: [-0.561123193341519f,0.0544969669120307f,-0.11790140852327136f,-0.28193171718241256f,0.03799053394520932f,0.5715416959523494f,0.08517901946440642f,-2.102993473294669f,0.144025033112618f,0.11510685493853984f,-0.623238495246439f,-7.173190037517796f,0f,0f,0f,1f], start_interpolation: 0, interpolation_duration: 1 }
$data merge entity $(bone_tail7) { transformation: [-0.6618266335816413f,0.03152465945286165f,-0.14189232725605402f,-0.20211728310088217f,0.04408638112950307f,0.6778017250912602f,-0.05296642851875705f,-2.073199857252868f,0.16083227308587378f,-0.031713674356336666f,-0.7468535509012858f,-6.7530849151358225f,0f,0f,0f,1f], start_interpolation: 0, interpolation_duration: 1 }
$data merge entity $(bone_tail6) { transformation: [-0.7843406992497828f,0.010600804610628388f,-0.14208298150496762f,-0.12219560600433789f,0.045032404403099316f,0.7779394084670347f,-0.18768111322035408f,-1.9676292310664187f,0.15755895564525252f,-0.173880331922459f,-0.868425561644598f,-6.264595536710736f,0f,0f,0f,1f], start_interpolation: 0, interpolation_duration: 1 }
$data merge entity $(bone_tail5) { transformation: [-0.8775131833264606f,-0.0020243477615176746f,-0.12050900497031364f,-0.054409290708536465f,0.037763660575783294f,0.8429148455069909f,-0.28496761993816067f,-1.8073349448512033f,0.13411369827810532f,-0.2765568397485764f,-0.9510885985214728f,-5.729608200042408f,0f,0f,0f,1f], start_interpolation: 0, interpolation_duration: 1 }
$data merge entity $(bone_tail4) { transformation: [-0.9806156306177841f,0.00012632370368806487f,-0.08354942419261453f,-0.0074127396001907875f,0.02646261859748137f,0.9420414223940027f,-0.30172917866970894f,-1.637612281849492f,0.09414660137510511f,-0.28849097052943823f,-1.0683125540169138f,-5.128682388407895f,0f,0f,0f,1f], start_interpolation: 0, interpolation_duration: 1 }
$data merge entity $(bone_tail3) { transformation: [-1.092883660300767f,0.0018827220285803502f,-0.03726718976728619f,0.013550054643907697f,0.013312892241253397f,1.052820739030771f,-0.3166368957292532f,-1.459504028001787f,0.04379333039905152f,-0.29820986105908104f,-1.1965982051556443f,-4.455595898007845f,0f,0f,0f,1f], start_interpolation: 0, interpolation_duration: 1 }
$data merge entity $(bone_tail2) { transformation: [-1.2149944281067453f,0.002940511288309584f,-0.00776160292409568f,0.017915956288711517f,0.005723057838047632f,1.1767686529089805f,-0.32804268113488716f,-1.274980019863413f,0.011694893986430735f,-0.3040131973145289f,-1.3369026289860526f,-3.70358816920319f,0f,0f,0f,1f], start_interpolation: 0, interpolation_duration: 1 }
$data merge entity $(bone_tail1) { transformation: [-1.3499496518256886f,0.0034635979967923593f,0.013866277014037455f,0.01011617546831545f,0.0008048971326594086f,1.3155141536024075f,-0.3345550319092564f,-1.086792814414456f,-0.011790142764418012f,-0.3037342096271886f,-1.4927936844248353f,-2.86389172171422f,0f,0f,0f,1f], start_interpolation: 0, interpolation_duration: 1 }
$data merge entity $(bone_tail0) { transformation: [-1.4998971674312305f,0.003450305409177852f,0.019517781014417188f,2.4492935982947064e-16f,-3.2526065174565133e-19f,1.4707725353884793f,-0.33395498767526455f,-0.53125f,-0.017563801745958462f,-0.29464596474332994f,-1.6667612673778711f,-2f,0f,0f,0f,1f], start_interpolation: 0, interpolation_duration: 1 }