# This file was generated by Animated Java via MC-Build. It is not recommended to edit this file directly.
$data merge entity $(bone_leftwing20) {transformation: [-0.4389f,-2.0458f,-2.0913f,1.2573f,-0.4309f,2.1369f,-2f,0.3535f,2.8937f,0.0079f,-0.615f,3.5204f,0f,0f,0f,1f],start_interpolation: 0,interpolation_duration: 1}
$data merge entity $(bone_leftwing21) {transformation: [-0.2549f,-2.0457f,-2.1215f,1.2573f,-0.2549f,2.1367f,-2.0298f,0.3535f,2.9361f,0.0079f,-0.3604f,3.5204f,0f,0f,0f,1f],start_interpolation: 0,interpolation_duration: 1}
$data merge entity $(bone_leftwing22) {transformation: [-0.0692f,-2.0497f,-2.1398f,1.2573f,-0.0772f,2.1409f,-2.0482f,0.3535f,2.9621f,0.0079f,-0.1034f,3.5204f,0f,0f,0f,1f],start_interpolation: 0,interpolation_duration: 1}
$data merge entity $(bone_leftwing23) {transformation: [0.1157f,-2.017f,-2.1036f,1.2573f,0.1f,2.1068f,-2.0146f,0.3535f,2.9127f,0.0078f,0.1527f,3.5204f,0f,0f,0f,1f],start_interpolation: 0,interpolation_duration: 1}
$data merge entity $(bone_leftwing1) {transformation: [-0.2793f,-1.3831f,1.4174f,0.8383f,-0.2602f,1.4446f,1.3584f,-0.0367f,-1.9632f,0.0053f,-0.3817f,0.5755f,0f,0f,0f,1f],start_interpolation: 0,interpolation_duration: 1}
$data merge entity $(bone_leftwing) {transformation: [-0.1005f,-0.8068f,-0.8367f,0.6875f,-0.1005f,0.8427f,-0.8005f,-0.1875f,1.158f,0.0031f,-0.1421f,2.3125f,0f,0f,0f,1f],start_interpolation: 0,interpolation_duration: 1}
$data merge entity $(bone_rightwing20) {transformation: [-0.4389f,2.0458f,2.0913f,-1.2573f,0.4309f,2.1369f,-2f,0.3535f,-2.8937f,0.0079f,-0.615f,3.5204f,0f,0f,0f,1f],start_interpolation: 0,interpolation_duration: 1}
$data merge entity $(bone_rightwing21) {transformation: [-0.2549f,2.0458f,2.1216f,-1.2573f,0.2549f,2.1369f,-2.0299f,0.3535f,-2.9363f,0.0079f,-0.3604f,3.5204f,0f,0f,0f,1f],start_interpolation: 0,interpolation_duration: 1}
$data merge entity $(bone_rightwing22) {transformation: [-0.0691f,2.0458f,2.1358f,-1.2573f,0.077f,2.1369f,-2.0444f,0.3535f,-2.9565f,0.0079f,-0.1032f,3.5204f,0f,0f,0f,1f],start_interpolation: 0,interpolation_duration: 1}
$data merge entity $(bone_rightwing23) {transformation: [0.1157f,2.017f,2.1036f,-1.2573f,-0.1f,2.1068f,-2.0146f,0.3535f,-2.9127f,0.0078f,0.1527f,3.5204f,0f,0f,0f,1f],start_interpolation: 0,interpolation_duration: 1}
$data merge entity $(bone_rightwing1) {transformation: [-0.2793f,1.3831f,-1.4174f,-0.8383f,0.2602f,1.4446f,1.3584f,-0.0367f,1.9632f,0.0053f,-0.3817f,0.5755f,0f,0f,0f,1f],start_interpolation: 0,interpolation_duration: 1}
$data merge entity $(bone_rightwing) {transformation: [-0.1005f,0.8068f,0.8367f,-0.6875f,0.1005f,0.8427f,-0.8005f,-0.1875f,-1.158f,0.0031f,-0.1421f,2.3125f,0f,0f,0f,1f],start_interpolation: 0,interpolation_duration: 1}
$data merge entity $(bone_eyebrow) {transformation: [-0.8923f,0f,0f,0f,0f,0.8921f,-0.0209f,0.3479f,0f,-0.0209f,-0.8921f,6.031f,0f,0f,0f,1f],start_interpolation: 0,interpolation_duration: 1}
$data merge entity $(bone_head) {transformation: [-1.2269f,0f,0f,0f,0f,1.2266f,-0.0288f,-0.1191f,0f,-0.0288f,-1.2266f,4.4282f,0f,0f,0f,1f],start_interpolation: 0,interpolation_duration: 1}
$data merge entity $(bone_neck4) {transformation: [-1.0498f,0f,0f,0f,0f,0.9151f,-0.5144f,-0.1227f,0f,-0.5144f,-0.9151f,4.355f,0f,0f,0f,1f],start_interpolation: 0,interpolation_duration: 1}
$data merge entity $(bone_neck3) {transformation: [-1.1664f,0f,0f,0f,0f,0.9204f,-0.7165f,-0.4362f,0f,-0.7165f,-0.9204f,3.9523f,0f,0f,0f,1f],start_interpolation: 0,interpolation_duration: 1}
$data merge entity $(bone_neck2) {transformation: [-1.296f,0f,0f,0f,0f,1.0238f,-0.7946f,-0.6348f,0f,-0.7946f,-1.0238f,3.6964f,0f,0f,0f,1f],start_interpolation: 0,interpolation_duration: 1}
$data merge entity $(bone_neck1) {transformation: [-1.44f,0f,0f,0f,0f,1.2922f,-0.6355f,-0.7937f,0f,-0.6355f,-1.2922f,3.3733f,0f,0f,0f,1f],start_interpolation: 0,interpolation_duration: 1}
$data merge entity $(bone_neck0) {transformation: [-1.6f,0f,0f,0f,0f,1.5701f,-0.3077f,-0.9687f,0f,-0.3077f,-1.5701f,3f,0f,0f,0f,1f],start_interpolation: 0,interpolation_duration: 1}
$data merge entity $(bone_frontlegl) {transformation: [-0.9659f,-0.1768f,0.189f,0.438f,0f,0.7304f,0.683f,-0.7493f,-0.2588f,0.6597f,-0.7055f,2.498f,0f,0f,0f,1f],start_interpolation: 0,interpolation_duration: 1}
$data merge entity $(bone_frontlegtipleft) {transformation: [-0.9659f,0.1844f,0.1816f,0.9237f,0f,0.7018f,-0.7124f,-1.4315f,-0.2588f,-0.6881f,-0.6779f,1.6514f,0f,0f,0f,1f],start_interpolation: 0,interpolation_duration: 1}
$data merge entity $(bone_frontfootleftd) {transformation: [-0.9659f,-0.0442f,0.255f,0.5782f,0f,0.9853f,0.1709f,-2.8102f,-0.2588f,0.1651f,-0.9517f,2.8999f,0f,0f,0f,1f],start_interpolation: 0,interpolation_duration: 1}
$data merge entity $(bone_frontfootleft) {transformation: [0.9659f,0.1413f,0.2169f,0.6755f,0f,-0.8379f,0.5458f,-2.512f,0.2588f,-0.5272f,-0.8094f,2.5776f,0f,0f,0f,1f],start_interpolation: 0,interpolation_duration: 1}
$data merge entity $(bone_frontlegr) {transformation: [-0.9659f,0.1686f,-0.1964f,-0.875f,0f,0.7588f,0.6513f,-0.815f,0.2588f,0.6291f,-0.733f,2.6251f,0f,0f,0f,1f],start_interpolation: 0,interpolation_duration: 1}
$data merge entity $(bone_frontlegtipright) {transformation: [-0.9659f,-0.24f,-0.0968f,-0.8769f,0f,0.3742f,-0.9273f,-1.5677f,0.2588f,-0.8958f,-0.3614f,1.6521f,0f,0f,0f,1f],start_interpolation: 0,interpolation_duration: 1}
$data merge entity $(bone_frontfootrightd) {transformation: [-0.9659f,0.1031f,-0.2374f,-0.4649f,0f,0.9173f,0.3982f,-2.4298f,0.2588f,0.3847f,-0.886f,3.2303f,0f,0f,0f,1f],start_interpolation: 0,interpolation_duration: 1}
$data merge entity $(bone_frontfootright) {transformation: [0.9659f,-0.1319f,-0.2227f,-0.5491f,0f,-0.8604f,0.5096f,-2.1445f,-0.2588f,-0.4923f,-0.8311f,2.8754f,0f,0f,0f,1f],start_interpolation: 0,interpolation_duration: 1}
$data merge entity $(bone_rearlegl) {transformation: [-1.0464f,-0.0621f,-0.2734f,-0.0244f,0f,1.0565f,-0.2398f,-0.494f,0.2804f,-0.2316f,-1.0205f,-0.4296f,0f,0f,0f,1f],start_interpolation: 0,interpolation_duration: 1}
$data merge entity $(bone_rearfootleftd) {transformation: [-0.9659f,0.1943f,-0.171f,0.6197f,0f,0.6606f,0.7507f,-2.6299f,0.2588f,0.7251f,-0.6381f,-0.6824f,0f,0f,0f,1f],start_interpolation: 0,interpolation_duration: 1}
$data merge entity $(bone_rearfootleft) {transformation: [-0.9659f,0.2323f,-0.1142f,0.5702f,0f,0.4411f,0.8975f,-1.9577f,0.2588f,0.8669f,-0.4261f,-0.8669f,0f,0f,0f,1f],start_interpolation: 0,interpolation_duration: 1}
$data merge entity $(bone_rearlegtipleft) {transformation: [-0.9659f,0.2588f,0.0054f,0.7683f,0f,-0.0209f,0.9998f,-2.0411f,0.2588f,0.9657f,0.0202f,0.1137f,0f,0f,0f,1f],start_interpolation: 0,interpolation_duration: 1}
$data merge entity $(bone_rearlegr) {transformation: [-1.0464f,0.0896f,0.2657f,-1.2964f,0f,1.0265f,-0.3462f,-0.5187f,-0.2804f,-0.3344f,-0.9915f,-0.8295f,0f,0f,0f,1f],start_interpolation: 0,interpolation_duration: 1}
$data merge entity $(bone_rearfootrightd) {transformation: [-0.9659f,0.0993f,0.239f,-0.7122f,0f,0.9235f,-0.3836f,-2.8801f,-0.2588f,-0.3705f,-0.892f,-0.3535f,0f,0f,0f,1f],start_interpolation: 0,interpolation_duration: 1}
$data merge entity $(bone_rearfootright) {transformation: [-0.9659f,-0.1906f,0.175f,-0.6157f,0f,0.6763f,0.7366f,-2.2891f,-0.2588f,0.7115f,-0.6533f,-0.7137f,0f,0f,0f,1f],start_interpolation: 0,interpolation_duration: 1}
$data merge entity $(bone_rearlegtipright) {transformation: [-0.9659f,-0.234f,0.1106f,-0.917f,0f,0.4273f,0.9041f,-1.9184f,-0.2588f,0.8733f,-0.4127f,0.1693f,0f,0f,0f,1f],start_interpolation: 0,interpolation_duration: 1}
$data merge entity $(bone_tail11) {transformation: [-0.2906f,0.0383f,0.0186f,-0.4407f,0.0406f,0.2061f,0.2077f,-1.8125f,0.0185f,0.2444f,-0.223f,-6.9323f,0f,0f,0f,1f],start_interpolation: 0,interpolation_duration: 1}
$data merge entity $(bone_tail10) {transformation: [-0.3873f,0.0552f,-0.0188f,-0.4301f,0.0366f,0.3285f,0.2142f,-1.9329f,0.0544f,0.2534f,-0.3579f,-6.731f,0f,0f,0f,1f],start_interpolation: 0,interpolation_duration: 1}
$data merge entity $(bone_tail9) {transformation: [-0.4807f,0.0621f,-0.0688f,-0.3914f,0.0348f,0.4595f,0.1732f,-2.0304f,0.1f,0.2103f,-0.5009f,-6.4492f,0f,0f,0f,1f],start_interpolation: 0,interpolation_duration: 1}
$data merge entity $(bone_tail8) {transformation: [-0.562f,0.0533f,-0.1143f,-0.3271f,0.0383f,0.5724f,0.0798f,-2.0753f,0.1389f,0.1101f,-0.6252f,-6.0976f,0f,0f,0f,1f],start_interpolation: 0,interpolation_duration: 1}
$data merge entity $(bone_tail7) {transformation: [-0.6614f,0.031f,-0.1439f,-0.2462f,0.0449f,0.6773f,-0.0595f,-2.0418f,0.162f,-0.0385f,-0.7462f,-5.6778f,0f,0f,0f,1f],start_interpolation: 0,interpolation_duration: 1}
$data merge entity $(bone_tail6) {transformation: [-0.7829f,0.0095f,-0.1497f,-0.162f,0.0471f,0.7761f,-0.1952f,-1.932f,0.165f,-0.1819f,-0.8653f,-5.1911f,0f,0f,0f,1f],start_interpolation: 0,interpolation_duration: 1}
$data merge entity $(bone_tail5) {transformation: [-0.8758f,-0.004f,-0.132f,-0.0877f,0.0408f,0.8402f,-0.293f,-1.7672f,0.1459f,-0.2851f,-0.9467f,-4.6586f,0f,0f,0f,1f],start_interpolation: 0,interpolation_duration: 1}
$data merge entity $(bone_tail4) {transformation: [-0.9793f,-0.0017f,-0.0978f,-0.0327f,0.0298f,0.9393f,-0.3104f,-1.5927f,0.1089f,-0.2976f,-1.0642f,-4.06f,0f,0f,0f,1f],start_interpolation: 0,interpolation_duration: 1}
$data merge entity $(bone_tail3) {transformation: [-1.0923f,0.0002f,-0.052f,-0.0035f,0.0162f,1.0503f,-0.3256f,-1.4095f,0.0591f,-0.3074f,-1.1934f,-3.3887f,0f,0f,0f,1f],start_interpolation: 0,interpolation_duration: 1}
$data merge entity $(bone_tail2) {transformation: [-1.2148f,0.0015f,-0.0215f,0.0086f,0.0079f,1.1746f,-0.3367f,-1.2201f,0.0259f,-0.3127f,-1.3345f,-2.6381f,0f,0f,0f,1f],start_interpolation: 0,interpolation_duration: 1}
$data merge entity $(bone_tail1) {transformation: [-1.35f,0.0022f,0.0031f,0.0069f,0.002f,1.3138f,-0.3424f,-1.0275f,-0.001f,-0.3112f,-1.4911f,-1.7993f,0f,0f,0f,1f],start_interpolation: 0,interpolation_duration: 1}
$data merge entity $(bone_tail0) {transformation: [-1.5f,0.0024f,0.0133f,0f,0f,1.4697f,-0.3402f,-0.4687f,-0.012f,-0.3002f,-1.6656f,-0.9375f,0f,0f,0f,1f],start_interpolation: 0,interpolation_duration: 1}