# This file was generated by Animated Java via MC-Build. It is not recommended to edit this file directly.
$data merge entity $(bone_leftwing20) {transformation: [-0.437f,-2.0681f,-2.0697f,1.2505f,-0.4328f,2.1153f,-2.0223f,0.3606f,2.8937f,0.0041f,-0.615f,3.5204f,0f,0f,0f,1f],start_interpolation: 0,interpolation_duration: 1}
$data merge entity $(bone_leftwing21) {transformation: [-0.2549f,-2.068f,-2.0998f,1.2505f,-0.2549f,2.1152f,-2.0522f,0.3606f,2.9361f,0.0041f,-0.3605f,3.5204f,0f,0f,0f,1f],start_interpolation: 0,interpolation_duration: 1}
$data merge entity $(bone_leftwing22) {transformation: [-0.0711f,-2.072f,-2.1181f,1.2505f,-0.0752f,2.1193f,-2.0706f,0.3606f,2.9621f,0.0041f,-0.1034f,3.5204f,0f,0f,0f,1f],start_interpolation: 0,interpolation_duration: 1}
$data merge entity $(bone_leftwing23) {transformation: [0.112f,-2.039f,-2.0825f,1.2505f,0.1038f,2.0855f,-2.0364f,0.3606f,2.9127f,0.004f,0.1527f,3.5204f,0f,0f,0f,1f],start_interpolation: 0,interpolation_duration: 1}
$data merge entity $(bone_leftwing1) {transformation: [-0.2748f,-1.3982f,1.4034f,0.8383f,-0.2648f,1.4301f,1.3729f,-0.0367f,-1.9632f,0.0028f,-0.3816f,0.5755f,0f,0f,0f,1f],start_interpolation: 0,interpolation_duration: 1}
$data merge entity $(bone_leftwing) {transformation: [-0.1005f,-0.8156f,-0.8281f,0.6875f,-0.1005f,0.8342f,-0.8094f,-0.1875f,1.158f,0.0016f,-0.1422f,2.3125f,0f,0f,0f,1f],start_interpolation: 0,interpolation_duration: 1}
$data merge entity $(bone_rightwing20) {transformation: [-0.437f,2.0681f,2.0697f,-1.2505f,0.4328f,2.1153f,-2.0223f,0.3606f,-2.8937f,0.0041f,-0.615f,3.5204f,0f,0f,0f,1f],start_interpolation: 0,interpolation_duration: 1}
$data merge entity $(bone_rightwing21) {transformation: [-0.2549f,2.0681f,2.0999f,-1.2505f,0.2549f,2.1153f,-2.0524f,0.3606f,-2.9363f,0.0041f,-0.3605f,3.5204f,0f,0f,0f,1f],start_interpolation: 0,interpolation_duration: 1}
$data merge entity $(bone_rightwing22) {transformation: [-0.0709f,2.0681f,2.1141f,-1.2505f,0.0751f,2.1153f,-2.0668f,0.3606f,-2.9565f,0.0041f,-0.1032f,3.5204f,0f,0f,0f,1f],start_interpolation: 0,interpolation_duration: 1}
$data merge entity $(bone_rightwing23) {transformation: [0.112f,2.039f,2.0825f,-1.2505f,-0.1038f,2.0855f,-2.0364f,0.3606f,-2.9127f,0.004f,0.1527f,3.5204f,0f,0f,0f,1f],start_interpolation: 0,interpolation_duration: 1}
$data merge entity $(bone_rightwing1) {transformation: [-0.2748f,1.3982f,-1.4034f,-0.8383f,0.2648f,1.4301f,1.3729f,-0.0367f,1.9632f,0.0028f,-0.3816f,0.5755f,0f,0f,0f,1f],start_interpolation: 0,interpolation_duration: 1}
$data merge entity $(bone_rightwing) {transformation: [-0.1005f,0.8156f,0.8281f,-0.6875f,0.1005f,0.8342f,-0.8094f,-0.1875f,-1.158f,0.0016f,-0.1422f,2.3125f,0f,0f,0f,1f],start_interpolation: 0,interpolation_duration: 1}
$data merge entity $(bone_eyebrow) {transformation: [-0.8923f,0f,0f,0f,0f,0.8921f,-0.0188f,0.3533f,0f,-0.0188f,-0.8921f,6.0268f,0f,0f,0f,1f],start_interpolation: 0,interpolation_duration: 1}
$data merge entity $(bone_head) {transformation: [-1.2269f,0f,0f,0f,0f,1.2266f,-0.0259f,-0.11f,0f,-0.0259f,-1.2266f,4.4229f,0f,0f,0f,1f],start_interpolation: 0,interpolation_duration: 1}
$data merge entity $(bone_neck4) {transformation: [-1.0498f,0f,0f,0f,0f,0.9163f,-0.5123f,-0.1134f,0f,-0.5123f,-0.9163f,4.3497f,0f,0f,0f,1f],start_interpolation: 0,interpolation_duration: 1}
$data merge entity $(bone_neck3) {transformation: [-1.1664f,0f,0f,0f,0f,0.9198f,-0.7173f,-0.4272f,0f,-0.7173f,-0.9198f,3.9473f,0f,0f,0f,1f],start_interpolation: 0,interpolation_duration: 1}
$data merge entity $(bone_neck2) {transformation: [-1.296f,0f,0f,0f,0f,1.0169f,-0.8034f,-0.628f,0f,-0.8034f,-1.0169f,3.693f,0f,0f,0f,1f],start_interpolation: 0,interpolation_duration: 1}
$data merge entity $(bone_neck1) {transformation: [-1.44f,0f,0f,0f,0f,1.2843f,-0.6513f,-0.7908f,0f,-0.6513f,-1.2843f,3.372f,0f,0f,0f,1f],start_interpolation: 0,interpolation_duration: 1}
$data merge entity $(bone_neck0) {transformation: [-1.6f,0f,0f,0f,0f,1.5677f,-0.3197f,-0.9687f,0f,-0.3197f,-1.5677f,3f,0f,0f,0f,1f],start_interpolation: 0,interpolation_duration: 1}
$data merge entity $(bone_frontlegl) {transformation: [-0.9659f,-0.1823f,0.1837f,0.4376f,0f,0.7098f,0.7044f,-0.7499f,-0.2588f,0.6804f,-0.6856f,2.4998f,0f,0f,0f,1f],start_interpolation: 0,interpolation_duration: 1}
$data merge entity $(bone_frontlegtipleft) {transformation: [-0.9659f,0.1832f,0.1829f,0.9295f,0f,0.7066f,-0.7076f,-1.4046f,-0.2588f,-0.6835f,-0.6825f,1.6296f,0f,0f,0f,1f],start_interpolation: 0,interpolation_duration: 1}
$data merge entity $(bone_frontfootleftd) {transformation: [-0.9659f,-0.0393f,0.2558f,0.5882f,0f,0.9884f,0.152f,-2.7996f,-0.2588f,0.1468f,-0.9547f,2.8625f,0f,0f,0f,1f],start_interpolation: 0,interpolation_duration: 1}
$data merge entity $(bone_frontfootleft) {transformation: [0.9659f,0.1476f,0.2126f,0.6832f,0f,-0.8213f,0.5705f,-2.4915f,0.2588f,-0.551f,-0.7933f,2.5489f,0f,0f,0f,1f],start_interpolation: 0,interpolation_duration: 1}
$data merge entity $(bone_frontlegr) {transformation: [-0.9659f,0.1632f,-0.2009f,-0.875f,0f,0.7761f,0.6307f,-0.8158f,0.2588f,0.6092f,-0.7496f,2.6252f,0f,0f,0f,1f],start_interpolation: 0,interpolation_duration: 1}
$data merge entity $(bone_frontlegtipright) {transformation: [-0.9659f,-0.2428f,-0.0896f,-0.8716f,0f,0.3461f,-0.9382f,-1.5939f,0.2588f,-0.9062f,-0.3343f,1.6718f,0f,0f,0f,1f],start_interpolation: 0,interpolation_duration: 1}
$data merge entity $(bone_frontfootrightd) {transformation: [-0.9659f,0.1052f,-0.2365f,-0.4534f,0f,0.9137f,0.4065f,-2.4077f,0.2588f,0.3926f,-0.8825f,3.2736f,0f,0f,0f,1f],start_interpolation: 0,interpolation_duration: 1}
$data merge entity $(bone_frontfootright) {transformation: [0.9659f,-0.1259f,-0.2262f,-0.5395f,0f,-0.8738f,0.4863f,-2.1322f,-0.2588f,-0.4697f,-0.844f,2.9113f,0f,0f,0f,1f],start_interpolation: 0,interpolation_duration: 1}
$data merge entity $(bone_rearlegl) {transformation: [-1.0464f,-0.0682f,-0.272f,-0.0251f,0f,1.0508f,-0.2635f,-0.4984f,0.2804f,-0.2546f,-1.015f,-0.4324f,0f,0f,0f,1f],start_interpolation: 0,interpolation_duration: 1}
$data merge entity $(bone_rearfootleftd) {transformation: [-0.9659f,0.2026f,-0.161f,0.6287f,0f,0.6221f,0.7829f,-2.6101f,0.2588f,0.7562f,-0.6009f,-0.6487f,0f,0f,0f,1f],start_interpolation: 0,interpolation_duration: 1}
$data merge entity $(bone_rearfootleft) {transformation: [-0.9659f,0.2319f,-0.1148f,0.5787f,0f,0.4437f,0.8962f,-1.9385f,0.2588f,0.8656f,-0.4286f,-0.8351f,0f,0f,0f,1f],start_interpolation: 0,interpolation_duration: 1}
$data merge entity $(bone_rearlegtipleft) {transformation: [-0.9659f,0.2587f,0.0089f,0.7765f,0f,-0.0345f,0.9994f,-2.0355f,0.2588f,0.9654f,0.0333f,0.1443f,0f,0f,0f,1f],start_interpolation: 0,interpolation_duration: 1}
$data merge entity $(bone_rearlegr) {transformation: [-1.0464f,0.0824f,0.268f,-1.2972f,0f,1.0354f,-0.3185f,-0.5123f,-0.2804f,-0.3077f,-1.0002f,-0.8267f,0f,0f,0f,1f],start_interpolation: 0,interpolation_duration: 1}
$data merge entity $(bone_rearfootrightd) {transformation: [-0.9659f,0.0949f,0.2408f,-0.6989f,0f,0.9304f,-0.3667f,-2.8893f,-0.2588f,-0.3542f,-0.8987f,-0.4032f,0f,0f,0f,1f],start_interpolation: 0,interpolation_duration: 1}
$data merge entity $(bone_rearfootright) {transformation: [-0.9659f,-0.1938f,0.1715f,-0.6052f,0f,0.6628f,0.7488f,-2.2916f,-0.2588f,0.7233f,-0.6402f,-0.7529f,0f,0f,0f,1f],start_interpolation: 0,interpolation_duration: 1}
$data merge entity $(bone_rearlegtipright) {transformation: [-0.9659f,-0.2353f,0.1077f,-0.9076f,0f,0.4161f,0.9093f,-1.9324f,-0.2588f,0.8783f,-0.4019f,0.1344f,0f,0f,0f,1f],start_interpolation: 0,interpolation_duration: 1}
$data merge entity $(bone_tail11) {transformation: [-0.2908f,0.0333f,0.0246f,-0.4699f,0.0413f,0.208f,0.2058f,-1.8581f,0.0093f,0.2437f,-0.2244f,-6.9233f,0f,0f,0f,1f],start_interpolation: 0,interpolation_duration: 1}
$data merge entity $(bone_tail10) {transformation: [-0.3882f,0.0505f,-0.0108f,-0.4639f,0.0373f,0.3307f,0.2108f,-1.9767f,0.0432f,0.2514f,-0.3607f,-6.7204f,0f,0f,0f,1f],start_interpolation: 0,interpolation_duration: 1}
$data merge entity $(bone_tail9) {transformation: [-0.4822f,0.0586f,-0.0609f,-0.4296f,0.0349f,0.4615f,0.1683f,-2.0714f,0.0894f,0.2066f,-0.5043f,-6.4368f,0f,0f,0f,1f],start_interpolation: 0,interpolation_duration: 1}
$data merge entity $(bone_tail8) {transformation: [-0.5632f,0.0512f,-0.1093f,-0.3681f,0.038f,0.5734f,0.0734f,-2.1126f,0.132f,0.1044f,-0.6276f,-6.0838f,0f,0f,0f,1f],start_interpolation: 0,interpolation_duration: 1}
$data merge entity $(bone_tail7) {transformation: [-0.6614f,0.0298f,-0.1441f,-0.287f,0.0452f,0.6768f,-0.067f,-2.0749f,0.1612f,-0.0461f,-0.7458f,-5.6643f,0f,0f,0f,1f],start_interpolation: 0,interpolation_duration: 1}
$data merge entity $(bone_tail6) {transformation: [-0.7818f,0.0081f,-0.1554f,-0.1996f,0.0487f,0.7741f,-0.2036f,-1.9604f,0.1703f,-0.1908f,-0.8621f,-5.1793f,0f,0f,0f,1f],start_interpolation: 0,interpolation_duration: 1}
$data merge entity $(bone_tail5) {transformation: [-0.8743f,-0.006f,-0.1418f,-0.1199f,0.0434f,0.8372f,-0.3017f,-1.7907f,0.1558f,-0.2944f,-0.942f,-4.6494f,0f,0f,0f,1f],start_interpolation: 0,interpolation_duration: 1}
$data merge entity $(bone_tail4) {transformation: [-0.9779f,-0.0037f,-0.1107f,-0.0576f,0.0328f,0.9364f,-0.3196f,-1.6109f,0.1223f,-0.3073f,-1.0598f,-4.0533f,0f,0f,0f,1f],start_interpolation: 0,interpolation_duration: 1}
$data merge entity $(bone_tail3) {transformation: [-1.0915f,-0.0016f,-0.066f,-0.0205f,0.019f,1.0475f,-0.335f,-1.4225f,0.0737f,-0.3171f,-1.1899f,-3.384f,0f,0f,0f,1f],start_interpolation: 0,interpolation_duration: 1}
$data merge entity $(bone_tail2) {transformation: [-1.2145f,-0.0001f,-0.0349f,-0.0008f,0.0101f,1.1722f,-0.3458f,-1.228f,0.0397f,-0.3217f,-1.3318f,-2.6348f,0f,0f,0f,1f],start_interpolation: 0,interpolation_duration: 1}
$data merge entity $(bone_tail1) {transformation: [-1.35f,0.0009f,-0.0078f,0.0036f,0.0032f,1.3119f,-0.3505f,-1.0308f,0.0099f,-0.319f,-1.4891f,-1.7972f,0f,0f,0f,1f],start_interpolation: 0,interpolation_duration: 1}
$data merge entity $(bone_tail0) {transformation: [-1.5f,0.0013f,0.0069f,0f,0f,1.4685f,-0.3466f,-0.4687f,-0.0062f,-0.3058f,-1.6643f,-0.9375f,0f,0f,0f,1f],start_interpolation: 0,interpolation_duration: 1}