# This file was generated by Animated Java via MC-Build. It is not recommended to edit this file directly.
$data merge entity $(bone_leftwing20) {transformation: [-0.4331f,-2.1126f,-2.0251f,1.2365f,-0.4367f,2.0709f,-2.067f,0.3746f,2.8937f,-0.0036f,-0.6151f,3.5204f,0f,0f,0f,1f],start_interpolation: 0,interpolation_duration: 1}
$data merge entity $(bone_leftwing21) {transformation: [-0.2549f,-2.1125f,-2.0551f,1.2365f,-0.2549f,2.0708f,-2.097f,0.3746f,2.9361f,-0.0036f,-0.3605f,3.5204f,0f,0f,0f,1f],start_interpolation: 0,interpolation_duration: 1}
$data merge entity $(bone_leftwing22) {transformation: [-0.075f,-2.1166f,-2.0735f,1.2365f,-0.0713f,2.0748f,-2.1154f,0.3746f,2.9621f,-0.0036f,-0.1034f,3.5204f,0f,0f,0f,1f],start_interpolation: 0,interpolation_duration: 1}
$data merge entity $(bone_leftwing23) {transformation: [0.1043f,-2.0828f,-2.0391f,1.2365f,0.1115f,2.0418f,-2.0798f,0.3746f,2.9127f,-0.0036f,0.1527f,3.5204f,0f,0f,0f,1f],start_interpolation: 0,interpolation_duration: 1}
$data merge entity $(bone_leftwing1) {transformation: [-0.2654f,-1.4282f,1.3747f,0.8383f,-0.2742f,1.4001f,1.4017f,-0.0367f,-1.9633f,-0.0024f,-0.3816f,0.5755f,0f,0f,0f,1f],start_interpolation: 0,interpolation_duration: 1}
$data merge entity $(bone_leftwing) {transformation: [-0.1005f,-0.8331f,-0.8105f,0.6875f,-0.1005f,0.8167f,-0.827f,-0.1875f,1.158f,-0.0014f,-0.1422f,2.3125f,0f,0f,0f,1f],start_interpolation: 0,interpolation_duration: 1}
$data merge entity $(bone_rightwing20) {transformation: [-0.4331f,2.1126f,2.0251f,-1.2365f,0.4367f,2.0709f,-2.067f,0.3746f,-2.8937f,-0.0036f,-0.6151f,3.5204f,0f,0f,0f,1f],start_interpolation: 0,interpolation_duration: 1}
$data merge entity $(bone_rightwing21) {transformation: [-0.2549f,2.1126f,2.0552f,-1.2365f,0.2549f,2.0709f,-2.0972f,0.3746f,-2.9363f,-0.0036f,-0.3605f,3.5204f,0f,0f,0f,1f],start_interpolation: 0,interpolation_duration: 1}
$data merge entity $(bone_rightwing22) {transformation: [-0.0748f,2.1126f,2.0696f,-1.2365f,0.0712f,2.0709f,-2.1114f,0.3746f,-2.9565f,-0.0036f,-0.1032f,3.5204f,0f,0f,0f,1f],start_interpolation: 0,interpolation_duration: 1}
$data merge entity $(bone_rightwing23) {transformation: [0.1043f,2.0828f,2.0391f,-1.2365f,-0.1115f,2.0418f,-2.0798f,0.3746f,-2.9127f,-0.0036f,0.1527f,3.5204f,0f,0f,0f,1f],start_interpolation: 0,interpolation_duration: 1}
$data merge entity $(bone_rightwing1) {transformation: [-0.2654f,1.4282f,-1.3747f,-0.8383f,0.2742f,1.4001f,1.4017f,-0.0367f,1.9633f,-0.0024f,-0.3816f,0.5755f,0f,0f,0f,1f],start_interpolation: 0,interpolation_duration: 1}
$data merge entity $(bone_rightwing) {transformation: [-0.1005f,0.8331f,0.8105f,-0.6875f,0.1005f,0.8167f,-0.827f,-0.1875f,-1.158f,-0.0014f,-0.1422f,2.3125f,0f,0f,0f,1f],start_interpolation: 0,interpolation_duration: 1}
$data merge entity $(bone_eyebrow) {transformation: [-0.8923f,0f,0f,0f,0f,0.8922f,-0.0133f,0.3583f,0f,-0.0133f,-0.8922f,6.0212f,0f,0f,0f,1f],start_interpolation: 0,interpolation_duration: 1}
$data merge entity $(bone_head) {transformation: [-1.2269f,0f,0f,0f,0f,1.2268f,-0.0184f,-0.0951f,0f,-0.0184f,-1.2268f,4.4145f,0f,0f,0f,1f],start_interpolation: 0,interpolation_duration: 1}
$data merge entity $(bone_neck4) {transformation: [-1.0498f,0f,0f,0f,0f,0.9194f,-0.5066f,-0.098f,0f,-0.5066f,-0.9194f,4.3412f,0f,0f,0f,1f],start_interpolation: 0,interpolation_duration: 1}
$data merge entity $(bone_neck3) {transformation: [-1.1664f,0f,0f,0f,0f,0.9214f,-0.7152f,-0.4109f,0f,-0.7152f,-0.9214f,3.9381f,0f,0f,0f,1f],start_interpolation: 0,interpolation_duration: 1}
$data merge entity $(bone_neck2) {transformation: [-1.296f,0f,0f,0f,0f,1.0064f,-0.8166f,-0.6151f,0f,-0.8166f,-1.0064f,3.6865f,0f,0f,0f,1f],start_interpolation: 0,interpolation_duration: 1}
$data merge entity $(bone_neck1) {transformation: [-1.44f,0f,0f,0f,0f,1.2694f,-0.68f,-0.7851f,0f,-0.68f,-1.2694f,3.3691f,0f,0f,0f,1f],start_interpolation: 0,interpolation_duration: 1}
$data merge entity $(bone_neck0) {transformation: [-1.6f,0f,0f,0f,0f,1.5626f,-0.3441f,-0.9687f,0f,-0.3441f,-1.5626f,3f,0f,0f,0f,1f],start_interpolation: 0,interpolation_duration: 1}
$data merge entity $(bone_frontlegl) {transformation: [-0.9659f,-0.1934f,0.172f,0.4366f,0f,0.6645f,0.7473f,-0.7513f,-0.2588f,0.7218f,-0.6418f,2.5035f,0f,0f,0f,1f],start_interpolation: 0,interpolation_duration: 1}
$data merge entity $(bone_frontlegtipleft) {transformation: [-0.9659f,0.18f,0.186f,0.9409f,0f,0.7186f,-0.6954f,-1.3458f,-0.2588f,-0.6717f,-0.6941f,1.5873f,0f,0f,0f,1f],start_interpolation: 0,interpolation_duration: 1}
$data merge entity $(bone_frontfootleftd) {transformation: [-0.9659f,-0.0294f,0.2571f,0.6096f,0f,0.9935f,0.1135f,-2.7768f,-0.2588f,0.1096f,-0.9597f,2.7828f,0f,0f,0f,1f],start_interpolation: 0,interpolation_duration: 1}
$data merge entity $(bone_frontfootleft) {transformation: [0.9659f,0.1606f,0.203f,0.6994f,0f,-0.7842f,0.6206f,-2.4489f,0.2588f,-0.5994f,-0.7574f,2.4883f,0f,0f,0f,1f],start_interpolation: 0,interpolation_duration: 1}
$data merge entity $(bone_frontlegr) {transformation: [-0.9659f,0.153f,-0.2087f,-0.8749f,0f,0.8065f,0.5913f,-0.8174f,0.2588f,0.5711f,-0.779f,2.6254f,0f,0f,0f,1f],start_interpolation: 0,interpolation_duration: 1}
$data merge entity $(bone_frontlegtipright) {transformation: [-0.9659f,-0.2472f,-0.0767f,-0.8613f,0f,0.2965f,-0.955f,-1.6406f,0.2588f,-0.9225f,-0.2864f,1.7103f,0f,0f,0f,1f],start_interpolation: 0,interpolation_duration: 1}
$data merge entity $(bone_frontfootrightd) {transformation: [-0.9659f,0.1087f,-0.2349f,-0.4328f,0f,0.9075f,0.4201f,-2.3676f,0.2588f,0.4058f,-0.8765f,3.3504f,0f,0f,0f,1f],start_interpolation: 0,interpolation_duration: 1}
$data merge entity $(bone_frontfootright) {transformation: [0.9659f,-0.1145f,-0.2321f,-0.5223f,0f,-0.8969f,0.4422f,-2.111f,-0.2588f,-0.4272f,-0.8663f,2.9754f,0f,0f,0f,1f],start_interpolation: 0,interpolation_duration: 1}
$data merge entity $(bone_rearlegl) {transformation: [-1.0464f,-0.0816f,-0.2683f,-0.0267f,0f,1.0365f,-0.3151f,-0.5082f,0.2804f,-0.3044f,-1.0012f,-0.4383f,0f,0f,0f,1f],start_interpolation: 0,interpolation_duration: 1}
$data merge entity $(bone_rearfootleftd) {transformation: [-0.9659f,0.2174f,-0.1404f,0.6487f,0f,0.5424f,0.8401f,-2.5675f,0.2588f,0.8115f,-0.5239f,-0.574f,0f,0f,0f,1f],start_interpolation: 0,interpolation_duration: 1}
$data merge entity $(bone_rearfootleft) {transformation: [-0.9659f,0.2309f,-0.1169f,0.5972f,0f,0.4516f,0.8922f,-1.8977f,0.2588f,0.8618f,-0.4362f,-0.7662f,0f,0f,0f,1f],start_interpolation: 0,interpolation_duration: 1}
$data merge entity $(bone_rearlegtipleft) {transformation: [-0.9659f,0.2584f,0.0154f,0.7943f,0f,-0.0595f,0.9982f,-2.0196f,0.2588f,0.9642f,0.0575f,0.2106f,0f,0f,0f,1f],start_interpolation: 0,interpolation_duration: 1}
$data merge entity $(bone_rearlegr) {transformation: [-1.0464f,0.069f,0.2718f,-1.2987f,0f,1.05f,-0.2666f,-0.5008f,-0.2804f,-0.2575f,-1.0142f,-0.821f,0f,0f,0f,1f],start_interpolation: 0,interpolation_duration: 1}
$data merge entity $(bone_rearfootrightd) {transformation: [-0.9659f,0.0862f,0.244f,-0.6734f,0f,0.9429f,-0.333f,-2.9007f,-0.2588f,-0.3217f,-0.9108f,-0.4982f,0f,0f,0f,1f],start_interpolation: 0,interpolation_duration: 1}
$data merge entity $(bone_rearfootright) {transformation: [-0.9659f,-0.1998f,0.1645f,-0.5853f,0f,0.6354f,0.7722f,-2.2904f,-0.2588f,0.7458f,-0.6138f,-0.827f,0f,0f,0f,1f],start_interpolation: 0,interpolation_duration: 1}
$data merge entity $(bone_rearlegtipright) {transformation: [-0.9659f,-0.2381f,0.1014f,-0.8902f,0f,0.3917f,0.9201f,-1.9563f,-0.2588f,0.8888f,-0.3783f,0.0692f,0f,0f,0f,1f],start_interpolation: 0,interpolation_duration: 1}
$data merge entity $(bone_tail11) {transformation: [-0.2908f,0.0219f,0.0351f,-0.5109f,0.0403f,0.2128f,0.2012f,-1.9589f,-0.0096f,0.2407f,-0.2274f,-6.905f,0f,0f,0f,1f],start_interpolation: 0,interpolation_duration: 1}
$data merge entity $(bone_tail10) {transformation: [-0.3897f,0.0389f,0.0052f,-0.5138f,0.0362f,0.3361f,0.2026f,-2.0729f,0.0192f,0.2457f,-0.3665f,-6.6989f,0f,0f,0f,1f],start_interpolation: 0,interpolation_duration: 1}
$data merge entity $(bone_tail9) {transformation: [-0.4852f,0.0488f,-0.0432f,-0.4895f,0.0329f,0.4661f,0.1561f,-2.1607f,0.0649f,0.197f,-0.5116f,-6.4111f,0f,0f,0f,1f],start_interpolation: 0,interpolation_duration: 1}
$data merge entity $(bone_tail8) {transformation: [-0.5662f,0.0445f,-0.0957f,-0.4357f,0.0353f,0.5756f,0.058f,-2.1933f,0.1135f,0.0906f,-0.633f,-6.055f,0f,0f,0f,1f],start_interpolation: 0,interpolation_duration: 1}
$data merge entity $(bone_tail7) {transformation: [-0.6626f,0.0257f,-0.1394f,-0.3573f,0.0439f,0.6752f,-0.0847f,-2.1456f,0.1537f,-0.0636f,-0.7458f,-5.6355f,0f,0f,0f,1f],start_interpolation: 0,interpolation_duration: 1}
$data merge entity $(bone_tail6) {transformation: [-0.7807f,0.0043f,-0.161f,-0.2667f,0.05f,0.769f,-0.2228f,-2.0203f,0.1746f,-0.2109f,-0.8563f,-5.1538f,0f,0f,0f,1f],start_interpolation: 0,interpolation_duration: 1}
$data merge entity $(bone_tail5) {transformation: [-0.8719f,-0.0106f,-0.1558f,-0.1791f,0.0472f,0.8301f,-0.3212f,-1.8396f,0.1696f,-0.3149f,-0.9326f,-4.6292f,0f,0f,0f,1f],start_interpolation: 0,interpolation_duration: 1}
$data merge entity $(bone_tail4) {transformation: [-0.9752f,-0.0081f,-0.1322f,-0.1047f,0.0381f,0.9296f,-0.3396f,-1.6486f,0.1441f,-0.3283f,-1.0503f,-4.0384f,0f,0f,0f,1f],start_interpolation: 0,interpolation_duration: 1}
$data merge entity $(bone_tail3) {transformation: [-1.0897f,-0.0056f,-0.0914f,-0.0533f,0.0242f,1.0414f,-0.3549f,-1.449f,0.0998f,-0.3376f,-1.1818f,-3.3736f,0f,0f,0f,1f],start_interpolation: 0,interpolation_duration: 1}
$data merge entity $(bone_tail2) {transformation: [-1.2135f,-0.0036f,-0.0603f,-0.0194f,0.0144f,1.167f,-0.3646f,-1.2439f,0.0656f,-0.3406f,-1.3255f,-2.628f,0f,0f,0f,1f],start_interpolation: 0,interpolation_duration: 1}
$data merge entity $(bone_tail1) {transformation: [-1.3497f,-0.002f,-0.029f,-0.0031f,0.0056f,1.308f,-0.367f,-1.0375f,0.031f,-0.3348f,-1.4848f,-1.7928f,0f,0f,0f,1f],start_interpolation: 0,interpolation_duration: 1}
$data merge entity $(bone_tail0) {transformation: [-1.5f,-0.0012f,-0.0061f,0f,0f,1.4661f,-0.3595f,-0.4687f,0.0055f,-0.3172f,-1.6615f,-0.9375f,0f,0f,0f,1f],start_interpolation: 0,interpolation_duration: 1}