# This file was generated by Animated Java via MC-Build. It is not recommended to edit this file directly.
$data merge entity $(bone_leftwing20) {transformation: [-0.4311f,-2.1342f,-2.0028f,1.2294f,-0.4386f,2.0486f,-2.0887f,0.3814f,2.8937f,-0.0074f,-0.615f,3.5204f,0f,0f,0f,1f],start_interpolation: 0,interpolation_duration: 1}
$data merge entity $(bone_leftwing21) {transformation: [-0.2549f,-2.1341f,-2.0326f,1.2294f,-0.2549f,2.0485f,-2.1188f,0.3814f,2.9361f,-0.0074f,-0.3604f,3.5204f,0f,0f,0f,1f],start_interpolation: 0,interpolation_duration: 1}
$data merge entity $(bone_leftwing22) {transformation: [-0.0769f,-2.1382f,-2.051f,1.2294f,-0.0694f,2.0525f,-2.1371f,0.3814f,2.9621f,-0.0074f,-0.1034f,3.5204f,0f,0f,0f,1f],start_interpolation: 0,interpolation_duration: 1}
$data merge entity $(bone_leftwing23) {transformation: [0.1005f,-2.1041f,-2.0173f,1.2294f,0.1152f,2.0198f,-2.101f,0.3814f,2.9127f,-0.0073f,0.1527f,3.5204f,0f,0f,0f,1f],start_interpolation: 0,interpolation_duration: 1}
$data merge entity $(bone_leftwing1) {transformation: [-0.2607f,-1.4428f,1.3602f,0.8383f,-0.2788f,1.385f,1.4157f,-0.0367f,-1.9632f,-0.005f,-0.3817f,0.5755f,0f,0f,0f,1f],start_interpolation: 0,interpolation_duration: 1}
$data merge entity $(bone_leftwing) {transformation: [-0.1005f,-0.8417f,-0.8016f,0.6875f,-0.1005f,0.8079f,-0.8356f,-0.1875f,1.158f,-0.0029f,-0.1422f,2.3125f,0f,0f,0f,1f],start_interpolation: 0,interpolation_duration: 1}
$data merge entity $(bone_rightwing20) {transformation: [-0.4311f,2.1342f,2.0028f,-1.2294f,0.4386f,2.0486f,-2.0887f,0.3814f,-2.8937f,-0.0074f,-0.615f,3.5204f,0f,0f,0f,1f],start_interpolation: 0,interpolation_duration: 1}
$data merge entity $(bone_rightwing21) {transformation: [-0.2549f,2.1342f,2.0327f,-1.2294f,0.2549f,2.0486f,-2.1189f,0.3814f,-2.9363f,-0.0074f,-0.3605f,3.5204f,0f,0f,0f,1f],start_interpolation: 0,interpolation_duration: 1}
$data merge entity $(bone_rightwing22) {transformation: [-0.0768f,2.1342f,2.0472f,-1.2294f,0.0693f,2.0486f,-2.1331f,0.3814f,-2.9565f,-0.0074f,-0.1032f,3.5204f,0f,0f,0f,1f],start_interpolation: 0,interpolation_duration: 1}
$data merge entity $(bone_rightwing23) {transformation: [0.1005f,2.1041f,2.0173f,-1.2294f,-0.1152f,2.0198f,-2.101f,0.3814f,-2.9127f,-0.0073f,0.1527f,3.5204f,0f,0f,0f,1f],start_interpolation: 0,interpolation_duration: 1}
$data merge entity $(bone_rightwing1) {transformation: [-0.2607f,1.4428f,-1.3602f,-0.8383f,0.2788f,1.385f,1.4157f,-0.0367f,1.9632f,-0.005f,-0.3817f,0.5755f,0f,0f,0f,1f],start_interpolation: 0,interpolation_duration: 1}
$data merge entity $(bone_rightwing) {transformation: [-0.1005f,0.8417f,0.8016f,-0.6875f,0.1005f,0.8079f,-0.8356f,-0.1875f,-1.158f,-0.0029f,-0.1422f,2.3125f,0f,0f,0f,1f],start_interpolation: 0,interpolation_duration: 1}
$data merge entity $(bone_eyebrow) {transformation: [-0.8923f,0f,0f,0f,0f,0.8922f,-0.0101f,0.3579f,0f,-0.0101f,-0.8922f,6.0198f,0f,0f,0f,1f],start_interpolation: 0,interpolation_duration: 1}
$data merge entity $(bone_head) {transformation: [-1.2269f,0f,0f,0f,0f,1.2268f,-0.0138f,-0.0896f,0f,-0.0138f,-1.2268f,4.4115f,0f,0f,0f,1f],start_interpolation: 0,interpolation_duration: 1}
$data merge entity $(bone_neck4) {transformation: [-1.0498f,0f,0f,0f,0f,0.9213f,-0.5032f,-0.0922f,0f,-0.5032f,-0.9213f,4.3381f,0f,0f,0f,1f],start_interpolation: 0,interpolation_duration: 1}
$data merge entity $(bone_neck3) {transformation: [-1.1664f,0f,0f,0f,0f,0.9236f,-0.7124f,-0.4039f,0f,-0.7124f,-0.9236f,3.9341f,0f,0f,0f,1f],start_interpolation: 0,interpolation_duration: 1}
$data merge entity $(bone_neck2) {transformation: [-1.296f,0f,0f,0f,0f,1.0029f,-0.8208f,-0.6091f,0f,-0.8208f,-1.0029f,3.6833f,0f,0f,0f,1f],start_interpolation: 0,interpolation_duration: 1}
$data merge entity $(bone_neck1) {transformation: [-1.44f,0f,0f,0f,0f,1.2625f,-0.6926f,-0.7822f,0f,-0.6926f,-1.2625f,3.3677f,0f,0f,0f,1f],start_interpolation: 0,interpolation_duration: 1}
$data merge entity $(bone_neck0) {transformation: [-1.6f,0f,0f,0f,0f,1.5599f,-0.3561f,-0.9687f,0f,-0.3561f,-1.5599f,3f,0f,0f,0f,1f],start_interpolation: 0,interpolation_duration: 1}
$data merge entity $(bone_frontlegl) {transformation: [-0.9659f,-0.1989f,0.1656f,0.4361f,0f,0.6399f,0.7685f,-0.7521f,-0.2588f,0.7423f,-0.6181f,2.5054f,0f,0f,0f,1f],start_interpolation: 0,interpolation_duration: 1}
$data merge entity $(bone_frontlegtipleft) {transformation: [-0.9659f,0.178f,0.1879f,0.9463f,0f,0.7258f,-0.6879f,-1.3141f,-0.2588f,-0.6644f,-0.7011f,1.5669f,0f,0f,0f,1f],start_interpolation: 0,interpolation_duration: 1}
$data merge entity $(bone_frontfootleftd) {transformation: [-0.9659f,-0.0244f,0.2577f,0.6208f,0f,0.9956f,0.0941f,-2.7645f,-0.2588f,0.0909f,-0.9616f,2.7408f,0f,0f,0f,1f],start_interpolation: 0,interpolation_duration: 1}
$data merge entity $(bone_frontfootleft) {transformation: [0.9659f,0.1671f,0.1976f,0.7079f,0f,-0.7636f,0.6457f,-2.4269f,0.2588f,-0.6237f,-0.7376f,2.4568f,0f,0f,0f,1f],start_interpolation: 0,interpolation_duration: 1}
$data merge entity $(bone_frontlegr) {transformation: [-0.9659f,0.1482f,-0.2122f,-0.8749f,0f,0.8197f,0.5728f,-0.8181f,0.2588f,0.5533f,-0.7918f,2.6255f,0f,0f,0f,1f],start_interpolation: 0,interpolation_duration: 1}
$data merge entity $(bone_frontlegtipright) {transformation: [-0.9659f,-0.2488f,-0.0713f,-0.8563f,0f,0.2753f,-0.9614f,-1.6611f,0.2588f,-0.9286f,-0.2659f,1.7288f,0f,0f,0f,1f],start_interpolation: 0,interpolation_duration: 1}
$data merge entity $(bone_frontfootrightd) {transformation: [-0.9659f,0.1101f,-0.2342f,-0.4237f,0f,0.9049f,0.4256f,-2.3502f,0.2588f,0.4111f,-0.8741f,3.3841f,0f,0f,0f,1f],start_interpolation: 0,interpolation_duration: 1}
$data merge entity $(bone_frontfootright) {transformation: [0.9659f,-0.1092f,-0.2347f,-0.5147f,0f,-0.9067f,0.4217f,-2.1024f,-0.2588f,-0.4074f,-0.8758f,3.0036f,0f,0f,0f,1f],start_interpolation: 0,interpolation_duration: 1}
$data merge entity $(bone_rearlegl) {transformation: [-1.0464f,-0.0887f,-0.266f,-0.0274f,0f,1.0277f,-0.3427f,-0.5137f,0.2804f,-0.331f,-0.9927f,-0.4412f,0f,0f,0f,1f],start_interpolation: 0,interpolation_duration: 1}
$data merge entity $(bone_rearfootleftd) {transformation: [-0.9659f,0.2087f,-0.1531f,0.6596f,0f,0.5914f,0.8064f,-2.5447f,0.2588f,0.7789f,-0.5712f,-0.5334f,0f,0f,0f,1f],start_interpolation: 0,interpolation_duration: 1}
$data merge entity $(bone_rearfootleft) {transformation: [-0.9659f,0.2302f,-0.1182f,0.6071f,0f,0.4568f,0.8895f,-1.876f,0.2588f,0.8592f,-0.4413f,-0.7293f,0f,0f,0f,1f],start_interpolation: 0,interpolation_duration: 1}
$data merge entity $(bone_rearlegtipleft) {transformation: [-0.9659f,0.2582f,0.0183f,0.8037f,0f,-0.0708f,0.9975f,-2.0092f,0.2588f,0.9635f,0.0684f,0.2461f,0f,0f,0f,1f],start_interpolation: 0,interpolation_duration: 1}
$data merge entity $(bone_rearlegr) {transformation: [-1.0464f,0.0628f,0.2733f,-1.2994f,0f,1.0558f,-0.2427f,-0.4956f,-0.2804f,-0.2344f,-1.0198f,-0.8182f,0f,0f,0f,1f],start_interpolation: 0,interpolation_duration: 1}
$data merge entity $(bone_rearfootrightd) {transformation: [-0.9659f,0.0819f,0.2455f,-0.6614f,0f,0.9486f,-0.3164f,-2.9031f,-0.2588f,-0.3056f,-0.9163f,-0.5431f,0f,0f,0f,1f],start_interpolation: 0,interpolation_duration: 1}
$data merge entity $(bone_rearfootright) {transformation: [-0.9659f,-0.2027f,0.1609f,-0.5761f,0f,0.6218f,0.7832f,-2.287f,-0.2588f,0.7565f,-0.6006f,-0.8615f,0f,0f,0f,1f],start_interpolation: 0,interpolation_duration: 1}
$data merge entity $(bone_rearlegtipright) {transformation: [-0.9659f,-0.2396f,0.0979f,-0.8822f,0f,0.3784f,0.9256f,-1.9664f,-0.2588f,0.8941f,-0.3655f,0.0393f,0f,0f,0f,1f],start_interpolation: 0,interpolation_duration: 1}
$data merge entity $(bone_tail11) {transformation: [-0.2906f,0.0156f,0.0396f,-0.522f,0.0385f,0.2156f,0.1987f,-2.0127f,-0.019f,0.2384f,-0.2291f,-6.8957f,0f,0f,0f,1f],start_interpolation: 0,interpolation_duration: 1}
$data merge entity $(bone_tail10) {transformation: [-0.3901f,0.032f,0.013f,-0.5293f,0.0343f,0.3392f,0.1979f,-2.124f,0.0067f,0.2419f,-0.3694f,-6.6879f,0f,0f,0f,1f],start_interpolation: 0,interpolation_duration: 1}
$data merge entity $(bone_tail9) {transformation: [-0.4865f,0.0427f,-0.0336f,-0.5104f,0.0306f,0.4687f,0.1491f,-2.2079f,0.0514f,0.1912f,-0.5153f,-6.3981f,0f,0f,0f,1f],start_interpolation: 0,interpolation_duration: 1}
$data merge entity $(bone_tail8) {transformation: [-0.5679f,0.04f,-0.0871f,-0.4614f,0.0329f,0.5767f,0.0492f,-2.2356f,0.1021f,0.0828f,-0.6359f,-6.0404f,0f,0f,0f,1f],start_interpolation: 0,interpolation_duration: 1}
$data merge entity $(bone_tail7) {transformation: [-0.6637f,0.0229f,-0.1344f,-0.3858f,0.0421f,0.6741f,-0.0947f,-2.1823f,0.1472f,-0.0733f,-0.7461f,-5.6207f,0f,0f,0f,1f],start_interpolation: 0,interpolation_duration: 1}
$data merge entity $(bone_tail6) {transformation: [-0.7808f,0.002f,-0.1608f,-0.2954f,0.0496f,0.7661f,-0.2334f,-2.051f,0.1735f,-0.2217f,-0.8536f,-5.1406f,0f,0f,0f,1f],start_interpolation: 0,interpolation_duration: 1}
$data merge entity $(bone_tail5) {transformation: [-0.8711f,-0.0129f,-0.16f,-0.2054f,0.0482f,0.8262f,-0.3316f,-1.8645f,0.1734f,-0.3258f,-0.9279f,-4.6186f,0f,0f,0f,1f],start_interpolation: 0,interpolation_duration: 1}
$data merge entity $(bone_tail4) {transformation: [-0.974f,-0.0105f,-0.1405f,-0.1264f,0.0401f,0.9259f,-0.35f,-1.6676f,0.1524f,-0.3393f,-1.0454f,-4.0306f,0f,0f,0f,1f],start_interpolation: 0,interpolation_duration: 1}
$data merge entity $(bone_tail3) {transformation: [-1.0887f,-0.0078f,-0.1024f,-0.0688f,0.0264f,1.038f,-0.3651f,-1.4623f,0.111f,-0.3481f,-1.1775f,-3.3682f,0f,0f,0f,1f],start_interpolation: 0,interpolation_duration: 1}
$data merge entity $(bone_tail2) {transformation: [-1.2129f,-0.0055f,-0.0719f,-0.0284f,0.0164f,1.1642f,-0.3741f,-1.2518f,0.0774f,-0.3501f,-1.3222f,-2.6245f,0f,0f,0f,1f],start_interpolation: 0,interpolation_duration: 1}
$data merge entity $(bone_tail1) {transformation: [-1.3494f,-0.0035f,-0.0391f,-0.0064f,0.0068f,1.306f,-0.3752f,-1.0408f,0.0411f,-0.3427f,-1.4825f,-1.7906f,0f,0f,0f,1f],start_interpolation: 0,interpolation_duration: 1}
$data merge entity $(bone_tail0) {transformation: [-1.5f,-0.0024f,-0.0124f,0f,0f,1.4648f,-0.3659f,-0.4687f,0.0112f,-0.3228f,-1.6601f,-0.9375f,0f,0f,0f,1f],start_interpolation: 0,interpolation_duration: 1}