# This file was generated by Animated Java via MC-Build. It is not recommended to edit this file directly.
$data merge entity $(bone_leftwing20) {transformation: [-0.4292f,-2.1551f,-1.9807f,1.2225f,-0.4405f,2.0266f,-2.1096f,0.388f,2.8937f,-0.0112f,-0.6149f,3.5204f,0f,0f,0f,1f],start_interpolation: 0,interpolation_duration: 1}
$data merge entity $(bone_leftwing21) {transformation: [-0.2549f,-2.155f,-2.0105f,1.2225f,-0.2549f,2.0265f,-2.1399f,0.388f,2.9361f,-0.0112f,-0.3603f,3.5204f,0f,0f,0f,1f],start_interpolation: 0,interpolation_duration: 1}
$data merge entity $(bone_leftwing22) {transformation: [-0.0789f,-2.1591f,-2.0289f,1.2225f,-0.0676f,2.0304f,-2.1581f,0.388f,2.9621f,-0.0112f,-0.1033f,3.5204f,0f,0f,0f,1f],start_interpolation: 0,interpolation_duration: 1}
$data merge entity $(bone_leftwing23) {transformation: [0.0967f,-2.1247f,-1.9958f,1.2225f,0.1188f,1.9981f,-2.1214f,0.388f,2.9126f,-0.011f,0.1528f,3.5204f,0f,0f,0f,1f],start_interpolation: 0,interpolation_duration: 1}
$data merge entity $(bone_leftwing1) {transformation: [-0.2561f,-1.457f,1.346f,0.8383f,-0.2832f,1.3701f,1.4292f,-0.0367f,-1.9632f,-0.0075f,-0.3817f,0.5755f,0f,0f,0f,1f],start_interpolation: 0,interpolation_duration: 1}
$data merge entity $(bone_leftwing) {transformation: [-0.1005f,-0.8499f,-0.7929f,0.6875f,-0.1005f,0.7992f,-0.8439f,-0.1875f,1.158f,-0.0044f,-0.1421f,2.3125f,0f,0f,0f,1f],start_interpolation: 0,interpolation_duration: 1}
$data merge entity $(bone_rightwing20) {transformation: [-0.4292f,2.1551f,1.9807f,-1.2225f,0.4405f,2.0266f,-2.1096f,0.388f,-2.8937f,-0.0112f,-0.6149f,3.5204f,0f,0f,0f,1f],start_interpolation: 0,interpolation_duration: 1}
$data merge entity $(bone_rightwing21) {transformation: [-0.2549f,2.1551f,2.0106f,-1.2225f,0.2549f,2.0266f,-2.14f,0.388f,-2.9363f,-0.0112f,-0.3604f,3.5204f,0f,0f,0f,1f],start_interpolation: 0,interpolation_duration: 1}
$data merge entity $(bone_rightwing22) {transformation: [-0.0787f,2.1551f,2.0251f,-1.2225f,0.0675f,2.0266f,-2.154f,0.388f,-2.9565f,-0.0112f,-0.1031f,3.5204f,0f,0f,0f,1f],start_interpolation: 0,interpolation_duration: 1}
$data merge entity $(bone_rightwing23) {transformation: [0.0967f,2.1247f,1.9958f,-1.2225f,-0.1188f,1.9981f,-2.1214f,0.388f,-2.9126f,-0.011f,0.1528f,3.5204f,0f,0f,0f,1f],start_interpolation: 0,interpolation_duration: 1}
$data merge entity $(bone_rightwing1) {transformation: [-0.2561f,1.457f,-1.346f,-0.8383f,0.2832f,1.3701f,1.4292f,-0.0367f,1.9632f,-0.0075f,-0.3817f,0.5755f,0f,0f,0f,1f],start_interpolation: 0,interpolation_duration: 1}
$data merge entity $(bone_rightwing) {transformation: [-0.1005f,0.8499f,0.7929f,-0.6875f,0.1005f,0.7992f,-0.8439f,-0.1875f,-1.158f,-0.0044f,-0.1421f,2.3125f,0f,0f,0f,1f],start_interpolation: 0,interpolation_duration: 1}
$data merge entity $(bone_eyebrow) {transformation: [-0.8923f,0f,0f,0f,0f,0.8923f,-0.0064f,0.3556f,0f,-0.0064f,-0.8923f,6.0194f,0f,0f,0f,1f],start_interpolation: 0,interpolation_duration: 1}
$data merge entity $(bone_head) {transformation: [-1.2269f,0f,0f,0f,0f,1.2269f,-0.0089f,-0.0854f,0f,-0.0089f,-1.2269f,4.4093f,0f,0f,0f,1f],start_interpolation: 0,interpolation_duration: 1}
$data merge entity $(bone_neck4) {transformation: [-1.0498f,0f,0f,0f,0f,0.9233f,-0.4995f,-0.0877f,0f,-0.4995f,-0.9233f,4.336f,0f,0f,0f,1f],start_interpolation: 0,interpolation_duration: 1}
$data merge entity $(bone_neck3) {transformation: [-1.1664f,0f,0f,0f,0f,0.9266f,-0.7084f,-0.3977f,0f,-0.7084f,-0.9266f,3.9306f,0f,0f,0f,1f],start_interpolation: 0,interpolation_duration: 1}
$data merge entity $(bone_neck2) {transformation: [-1.296f,0f,0f,0f,0f,1.0008f,-0.8234f,-0.6035f,0f,-0.8234f,-1.0008f,3.6804f,0f,0f,0f,1f],start_interpolation: 0,interpolation_duration: 1}
$data merge entity $(bone_neck1) {transformation: [-1.44f,0f,0f,0f,0f,1.2563f,-0.7038f,-0.7795f,0f,-0.7038f,-1.2563f,3.3663f,0f,0f,0f,1f],start_interpolation: 0,interpolation_duration: 1}
$data merge entity $(bone_neck0) {transformation: [-1.6f,0f,0f,0f,0f,1.5572f,-0.3678f,-0.9687f,0f,-0.3678f,-1.5572f,3f,0f,0f,0f,1f],start_interpolation: 0,interpolation_duration: 1}
$data merge entity $(bone_frontlegl) {transformation: [-0.9659f,-0.2043f,0.1589f,0.4355f,0f,0.6141f,0.7892f,-0.753f,-0.2588f,0.7623f,-0.5932f,2.5073f,0f,0f,0f,1f],start_interpolation: 0,interpolation_duration: 1}
$data merge entity $(bone_frontlegtipleft) {transformation: [-0.9659f,0.1759f,0.1899f,0.9516f,0f,0.7337f,-0.6794f,-1.2809f,-0.2588f,-0.6563f,-0.7087f,1.5473f,0f,0f,0f,1f],start_interpolation: 0,interpolation_duration: 1}
$data merge entity $(bone_frontfootleftd) {transformation: [-0.9659f,-0.0193f,0.2581f,0.6324f,0f,0.9972f,0.0748f,-2.7516f,-0.2588f,0.0722f,-0.9632f,2.6978f,0f,0f,0f,1f],start_interpolation: 0,interpolation_duration: 1}
$data merge entity $(bone_frontfootleft) {transformation: [0.9659f,0.1736f,0.192f,0.7165f,0f,-0.7418f,0.6706f,-2.4043f,0.2588f,-0.6478f,-0.7165f,2.4248f,0f,0f,0f,1f],start_interpolation: 0,interpolation_duration: 1}
$data merge entity $(bone_frontlegr) {transformation: [-0.9659f,0.1437f,-0.2153f,-0.8748f,0f,0.8317f,0.5553f,-0.8188f,0.2588f,0.5363f,-0.8033f,2.6256f,0f,0f,0f,1f],start_interpolation: 0,interpolation_duration: 1}
$data merge entity $(bone_frontlegtipright) {transformation: [-0.9659f,-0.2501f,-0.0665f,-0.8516f,0f,0.2568f,-0.9665f,-1.6796f,0.2588f,-0.9335f,-0.248f,1.7465f,0f,0f,0f,1f],start_interpolation: 0,interpolation_duration: 1}
$data merge entity $(bone_frontfootrightd) {transformation: [-0.9659f,0.1113f,-0.2337f,-0.4155f,0f,0.9028f,0.43f,-2.3349f,0.2588f,0.4154f,-0.8721f,3.4148f,0f,0f,0f,1f],start_interpolation: 0,interpolation_duration: 1}
$data merge entity $(bone_frontfootright) {transformation: [0.9659f,-0.1041f,-0.2369f,-0.5079f,0f,-0.9155f,0.4024f,-2.0955f,-0.2588f,-0.3887f,-0.8843f,3.0293f,0f,0f,0f,1f],start_interpolation: 0,interpolation_duration: 1}
$data merge entity $(bone_rearlegl) {transformation: [-1.0464f,-0.0961f,-0.2634f,-0.0282f,0f,1.0177f,-0.3713f,-0.5194f,0.2804f,-0.3586f,-0.983f,-0.4441f,0f,0f,0f,1f],start_interpolation: 0,interpolation_duration: 1}
$data merge entity $(bone_rearfootleftd) {transformation: [-0.9659f,0.1991f,-0.1654f,0.671f,0f,0.6389f,0.7693f,-2.5206f,0.2588f,0.7431f,-0.6171f,-0.4909f,0f,0f,0f,1f],start_interpolation: 0,interpolation_duration: 1}
$data merge entity $(bone_rearfootleft) {transformation: [-0.9659f,0.2294f,-0.1198f,0.6173f,0f,0.4629f,0.8864f,-1.8534f,0.2588f,0.8562f,-0.4472f,-0.6913f,0f,0f,0f,1f],start_interpolation: 0,interpolation_duration: 1}
$data merge entity $(bone_rearlegtipleft) {transformation: [-0.9659f,0.258f,0.0211f,0.8136f,0f,-0.0814f,0.9967f,-1.997f,0.2588f,0.9627f,0.0786f,0.2827f,0f,0f,0f,1f],start_interpolation: 0,interpolation_duration: 1}
$data merge entity $(bone_rearlegr) {transformation: [-1.0464f,0.057f,0.2745f,-1.3002f,0f,1.0607f,-0.2202f,-0.4909f,-0.2804f,-0.2127f,-1.0246f,-0.8155f,0f,0f,0f,1f],start_interpolation: 0,interpolation_duration: 1}
$data merge entity $(bone_rearfootrightd) {transformation: [-0.9659f,0.0777f,0.2469f,-0.6499f,0f,0.9539f,-0.3001f,-2.9035f,-0.2588f,-0.2899f,-0.9214f,-0.5859f,0f,0f,0f,1f],start_interpolation: 0,interpolation_duration: 1}
$data merge entity $(bone_rearfootright) {transformation: [-0.9659f,-0.2054f,0.1574f,-0.5674f,0f,0.6082f,0.7937f,-2.2818f,-0.2588f,0.7667f,-0.5875f,-0.894f,0f,0f,0f,1f],start_interpolation: 0,interpolation_duration: 1}
$data merge entity $(bone_rearlegtipright) {transformation: [-0.9659f,-0.241f,0.0943f,-0.8747f,0f,0.3645f,0.9312f,-1.9755f,-0.2588f,0.8995f,-0.3521f,0.0113f,0f,0f,0f,1f],start_interpolation: 0,interpolation_duration: 1}
$data merge entity $(bone_tail11) {transformation: [-0.2904f,0.0091f,0.0434f,-0.5265f,0.0359f,0.2185f,0.196f,-2.0678f,-0.028f,0.2357f,-0.2309f,-6.8864f,0f,0f,0f,1f],start_interpolation: 0,interpolation_duration: 1}
$data merge entity $(bone_tail10) {transformation: [-0.3903f,0.0247f,0.0206f,-0.5381f,0.0316f,0.3424f,0.1929f,-2.1763f,-0.0058f,0.2374f,-0.3722f,-6.677f,0f,0f,0f,1f],start_interpolation: 0,interpolation_duration: 1}
$data merge entity $(bone_tail9) {transformation: [-0.4877f,0.0359f,-0.0237f,-0.5248f,0.0275f,0.4713f,0.1417f,-2.256f,0.0373f,0.1847f,-0.5187f,-6.3853f,0f,0f,0f,1f],start_interpolation: 0,interpolation_duration: 1}
$data merge entity $(bone_tail8) {transformation: [-0.5697f,0.0349f,-0.0774f,-0.4813f,0.0296f,0.5777f,0.0399f,-2.2785f,0.0896f,0.0744f,-0.6387f,-6.026f,0f,0f,0f,1f],start_interpolation: 0,interpolation_duration: 1}
$data merge entity $(bone_tail7) {transformation: [-0.6652f,0.0195f,-0.1278f,-0.4094f,0.0395f,0.6729f,-0.1052f,-2.2193f,0.1389f,-0.0834f,-0.7465f,-5.6061f,0f,0f,0f,1f],start_interpolation: 0,interpolation_duration: 1}
$data merge entity $(bone_tail6) {transformation: [-0.7812f,-0.0006f,-0.1586f,-0.3202f,0.0485f,0.7629f,-0.2444f,-2.0818f,0.1704f,-0.2329f,-0.851f,-5.1274f,0f,0f,0f,1f],start_interpolation: 0,interpolation_duration: 1}
$data merge entity $(bone_tail5) {transformation: [-0.8707f,-0.0154f,-0.1621f,-0.229f,0.0486f,0.822f,-0.3424f,-1.8892f,0.1751f,-0.337f,-0.9234f,-4.608f,0f,0f,0f,1f],start_interpolation: 0,interpolation_duration: 1}
$data merge entity $(bone_tail4) {transformation: [-0.9731f,-0.0129f,-0.1469f,-0.1464f,0.0416f,0.9219f,-0.3606f,-1.6864f,0.1587f,-0.3504f,-1.0406f,-4.0226f,0f,0f,0f,1f],start_interpolation: 0,interpolation_duration: 1}
$data merge entity $(bone_tail3) {transformation: [-1.0877f,-0.01f,-0.112f,-0.0833f,0.0284f,1.0346f,-0.3753f,-1.4753f,0.1208f,-0.3586f,-1.1732f,-3.3627f,0f,0f,0f,1f],start_interpolation: 0,interpolation_duration: 1}
$data merge entity $(bone_tail2) {transformation: [-1.2122f,-0.0074f,-0.0825f,-0.0369f,0.0182f,1.1615f,-0.3835f,-1.2596f,0.0882f,-0.3595f,-1.3187f,-2.621f,0f,0f,0f,1f],start_interpolation: 0,interpolation_duration: 1}
$data merge entity $(bone_tail1) {transformation: [-1.3491f,-0.0051f,-0.0486f,-0.0096f,0.0079f,1.304f,-0.3833f,-1.044f,0.0506f,-0.3504f,-1.4801f,-1.7884f,0f,0f,0f,1f],start_interpolation: 0,interpolation_duration: 1}
$data merge entity $(bone_tail0) {transformation: [-1.4999f,-0.0037f,-0.0187f,0f,0f,1.4636f,-0.3721f,-0.4687f,0.0169f,-0.3283f,-1.6587f,-0.9375f,0f,0f,0f,1f],start_interpolation: 0,interpolation_duration: 1}