# This file was generated by Animated Java via MC-Build. It is not recommended to edit this file directly.
$data merge entity $(bone_leftwing20) {transformation: [-0.4273f,-2.1749f,-1.9593f,1.2157f,-0.4422f,2.0053f,-2.1296f,0.3943f,2.8937f,-0.0147f,-0.6148f,3.5203f,0f,0f,0f,1f],start_interpolation: 0,interpolation_duration: 1}
$data merge entity $(bone_leftwing21) {transformation: [-0.2549f,-2.1748f,-1.989f,1.2157f,-0.2549f,2.0052f,-2.1599f,0.3943f,2.9361f,-0.0147f,-0.3602f,3.5203f,0f,0f,0f,1f],start_interpolation: 0,interpolation_duration: 1}
$data merge entity $(bone_leftwing22) {transformation: [-0.0808f,-2.179f,-2.0075f,1.2157f,-0.0658f,2.009f,-2.1781f,0.3943f,2.9621f,-0.0148f,-0.1031f,3.5203f,0f,0f,0f,1f],start_interpolation: 0,interpolation_duration: 1}
$data merge entity $(bone_leftwing23) {transformation: [0.093f,-2.1443f,-1.9749f,1.2157f,0.1223f,1.977f,-2.1409f,0.3943f,2.9126f,-0.0145f,0.1529f,3.5203f,0f,0f,0f,1f],start_interpolation: 0,interpolation_duration: 1}
$data merge entity $(bone_leftwing1) {transformation: [-0.2516f,-1.4704f,1.3322f,0.8383f,-0.2873f,1.3557f,1.4421f,-0.0367f,-1.9632f,-0.01f,-0.3818f,0.5755f,0f,0f,0f,1f],start_interpolation: 0,interpolation_duration: 1}
$data merge entity $(bone_leftwing) {transformation: [-0.1005f,-0.8577f,-0.7844f,0.6875f,-0.1005f,0.7908f,-0.8518f,-0.1875f,1.158f,-0.0058f,-0.1421f,2.3125f,0f,0f,0f,1f],start_interpolation: 0,interpolation_duration: 1}
$data merge entity $(bone_rightwing20) {transformation: [-0.4273f,2.1749f,1.9593f,-1.2157f,0.4422f,2.0053f,-2.1296f,0.3943f,-2.8937f,-0.0147f,-0.6148f,3.5203f,0f,0f,0f,1f],start_interpolation: 0,interpolation_duration: 1}
$data merge entity $(bone_rightwing21) {transformation: [-0.2549f,2.1749f,1.9891f,-1.2157f,0.2549f,2.0053f,-2.16f,0.3943f,-2.9363f,-0.0147f,-0.3602f,3.5203f,0f,0f,0f,1f],start_interpolation: 0,interpolation_duration: 1}
$data merge entity $(bone_rightwing22) {transformation: [-0.0806f,2.1749f,2.0037f,-1.2157f,0.0657f,2.0053f,-2.174f,0.3943f,-2.9565f,-0.0147f,-0.1029f,3.5203f,0f,0f,0f,1f],start_interpolation: 0,interpolation_duration: 1}
$data merge entity $(bone_rightwing23) {transformation: [0.093f,2.1443f,1.9749f,-1.2157f,-0.1223f,1.977f,-2.1409f,0.3943f,-2.9126f,-0.0145f,0.1529f,3.5203f,0f,0f,0f,1f],start_interpolation: 0,interpolation_duration: 1}
$data merge entity $(bone_rightwing1) {transformation: [-0.2516f,1.4704f,-1.3322f,-0.8383f,0.2873f,1.3557f,1.4421f,-0.0367f,1.9632f,-0.01f,-0.3818f,0.5755f,0f,0f,0f,1f],start_interpolation: 0,interpolation_duration: 1}
$data merge entity $(bone_rightwing) {transformation: [-0.1005f,0.8577f,0.7844f,-0.6875f,0.1005f,0.7908f,-0.8518f,-0.1875f,-1.158f,-0.0058f,-0.1421f,2.3125f,0f,0f,0f,1f],start_interpolation: 0,interpolation_duration: 1}
$data merge entity $(bone_eyebrow) {transformation: [-0.8923f,0f,0f,0f,0f,0.8923f,-0.0026f,0.3514f,0f,-0.0026f,-0.8923f,6.0201f,0f,0f,0f,1f],start_interpolation: 0,interpolation_duration: 1}
$data merge entity $(bone_head) {transformation: [-1.2269f,0f,0f,0f,0f,1.2269f,-0.0035f,-0.0826f,0f,-0.0035f,-1.2269f,4.408f,0f,0f,0f,1f],start_interpolation: 0,interpolation_duration: 1}
$data merge entity $(bone_neck4) {transformation: [-1.0498f,0f,0f,0f,0f,0.9255f,-0.4955f,-0.0846f,0f,-0.4955f,-0.9255f,4.3347f,0f,0f,0f,1f],start_interpolation: 0,interpolation_duration: 1}
$data merge entity $(bone_neck3) {transformation: [-1.1664f,0f,0f,0f,0f,0.9305f,-0.7034f,-0.3923f,0f,-0.7034f,-0.9305f,3.9276f,0f,0f,0f,1f],start_interpolation: 0,interpolation_duration: 1}
$data merge entity $(bone_neck2) {transformation: [-1.296f,0f,0f,0f,0f,0.9999f,-0.8245f,-0.5985f,0f,-0.8245f,-0.9999f,3.6776f,0f,0f,0f,1f],start_interpolation: 0,interpolation_duration: 1}
$data merge entity $(bone_neck1) {transformation: [-1.44f,0f,0f,0f,0f,1.2508f,-0.7135f,-0.7768f,0f,-0.7135f,-1.2508f,3.3649f,0f,0f,0f,1f],start_interpolation: 0,interpolation_duration: 1}
$data merge entity $(bone_neck0) {transformation: [-1.6f,0f,0f,0f,0f,1.5545f,-0.379f,-0.9687f,0f,-0.379f,-1.5545f,3f,0f,0f,0f,1f],start_interpolation: 0,interpolation_duration: 1}
$data merge entity $(bone_frontlegl) {transformation: [-0.9659f,-0.2095f,0.152f,0.435f,0f,0.5871f,0.8095f,-0.754f,-0.2588f,0.7819f,-0.5671f,2.5092f,0f,0f,0f,1f],start_interpolation: 0,interpolation_duration: 1}
$data merge entity $(bone_frontlegtipleft) {transformation: [-0.9659f,0.1734f,0.1921f,0.9566f,0f,0.7423f,-0.6701f,-1.2464f,-0.2588f,-0.6472f,-0.717f,1.5287f,0f,0f,0f,1f],start_interpolation: 0,interpolation_duration: 1}
$data merge entity $(bone_frontfootleftd) {transformation: [-0.9659f,-0.0143f,0.2584f,0.6442f,0f,0.9985f,0.0554f,-2.7379f,-0.2588f,0.0535f,-0.9644f,2.6538f,0f,0f,0f,1f],start_interpolation: 0,interpolation_duration: 1}
$data merge entity $(bone_frontfootleft) {transformation: [0.9659f,0.1799f,0.186f,0.7252f,0f,-0.7188f,0.6953f,-2.3812f,0.2588f,-0.6716f,-0.6943f,2.3922f,0f,0f,0f,1f],start_interpolation: 0,interpolation_duration: 1}
$data merge entity $(bone_frontlegr) {transformation: [-0.9659f,0.1395f,-0.218f,-0.8748f,0f,0.8424f,0.5388f,-0.8194f,0.2588f,0.5205f,-0.8137f,2.6257f,0f,0f,0f,1f],start_interpolation: 0,interpolation_duration: 1}
$data merge entity $(bone_frontlegtipright) {transformation: [-0.9659f,-0.2512f,-0.0624f,-0.8471f,0f,0.2409f,-0.9705f,-1.6963f,0.2588f,-0.9375f,-0.2327f,1.7633f,0f,0f,0f,1f],start_interpolation: 0,interpolation_duration: 1}
$data merge entity $(bone_frontfootrightd) {transformation: [-0.9659f,0.1122f,-0.2332f,-0.4081f,0f,0.9011f,0.4335f,-2.3219f,0.2588f,0.4188f,-0.8704f,3.4424f,0f,0f,0f,1f],start_interpolation: 0,interpolation_duration: 1}
$data merge entity $(bone_frontfootright) {transformation: [0.9659f,-0.0995f,-0.2389f,-0.5016f,0f,-0.9232f,0.3844f,-2.0903f,-0.2588f,-0.3713f,-0.8917f,3.0524f,0f,0f,0f,1f],start_interpolation: 0,interpolation_duration: 1}
$data merge entity $(bone_rearlegl) {transformation: [-1.0464f,-0.1037f,-0.2605f,-0.029f,0f,1.0065f,-0.4007f,-0.5255f,0.2804f,-0.3871f,-0.9722f,-0.447f,0f,0f,0f,1f],start_interpolation: 0,interpolation_duration: 1}
$data merge entity $(bone_rearfootleftd) {transformation: [-0.9659f,0.1887f,-0.1772f,0.6828f,0f,0.6845f,0.729f,-2.4953f,0.2588f,0.7042f,-0.6612f,-0.4467f,0f,0f,0f,1f],start_interpolation: 0,interpolation_duration: 1}
$data merge entity $(bone_rearfootleft) {transformation: [-0.9659f,0.2285f,-0.1216f,0.6278f,0f,0.4699f,0.8827f,-1.8297f,0.2588f,0.8527f,-0.4539f,-0.6521f,0f,0f,0f,1f],start_interpolation: 0,interpolation_duration: 1}
$data merge entity $(bone_rearlegtipleft) {transformation: [-0.9659f,0.2577f,0.0236f,0.8237f,0f,-0.091f,0.9959f,-1.983f,0.2588f,0.9619f,0.0879f,0.3205f,0f,0f,0f,1f],start_interpolation: 0,interpolation_duration: 1}
$data merge entity $(bone_rearlegr) {transformation: [-1.0464f,0.0516f,0.2756f,-1.3009f,0f,1.0648f,-0.1994f,-0.4866f,-0.2804f,-0.1926f,-1.0285f,-0.8129f,0f,0f,0f,1f],start_interpolation: 0,interpolation_duration: 1}
$data merge entity $(bone_rearfootrightd) {transformation: [-0.9659f,0.0735f,0.2482f,-0.6391f,0f,0.9588f,-0.2841f,-2.9021f,-0.2588f,-0.2744f,-0.9261f,-0.6264f,0f,0f,0f,1f],start_interpolation: 0,interpolation_duration: 1}
$data merge entity $(bone_rearfootright) {transformation: [-0.9659f,-0.208f,0.154f,-0.5592f,0f,0.5949f,0.8038f,-2.2751f,-0.2588f,0.7764f,-0.5746f,-0.9244f,0f,0f,0f,1f],start_interpolation: 0,interpolation_duration: 1}
$data merge entity $(bone_rearlegtipright) {transformation: [-0.9659f,-0.2425f,0.0906f,-0.8677f,0f,0.35f,0.9368f,-1.9837f,-0.2588f,0.9048f,-0.3381f,-0.0146f,0f,0f,0f,1f],start_interpolation: 0,interpolation_duration: 1}
$data merge entity $(bone_tail11) {transformation: [-0.29f,0.0024f,0.0466f,-0.5245f,0.0326f,0.2216f,0.1932f,-2.1235f,-0.0367f,0.2324f,-0.2329f,-6.8771f,0f,0f,0f,1f],start_interpolation: 0,interpolation_duration: 1}
$data merge entity $(bone_tail10) {transformation: [-0.3903f,0.017f,0.0278f,-0.5401f,0.0281f,0.3457f,0.1877f,-2.229f,-0.0181f,0.2323f,-0.3749f,-6.6662f,0f,0f,0f,1f],start_interpolation: 0,interpolation_duration: 1}
$data merge entity $(bone_tail9) {transformation: [-0.4886f,0.0285f,-0.0134f,-0.5326f,0.0235f,0.4739f,0.1339f,-2.3044f,0.0227f,0.1776f,-0.5219f,-6.3726f,0f,0f,0f,1f],start_interpolation: 0,interpolation_duration: 1}
$data merge entity $(bone_tail8) {transformation: [-0.5713f,0.0292f,-0.0668f,-0.495f,0.0255f,0.5786f,0.0303f,-2.3214f,0.076f,0.0655f,-0.6413f,-6.0119f,0f,0f,0f,1f],start_interpolation: 0,interpolation_duration: 1}
$data merge entity $(bone_tail7) {transformation: [-0.6668f,0.0158f,-0.1196f,-0.4277f,0.0361f,0.6714f,-0.1161f,-2.2561f,0.129f,-0.0939f,-0.7469f,-5.5918f,0f,0f,0f,1f],start_interpolation: 0,interpolation_duration: 1}
$data merge entity $(bone_tail6) {transformation: [-0.7821f,-0.0033f,-0.1544f,-0.3409f,0.0466f,0.7595f,-0.2558f,-2.1122f,0.1653f,-0.2444f,-0.8487f,-5.1144f,0f,0f,0f,1f],start_interpolation: 0,interpolation_duration: 1}
$data merge entity $(bone_tail5) {transformation: [-0.8706f,-0.0178f,-0.1621f,-0.2497f,0.0483f,0.8176f,-0.3533f,-1.9135f,0.1746f,-0.3483f,-0.9191f,-4.5974f,0f,0f,0f,1f],start_interpolation: 0,interpolation_duration: 1}
$data merge entity $(bone_tail4) {transformation: [-0.9723f,-0.0152f,-0.1516f,-0.1645f,0.0426f,0.9179f,-0.3712f,-1.7047f,0.1631f,-0.3614f,-1.0359f,-4.0147f,0f,0f,0f,1f],start_interpolation: 0,interpolation_duration: 1}
$data merge entity $(bone_tail3) {transformation: [-1.0868f,-0.0122f,-0.1203f,-0.0968f,0.0301f,1.0311f,-0.3854f,-1.4879f,0.1291f,-0.3691f,-1.1688f,-3.3573f,0f,0f,0f,1f],start_interpolation: 0,interpolation_duration: 1}
$data merge entity $(bone_tail2) {transformation: [-1.2115f,-0.0093f,-0.0921f,-0.045f,0.0198f,1.1586f,-0.3926f,-1.2671f,0.0979f,-0.3688f,-1.3152f,-2.6175f,0f,0f,0f,1f],start_interpolation: 0,interpolation_duration: 1}
$data merge entity $(bone_tail1) {transformation: [-1.3488f,-0.0067f,-0.0576f,-0.0126f,0.009f,1.302f,-0.3911f,-1.0471f,0.0595f,-0.358f,-1.4777f,-1.7863f,0f,0f,0f,1f],start_interpolation: 0,interpolation_duration: 1}
$data merge entity $(bone_tail0) {transformation: [-1.4998f,-0.005f,-0.0246f,0f,0f,1.4624f,-0.3781f,-0.4687f,0.0223f,-0.3336f,-1.6572f,-0.9375f,0f,0f,0f,1f],start_interpolation: 0,interpolation_duration: 1}