# This file was generated by Animated Java via MC-Build. It is not recommended to edit this file directly.
$data merge entity $(bone_leftwing20) {transformation: [-0.4255f,-2.1936f,-1.9388f,1.2093f,-0.4439f,1.9848f,-2.1483f,0.4002f,2.8937f,-0.0181f,-0.6146f,3.5203f,0f,0f,0f,1f],start_interpolation: 0,interpolation_duration: 1}
$data merge entity $(bone_leftwing21) {transformation: [-0.2549f,-2.1935f,-1.9684f,1.2093f,-0.2549f,1.9847f,-2.1787f,0.4002f,2.9361f,-0.0181f,-0.3601f,3.5203f,0f,0f,0f,1f],start_interpolation: 0,interpolation_duration: 1}
$data merge entity $(bone_leftwing22) {transformation: [-0.0826f,-2.1977f,-1.9869f,1.2093f,-0.0642f,1.9885f,-2.1969f,0.4002f,2.962f,-0.0182f,-0.103f,3.5203f,0f,0f,0f,1f],start_interpolation: 0,interpolation_duration: 1}
$data merge entity $(bone_leftwing23) {transformation: [0.0895f,-2.1627f,-1.9549f,1.2093f,0.1255f,1.9569f,-2.1591f,0.4002f,2.9126f,-0.0179f,0.1531f,3.5203f,0f,0f,0f,1f],start_interpolation: 0,interpolation_duration: 1}
$data merge entity $(bone_leftwing1) {transformation: [-0.2473f,-1.483f,1.3189f,0.8383f,-0.2913f,1.3419f,1.4542f,-0.0367f,-1.9632f,-0.0123f,-0.3819f,0.5755f,0f,0f,0f,1f],start_interpolation: 0,interpolation_duration: 1}
$data merge entity $(bone_leftwing) {transformation: [-0.1005f,-0.8651f,-0.7763f,0.6875f,-0.1005f,0.7827f,-0.8593f,-0.1875f,1.158f,-0.0071f,-0.142f,2.3125f,0f,0f,0f,1f],start_interpolation: 0,interpolation_duration: 1}
$data merge entity $(bone_rightwing20) {transformation: [-0.4255f,2.1936f,1.9388f,-1.2093f,0.4439f,1.9848f,-2.1483f,0.4002f,-2.8937f,-0.0181f,-0.6146f,3.5203f,0f,0f,0f,1f],start_interpolation: 0,interpolation_duration: 1}
$data merge entity $(bone_rightwing21) {transformation: [-0.2549f,2.1936f,1.9685f,-1.2093f,0.2549f,1.9848f,-2.1788f,0.4002f,-2.9363f,-0.0181f,-0.3601f,3.5203f,0f,0f,0f,1f],start_interpolation: 0,interpolation_duration: 1}
$data merge entity $(bone_rightwing22) {transformation: [-0.0824f,2.1936f,1.9832f,-1.2093f,0.0641f,1.9848f,-2.1927f,0.4002f,-2.9565f,-0.0181f,-0.1028f,3.5203f,0f,0f,0f,1f],start_interpolation: 0,interpolation_duration: 1}
$data merge entity $(bone_rightwing23) {transformation: [0.0895f,2.1627f,1.9549f,-1.2093f,-0.1255f,1.9569f,-2.1591f,0.4002f,-2.9126f,-0.0179f,0.1531f,3.5203f,0f,0f,0f,1f],start_interpolation: 0,interpolation_duration: 1}
$data merge entity $(bone_rightwing1) {transformation: [-0.2473f,1.483f,-1.3189f,-0.8383f,0.2913f,1.3419f,1.4542f,-0.0367f,1.9632f,-0.0123f,-0.3819f,0.5755f,0f,0f,0f,1f],start_interpolation: 0,interpolation_duration: 1}
$data merge entity $(bone_rightwing) {transformation: [-0.1005f,0.8651f,0.7763f,-0.6875f,0.1005f,0.7827f,-0.8593f,-0.1875f,-1.158f,-0.0071f,-0.142f,2.3125f,0f,0f,0f,1f],start_interpolation: 0,interpolation_duration: 1}
$data merge entity $(bone_eyebrow) {transformation: [-0.8923f,0f,0f,0f,0f,0.8923f,0.0016f,0.3453f,0f,0.0016f,-0.8923f,6.0217f,0f,0f,0f,1f],start_interpolation: 0,interpolation_duration: 1}
$data merge entity $(bone_head) {transformation: [-1.2269f,0f,0f,0f,0f,1.2269f,0.0021f,-0.0812f,0f,0.0021f,-1.2269f,4.4077f,0f,0f,0f,1f],start_interpolation: 0,interpolation_duration: 1}
$data merge entity $(bone_neck4) {transformation: [-1.0498f,0f,0f,0f,0f,0.9277f,-0.4912f,-0.0829f,0f,-0.4912f,-0.9277f,4.3343f,0f,0f,0f,1f],start_interpolation: 0,interpolation_duration: 1}
$data merge entity $(bone_neck3) {transformation: [-1.1664f,0f,0f,0f,0f,0.935f,-0.6973f,-0.388f,0f,-0.6973f,-0.935f,3.9252f,0f,0f,0f,1f],start_interpolation: 0,interpolation_duration: 1}
$data merge entity $(bone_neck2) {transformation: [-1.296f,0f,0f,0f,0f,1.0004f,-0.8239f,-0.5939f,0f,-0.8239f,-1.0004f,3.6751f,0f,0f,0f,1f],start_interpolation: 0,interpolation_duration: 1}
$data merge entity $(bone_neck1) {transformation: [-1.44f,0f,0f,0f,0f,1.2461f,-0.7217f,-0.7743f,0f,-0.7217f,-1.2461f,3.3636f,0f,0f,0f,1f],start_interpolation: 0,interpolation_duration: 1}
$data merge entity $(bone_neck0) {transformation: [-1.6f,0f,0f,0f,0f,1.5518f,-0.3897f,-0.9687f,0f,-0.3897f,-1.5518f,3f,0f,0f,0f,1f],start_interpolation: 0,interpolation_duration: 1}
$data merge entity $(bone_frontlegl) {transformation: [-0.9659f,-0.2146f,0.1447f,0.4345f,0f,0.5591f,0.8291f,-0.7551f,-0.2588f,0.8009f,-0.54f,2.5112f,0f,0f,0f,1f],start_interpolation: 0,interpolation_duration: 1}
$data merge entity $(bone_frontlegtipleft) {transformation: [-0.9659f,0.1708f,0.1945f,0.9613f,0f,0.7515f,-0.6598f,-1.2106f,-0.2588f,-0.6373f,-0.7259f,1.511f,0f,0f,0f,1f],start_interpolation: 0,interpolation_duration: 1}
$data merge entity $(bone_frontfootleftd) {transformation: [-0.9659f,-0.0094f,0.2586f,0.6561f,0f,0.9993f,0.0363f,-2.7236f,-0.2588f,0.035f,-0.9653f,2.6091f,0f,0f,0f,1f],start_interpolation: 0,interpolation_duration: 1}
$data merge entity $(bone_frontfootleft) {transformation: [0.9659f,0.1862f,0.1798f,0.734f,0f,-0.6946f,0.7194f,-2.3577f,0.2588f,-0.6949f,-0.6709f,2.3594f,0f,0f,0f,1f],start_interpolation: 0,interpolation_duration: 1}
$data merge entity $(bone_frontlegr) {transformation: [-0.9659f,0.1355f,-0.2205f,-0.8748f,0f,0.852f,0.5236f,-0.82f,0.2588f,0.5058f,-0.8229f,2.6259f,0f,0f,0f,1f],start_interpolation: 0,interpolation_duration: 1}
$data merge entity $(bone_frontlegtipright) {transformation: [-0.9659f,-0.252f,-0.059f,-0.8429f,0f,0.2279f,-0.9737f,-1.711f,0.2588f,-0.9405f,-0.2201f,1.779f,0f,0f,0f,1f],start_interpolation: 0,interpolation_duration: 1}
$data merge entity $(bone_frontfootrightd) {transformation: [-0.9659f,0.1129f,-0.2329f,-0.4015f,0f,0.8999f,0.4361f,-2.3115f,0.2588f,0.4212f,-0.8693f,3.4671f,0f,0f,0f,1f],start_interpolation: 0,interpolation_duration: 1}
$data merge entity $(bone_frontfootright) {transformation: [0.9659f,-0.0952f,-0.2407f,-0.4961f,0f,-0.9299f,0.3677f,-2.0871f,-0.2588f,-0.3552f,-0.8983f,3.0732f,0f,0f,0f,1f],start_interpolation: 0,interpolation_duration: 1}
$data merge entity $(bone_rearlegl) {transformation: [-1.0464f,-0.1115f,-0.2573f,-0.0298f,0f,0.994f,-0.4309f,-0.5319f,0.2804f,-0.4162f,-0.9601f,-0.4498f,0f,0f,0f,1f],start_interpolation: 0,interpolation_duration: 1}
$data merge entity $(bone_rearfootleftd) {transformation: [-0.9659f,0.1791f,-0.1868f,0.6935f,0f,0.7219f,0.692f,-2.4707f,0.2588f,0.6685f,-0.6973f,-0.4067f,0f,0f,0f,1f],start_interpolation: 0,interpolation_duration: 1}
$data merge entity $(bone_rearfootleft) {transformation: [-0.9659f,0.2285f,-0.1216f,0.6385f,0f,0.4698f,0.8828f,-1.805f,0.2588f,0.8527f,-0.4538f,-0.6122f,0f,0f,0f,1f],start_interpolation: 0,interpolation_duration: 1}
$data merge entity $(bone_rearlegtipleft) {transformation: [-0.9659f,0.2575f,0.0258f,0.834f,0f,-0.0998f,0.995f,-1.967f,0.2588f,0.9611f,0.0964f,0.3591f,0f,0f,0f,1f],start_interpolation: 0,interpolation_duration: 1}
$data merge entity $(bone_rearlegr) {transformation: [-1.0464f,0.0466f,0.2765f,-1.3015f,0f,1.0682f,-0.1802f,-0.4826f,-0.2804f,-0.1741f,-1.0318f,-0.8105f,0f,0f,0f,1f],start_interpolation: 0,interpolation_duration: 1}
$data merge entity $(bone_rearfootrightd) {transformation: [-0.9659f,0.0695f,0.2493f,-0.6289f,0f,0.9633f,-0.2684f,-2.8989f,-0.2588f,-0.2592f,-0.9305f,-0.6645f,0f,0f,0f,1f],start_interpolation: 0,interpolation_duration: 1}
$data merge entity $(bone_rearfootright) {transformation: [-0.9659f,-0.2105f,0.1505f,-0.5517f,0f,0.5817f,0.8134f,-2.267f,-0.2588f,0.7857f,-0.5618f,-0.9526f,0f,0f,0f,1f],start_interpolation: 0,interpolation_duration: 1}
$data merge entity $(bone_rearlegtipright) {transformation: [-0.9659f,-0.2439f,0.0867f,-0.8614f,0f,0.3349f,0.9423f,-1.991f,-0.2588f,0.9101f,-0.3235f,-0.0384f,0f,0f,0f,1f],start_interpolation: 0,interpolation_duration: 1}
$data merge entity $(bone_tail11) {transformation: [-0.2896f,-0.0044f,0.0491f,-0.5158f,0.0285f,0.2248f,0.1903f,-2.1789f,-0.0448f,0.2287f,-0.2351f,-6.8679f,0f,0f,0f,1f],start_interpolation: 0,interpolation_duration: 1}
$data merge entity $(bone_tail10) {transformation: [-0.39f,0.009f,0.0346f,-0.5353f,0.0238f,0.349f,0.1823f,-2.2815f,-0.0302f,0.2267f,-0.3775f,-6.6555f,0f,0f,0f,1f],start_interpolation: 0,interpolation_duration: 1}
$data merge entity $(bone_tail9) {transformation: [-0.4891f,0.0207f,-0.003f,-0.5336f,0.0188f,0.4763f,0.126f,-2.3523f,0.008f,0.17f,-0.5248f,-6.3604f,0f,0f,0f,1f],start_interpolation: 0,interpolation_duration: 1}
$data merge entity $(bone_tail8) {transformation: [-0.5729f,0.0229f,-0.0553f,-0.5025f,0.0206f,0.5794f,0.0204f,-2.3638f,0.0615f,0.0563f,-0.6436f,-5.9983f,0f,0f,0f,1f],start_interpolation: 0,interpolation_duration: 1}
$data merge entity $(bone_tail7) {transformation: [-0.6686f,0.0118f,-0.1098f,-0.4407f,0.0319f,0.6698f,-0.1271f,-2.2923f,0.1175f,-0.1045f,-0.7472f,-5.578f,0f,0f,0f,1f],start_interpolation: 0,interpolation_duration: 1}
$data merge entity $(bone_tail6) {transformation: [-0.7833f,-0.0061f,-0.1482f,-0.3573f,0.0438f,0.7559f,-0.2673f,-2.1419f,0.1581f,-0.2559f,-0.8464f,-5.1019f,0f,0f,0f,1f],start_interpolation: 0,interpolation_duration: 1}
$data merge entity $(bone_tail5) {transformation: [-0.871f,-0.02f,-0.1601f,-0.2673f,0.0472f,0.813f,-0.3643f,-1.937f,0.172f,-0.3596f,-0.915f,-4.5872f,0f,0f,0f,1f],start_interpolation: 0,interpolation_duration: 1}
$data merge entity $(bone_tail4) {transformation: [-0.9719f,-0.0175f,-0.1543f,-0.1805f,0.043f,0.9138f,-0.3818f,-1.7223f,0.1655f,-0.3724f,-1.0314f,-4.007f,0f,0f,0f,1f],start_interpolation: 0,interpolation_duration: 1}
$data merge entity $(bone_tail3) {transformation: [-1.0861f,-0.0143f,-0.127f,-0.1091f,0.0314f,1.0276f,-0.3952f,-1.5f,0.1357f,-0.3792f,-1.1646f,-3.3519f,0f,0f,0f,1f],start_interpolation: 0,interpolation_duration: 1}
$data merge entity $(bone_tail2) {transformation: [-1.2108f,-0.0112f,-0.1005f,-0.0525f,0.0213f,1.1558f,-0.4015f,-1.2742f,0.1064f,-0.3777f,-1.3117f,-2.6141f,0f,0f,0f,1f],start_interpolation: 0,interpolation_duration: 1}
$data merge entity $(bone_tail1) {transformation: [-1.3484f,-0.0083f,-0.0658f,-0.0155f,0.0099f,1.3f,-0.3986f,-1.05f,0.0676f,-0.3652f,-1.4753f,-1.7843f,0f,0f,0f,1f],start_interpolation: 0,interpolation_duration: 1}
$data merge entity $(bone_tail0) {transformation: [-1.4997f,-0.0062f,-0.0303f,0f,0f,1.4613f,-0.3838f,-0.4687f,0.0274f,-0.3386f,-1.6558f,-0.9375f,0f,0f,0f,1f],start_interpolation: 0,interpolation_duration: 1}