# This file was generated by Animated Java via MC-Build. It is not recommended to edit this file directly.
$data merge entity $(bone_leftwing20) {transformation: [-0.4512f,-1.8886f,-2.2319f,1.3015f,-0.4171f,2.2768f,-1.8423f,0.304f,2.8938f,0.0337f,-0.6135f,3.5199f,0f,0f,0f,1f],start_interpolation: 0,interpolation_duration: 1}
$data merge entity $(bone_leftwing21) {transformation: [-0.2549f,-1.8885f,-2.2626f,1.3015f,-0.2549f,2.2766f,-1.8715f,0.304f,2.9361f,0.0337f,-0.3589f,3.5199f,0f,0f,0f,1f],start_interpolation: 0,interpolation_duration: 1}
$data merge entity $(bone_leftwing22) {transformation: [-0.0569f,-1.8922f,-2.2806f,1.3015f,-0.091f,2.281f,-1.8903f,0.304f,2.9619f,0.0338f,-0.1019f,3.5199f,0f,0f,0f,1f],start_interpolation: 0,interpolation_duration: 1}
$data merge entity $(bone_leftwing23) {transformation: [0.1399f,-1.862f,-2.2406f,1.3015f,0.0729f,2.2447f,-1.8609f,0.304f,2.9124f,0.0332f,0.1542f,3.5199f,0f,0f,0f,1f],start_interpolation: 0,interpolation_duration: 1}
$data merge entity $(bone_leftwing1) {transformation: [-0.3088f,-1.2768f,1.5081f,0.8383f,-0.2271f,1.5392f,1.2567f,-0.0367f,-1.9629f,0.0228f,-0.3826f,0.5755f,0f,0f,0f,1f],start_interpolation: 0,interpolation_duration: 1}
$data merge entity $(bone_leftwing) {transformation: [-0.1005f,-0.7448f,-0.8923f,0.6875f,-0.1005f,0.8979f,-0.7381f,-0.1875f,1.158f,0.0133f,-0.1416f,2.3125f,0f,0f,0f,1f],start_interpolation: 0,interpolation_duration: 1}
$data merge entity $(bone_rightwing20) {transformation: [-0.4512f,1.8886f,2.2319f,-1.3015f,0.4171f,2.2768f,-1.8423f,0.304f,-2.8938f,0.0337f,-0.6135f,3.5199f,0f,0f,0f,1f],start_interpolation: 0,interpolation_duration: 1}
$data merge entity $(bone_rightwing21) {transformation: [-0.2549f,1.8886f,2.2627f,-1.3015f,0.2549f,2.2768f,-1.8716f,0.304f,-2.9363f,0.0337f,-0.359f,3.5199f,0f,0f,0f,1f],start_interpolation: 0,interpolation_duration: 1}
$data merge entity $(bone_rightwing22) {transformation: [-0.0568f,1.8886f,2.2763f,-1.3015f,0.0908f,2.2768f,-1.8867f,0.304f,-2.9564f,0.0337f,-0.1017f,3.5199f,0f,0f,0f,1f],start_interpolation: 0,interpolation_duration: 1}
$data merge entity $(bone_rightwing23) {transformation: [0.1399f,1.862f,2.2406f,-1.3015f,-0.0729f,2.2447f,-1.8609f,0.304f,-2.9124f,0.0332f,0.1542f,3.5199f,0f,0f,0f,1f],start_interpolation: 0,interpolation_duration: 1}
$data merge entity $(bone_rightwing1) {transformation: [-0.3088f,1.2768f,-1.5081f,-0.8383f,0.2271f,1.5392f,1.2567f,-0.0367f,1.9629f,0.0228f,-0.3826f,0.5755f,0f,0f,0f,1f],start_interpolation: 0,interpolation_duration: 1}
$data merge entity $(bone_rightwing) {transformation: [-0.1005f,0.7448f,0.8923f,-0.6875f,0.1005f,0.8979f,-0.7381f,-0.1875f,-1.158f,0.0133f,-0.1416f,2.3125f,0f,0f,0f,1f],start_interpolation: 0,interpolation_duration: 1}
$data merge entity $(bone_eyebrow) {transformation: [-0.8923f,0f,0f,0f,0f,0.8922f,-0.0156f,0.2136f,0f,-0.0156f,-0.8922f,6.104f,0f,0f,0f,1f],start_interpolation: 0,interpolation_duration: 1}
$data merge entity $(bone_head) {transformation: [-1.2269f,0f,0f,0f,0f,1.2267f,-0.0214f,-0.2438f,0f,-0.0214f,-1.2267f,4.4985f,0f,0f,0f,1f],start_interpolation: 0,interpolation_duration: 1}
$data merge entity $(bone_neck4) {transformation: [-1.0498f,0f,0f,0f,0f,0.9181f,-0.5089f,-0.2469f,0f,-0.5089f,-0.9181f,4.4252f,0f,0f,0f,1f],start_interpolation: 0,interpolation_duration: 1}
$data merge entity $(bone_neck3) {transformation: [-1.1664f,0f,0f,0f,0f,0.9679f,-0.6508f,-0.5317f,0f,-0.6508f,-0.9679f,4.0017f,0f,0f,0f,1f],start_interpolation: 0,interpolation_duration: 1}
$data merge entity $(bone_neck2) {transformation: [-1.296f,0f,0f,0f,0f,1.1191f,-0.6536f,-0.6951f,0f,-0.6536f,-1.1191f,3.7219f,0f,0f,0f,1f],start_interpolation: 0,interpolation_duration: 1}
$data merge entity $(bone_neck1) {transformation: [-1.44f,0f,0f,0f,0f,1.36f,-0.4732f,-0.8134f,0f,-0.4732f,-1.36f,3.3819f,0f,0f,0f,1f],start_interpolation: 0,interpolation_duration: 1}
$data merge entity $(bone_neck0) {transformation: [-1.6f,0f,0f,0f,0f,1.584f,-0.2254f,-0.9687f,0f,-0.2254f,-1.584f,3f,0f,0f,0f,1f],start_interpolation: 0,interpolation_duration: 1}
$data merge entity $(bone_frontlegl) {transformation: [-0.9659f,-0.1303f,0.2237f,0.4418f,0f,0.8641f,0.5033f,-0.7468f,-0.2588f,0.4861f,-0.8347f,2.4839f,0f,0f,0f,1f],start_interpolation: 0,interpolation_duration: 1}
$data merge entity $(bone_frontlegtipleft) {transformation: [-0.9659f,0.2334f,0.1119f,0.8869f,0f,0.4322f,-0.9018f,-1.6317f,-0.2588f,-0.8711f,-0.4175f,1.7889f,0f,0f,0f,1f],start_interpolation: 0,interpolation_duration: 1}
$data merge entity $(bone_frontfootleftd) {transformation: [-0.9659f,-0.087f,0.2437f,0.4489f,0f,0.9417f,0.3363f,-2.5577f,-0.2588f,0.3249f,-0.9097f,3.3824f,0f,0f,0f,1f],start_interpolation: 0,interpolation_duration: 1}
$data merge entity $(bone_frontfootleft) {transformation: [0.9659f,0.0894f,0.2429f,0.5612f,0f,-0.9384f,0.3456f,-2.342f,0.2588f,-0.3338f,-0.9064f,3.0041f,0f,0f,0f,1f],start_interpolation: 0,interpolation_duration: 1}
$data merge entity $(bone_frontlegr) {transformation: [-0.9659f,0.2218f,-0.1334f,-0.8748f,0f,0.5152f,0.8571f,-0.8047f,0.2588f,0.8278f,-0.4977f,2.6259f,0f,0f,0f,1f],start_interpolation: 0,interpolation_duration: 1}
$data merge entity $(bone_frontlegtipright) {transformation: [-0.9659f,-0.1797f,-0.1863f,-0.9229f,0f,0.7198f,-0.6942f,-1.2166f,0.2588f,-0.6705f,-0.6953f,1.4804f,0f,0f,0f,1f],start_interpolation: 0,interpolation_duration: 1}
$data merge entity $(bone_frontfootrightd) {transformation: [-0.9659f,0.0699f,-0.2492f,-0.6283f,0f,0.9629f,0.27f,-2.6453f,0.2588f,0.2608f,-0.93f,2.6205f,0f,0f,0f,1f],start_interpolation: 0,interpolation_duration: 1}
$data merge entity $(bone_frontfootright) {transformation: [0.9659f,-0.1953f,-0.1698f,-0.6844f,0f,-0.6562f,0.7546f,-2.2596f,-0.2588f,-0.7289f,-0.6339f,2.3703f,0f,0f,0f,1f],start_interpolation: 0,interpolation_duration: 1}
$data merge entity $(bone_rearlegl) {transformation: [-1.0464f,-0.0255f,-0.2792f,-0.0195f,0f,1.0788f,-0.0986f,-0.4698f,0.2804f,-0.0953f,-1.0421f,-0.4114f,0f,0f,0f,1f],start_interpolation: 0,interpolation_duration: 1}
$data merge entity $(bone_rearfootleftd) {transformation: [-0.9659f,0.0874f,-0.2436f,0.575f,0f,0.9412f,0.3378f,-2.7921f,0.2588f,0.3263f,-0.9091f,-0.8492f,0f,0f,0f,1f],start_interpolation: 0,interpolation_duration: 1}
$data merge entity $(bone_rearfootleft) {transformation: [-0.9659f,0.2291f,-0.1205f,0.5208f,0f,0.4655f,0.8851f,-2.1254f,0.2588f,0.8549f,-0.4496f,-1.0514f,0f,0f,0f,1f],start_interpolation: 0,interpolation_duration: 1}
$data merge entity $(bone_rearlegtipleft) {transformation: [-0.9659f,0.2562f,-0.037f,0.7189f,0f,0.1431f,0.9897f,-2.0441f,0.2588f,0.956f,-0.1383f,-0.0706f,0f,0f,0f,1f],start_interpolation: 0,interpolation_duration: 1}
$data merge entity $(bone_rearlegr) {transformation: [-1.0464f,0.1687f,0.224f,-1.2909f,0f,0.8653f,-0.6518f,-0.5988f,-0.2804f,-0.6296f,-0.8358f,-0.8502f,0f,0f,0f,1f],start_interpolation: 0,interpolation_duration: 1}
$data merge entity $(bone_rearfootrightd) {transformation: [-0.9659f,0.1406f,0.2173f,-0.8502f,0f,0.8396f,-0.5432f,-2.6451f,-0.2588f,-0.5247f,-0.811f,0.1613f,0f,0f,0f,1f],start_interpolation: 0,interpolation_duration: 1}
$data merge entity $(bone_rearfootright) {transformation: [-0.9659f,-0.1561f,0.2064f,-0.7277f,0f,0.7976f,0.6031f,-2.1308f,-0.2588f,0.5826f,-0.7705f,-0.2955f,0f,0f,0f,1f],start_interpolation: 0,interpolation_duration: 1}
$data merge entity $(bone_rearlegtipright) {transformation: [-0.9659f,-0.2251f,0.1278f,-1.0212f,0f,0.4937f,0.8696f,-1.6914f,-0.2588f,0.84f,-0.4769f,0.5581f,0f,0f,0f,1f],start_interpolation: 0,interpolation_duration: 1}
$data merge entity $(bone_tail11) {transformation: [-0.2859f,0.0514f,-0.0438f,0.0622f,0.0078f,0.2137f,0.2032f,-1.6398f,0.0788f,0.2307f,-0.225f,-7.0034f,0f,0f,0f,1f],start_interpolation: 0,interpolation_duration: 1}
$data merge entity $(bone_tail10) {transformation: [-0.3805f,0.0555f,-0.0749f,0.1043f,0.0083f,0.3333f,0.2087f,-1.7572f,0.1087f,0.2415f,-0.3542f,-6.8042f,0f,0f,0f,1f],start_interpolation: 0,interpolation_duration: 1}
$data merge entity $(bone_tail9) {transformation: [-0.4781f,0.049f,-0.0934f,0.1569f,0.0147f,0.4609f,0.1706f,-1.8531f,0.1231f,0.2058f,-0.4982f,-6.5239f,0f,0f,0f,1f],start_interpolation: 0,interpolation_duration: 1}
$data merge entity $(bone_tail8) {transformation: [-0.5684f,0.0337f,-0.0869f,0.2058f,0.0222f,0.572f,0.0833f,-1.9f,0.1088f,0.116f,-0.6307f,-6.1692f,0f,0f,0f,1f],start_interpolation: 0,interpolation_duration: 1}
$data merge entity $(bone_tail7) {transformation: [-0.6752f,0.0173f,-0.055f,0.2367f,0.0224f,0.6785f,-0.0474f,-1.8733f,0.0679f,-0.0224f,-0.7619f,-5.7406f,0f,0f,0f,1f],start_interpolation: 0,interpolation_duration: 1}
$data merge entity $(bone_tail6) {transformation: [-0.7971f,0.0108f,-0.0114f,0.2432f,0.0144f,0.7818f,-0.1721f,-1.7765f,0.0181f,-0.1558f,-0.8865f,-5.2419f,0f,0f,0f,1f],start_interpolation: 0,interpolation_duration: 1}
$data merge entity $(bone_tail5) {transformation: [-0.8853f,0.0109f,0.029f,0.2268f,0.0035f,0.8509f,-0.2594f,-1.6306f,-0.0265f,-0.2501f,-0.9682f,-4.6973f,0f,0f,0f,1f],start_interpolation: 0,interpolation_duration: 1}
$data merge entity $(bone_tail4) {transformation: [-0.9819f,0.0114f,0.0675f,0.1889f,-0.0056f,0.9518f,-0.2664f,-1.4807f,-0.0679f,-0.253f,-1.0802f,-4.0897f,0f,0f,0f,1f],start_interpolation: 0,interpolation_duration: 1}
$data merge entity $(bone_tail3) {transformation: [-1.0896f,0.0111f,0.0936f,0.1362f,-0.0108f,1.0635f,-0.2739f,-1.3267f,-0.0958f,-0.2562f,-1.2043f,-3.4123f,0f,0f,0f,1f],start_interpolation: 0,interpolation_duration: 1}
$data merge entity $(bone_tail2) {transformation: [-1.211f,0.0104f,0.1004f,0.0798f,-0.0112f,1.1872f,-0.282f,-1.168f,-0.1022f,-0.2594f,-1.3436f,-2.6566f,0f,0f,0f,1f],start_interpolation: 0,interpolation_duration: 1}
$data merge entity $(bone_tail1) {transformation: [-1.3473f,0.0096f,0.0888f,0.0298f,-0.0075f,1.3244f,-0.29f,-1.0049f,-0.088f,-0.2617f,-1.4994f,-1.8131f,0f,0f,0f,1f],start_interpolation: 0,interpolation_duration: 1}
$data merge entity $(bone_tail0) {transformation: [-1.4991f,0.0089f,0.057f,0f,0f,1.477f,-0.2967f,-0.4687f,-0.051f,-0.2616f,-1.6729f,-0.9375f,0f,0f,0f,1f],start_interpolation: 0,interpolation_duration: 1}