# This file was generated by Animated Java via MC-Build. It is not recommended to edit this file directly.
$data merge entity $(bone_leftwing20) {transformation: [-0.4223f,-2.2265f,-1.9016f,1.1976f,-0.4467f,1.9478f,-2.1813f,0.4106f,2.8938f,-0.0242f,-0.6143f,3.5202f,0f,0f,0f,1f],start_interpolation: 0,interpolation_duration: 1}
$data merge entity $(bone_leftwing21) {transformation: [-0.2549f,-2.2264f,-1.9311f,1.1976f,-0.2549f,1.9477f,-2.2119f,0.4106f,2.9361f,-0.0242f,-0.3597f,3.5202f,0f,0f,0f,1f],start_interpolation: 0,interpolation_duration: 1}
$data merge entity $(bone_leftwing22) {transformation: [-0.0858f,-2.2307f,-1.9497f,1.1976f,-0.0613f,1.9515f,-2.23f,0.4106f,2.962f,-0.0242f,-0.1026f,3.5202f,0f,0f,0f,1f],start_interpolation: 0,interpolation_duration: 1}
$data merge entity $(bone_leftwing23) {transformation: [0.0831f,-2.1951f,-1.9187f,1.1976f,0.1312f,1.9204f,-2.1913f,0.4106f,2.9125f,-0.0239f,0.1534f,3.5202f,0f,0f,0f,1f],start_interpolation: 0,interpolation_duration: 1}
$data merge entity $(bone_leftwing1) {transformation: [-0.2395f,-1.5052f,1.295f,0.8383f,-0.2982f,1.3168f,1.4755f,-0.0367f,-1.9631f,-0.0164f,-0.3821f,0.5755f,0f,0f,0f,1f],start_interpolation: 0,interpolation_duration: 1}
$data merge entity $(bone_leftwing) {transformation: [-0.1005f,-0.8781f,-0.7616f,0.6875f,-0.1005f,0.7681f,-0.8723f,-0.1875f,1.158f,-0.0095f,-0.1419f,2.3125f,0f,0f,0f,1f],start_interpolation: 0,interpolation_duration: 1}
$data merge entity $(bone_rightwing20) {transformation: [-0.4223f,2.2265f,1.9016f,-1.1976f,0.4467f,1.9478f,-2.1813f,0.4106f,-2.8938f,-0.0242f,-0.6143f,3.5202f,0f,0f,0f,1f],start_interpolation: 0,interpolation_duration: 1}
$data merge entity $(bone_rightwing21) {transformation: [-0.2549f,2.2265f,1.9312f,-1.1976f,0.2549f,1.9478f,-2.212f,0.4106f,-2.9363f,-0.0242f,-0.3597f,3.5202f,0f,0f,0f,1f],start_interpolation: 0,interpolation_duration: 1}
$data merge entity $(bone_rightwing22) {transformation: [-0.0856f,2.2265f,1.9461f,-1.1976f,0.0612f,1.9478f,-2.2258f,0.4106f,-2.9565f,-0.0242f,-0.1024f,3.5202f,0f,0f,0f,1f],start_interpolation: 0,interpolation_duration: 1}
$data merge entity $(bone_rightwing23) {transformation: [0.0831f,2.1951f,1.9187f,-1.1976f,-0.1312f,1.9204f,-2.1913f,0.4106f,-2.9125f,-0.0239f,0.1534f,3.5202f,0f,0f,0f,1f],start_interpolation: 0,interpolation_duration: 1}
$data merge entity $(bone_rightwing1) {transformation: [-0.2395f,1.5052f,-1.295f,-0.8383f,0.2982f,1.3168f,1.4755f,-0.0367f,1.9631f,-0.0164f,-0.3821f,0.5755f,0f,0f,0f,1f],start_interpolation: 0,interpolation_duration: 1}
$data merge entity $(bone_rightwing) {transformation: [-0.1005f,0.8781f,0.7616f,-0.6875f,0.1005f,0.7681f,-0.8723f,-0.1875f,-1.158f,-0.0095f,-0.1419f,2.3125f,0f,0f,0f,1f],start_interpolation: 0,interpolation_duration: 1}
$data merge entity $(bone_eyebrow) {transformation: [-0.8923f,0f,0f,0f,0f,0.8922f,0.0103f,0.328f,0f,0.0103f,-0.8922f,6.0278f,0f,0f,0f,1f],start_interpolation: 0,interpolation_duration: 1}
$data merge entity $(bone_head) {transformation: [-1.2269f,0f,0f,0f,0f,1.2268f,0.0141f,-0.0828f,0f,0.0141f,-1.2268f,4.4097f,0f,0f,0f,1f],start_interpolation: 0,interpolation_duration: 1}
$data merge entity $(bone_neck4) {transformation: [-1.0498f,0f,0f,0f,0f,0.9325f,-0.4821f,-0.0838f,0f,-0.4821f,-0.9325f,4.3364f,0f,0f,0f,1f],start_interpolation: 0,interpolation_duration: 1}
$data merge entity $(bone_neck3) {transformation: [-1.1664f,0f,0f,0f,0f,0.9461f,-0.6822f,-0.3822f,0f,-0.6822f,-0.9461f,3.9224f,0f,0f,0f,1f],start_interpolation: 0,interpolation_duration: 1}
$data merge entity $(bone_neck2) {transformation: [-1.296f,0f,0f,0f,0f,1.0054f,-0.8178f,-0.5867f,0f,-0.8178f,-1.0054f,3.6711f,0f,0f,0f,1f],start_interpolation: 0,interpolation_duration: 1}
$data merge entity $(bone_neck1) {transformation: [-1.44f,0f,0f,0f,0f,1.2395f,-0.7329f,-0.7699f,0f,-0.7329f,-1.2395f,3.3612f,0f,0f,0f,1f],start_interpolation: 0,interpolation_duration: 1}
$data merge entity $(bone_neck0) {transformation: [-1.6f,0f,0f,0f,0f,1.5469f,-0.4087f,-0.9687f,0f,-0.4087f,-1.5469f,3f,0f,0f,0f,1f],start_interpolation: 0,interpolation_duration: 1}
$data merge entity $(bone_frontlegl) {transformation: [-0.9659f,-0.2241f,0.1295f,0.4335f,0f,0.5002f,0.8659f,-0.7574f,-0.2588f,0.8364f,-0.4831f,2.5149f,0f,0f,0f,1f],start_interpolation: 0,interpolation_duration: 1}
$data merge entity $(bone_frontlegtipleft) {transformation: [-0.9659f,0.1647f,0.1996f,0.9698f,0f,0.7714f,-0.6364f,-1.1361f,-0.2588f,-0.6147f,-0.7451f,1.4795f,0f,0f,0f,1f],start_interpolation: 0,interpolation_duration: 1}
$data merge entity $(bone_frontfootleftd) {transformation: [-0.9659f,-0.0273f,0.2574f,0.6806f,0f,0.9944f,0.1055f,-2.6927f,-0.2588f,0.1019f,-0.9605f,2.5179f,0f,0f,0f,1f],start_interpolation: 0,interpolation_duration: 1}
$data merge entity $(bone_frontfootleft) {transformation: [0.9659f,0.1982f,0.1664f,0.7517f,0f,-0.643f,0.7659f,-2.3095f,0.2588f,-0.7398f,-0.621f,2.2935f,0f,0f,0f,1f],start_interpolation: 0,interpolation_duration: 1}
$data merge entity $(bone_frontlegr) {transformation: [-0.9659f,0.1287f,-0.2246f,-0.8747f,0f,0.8677f,0.4972f,-0.821f,0.2588f,0.4802f,-0.8381f,2.6261f,0f,0f,0f,1f],start_interpolation: 0,interpolation_duration: 1}
$data merge entity $(bone_frontlegtipright) {transformation: [-0.9659f,-0.253f,-0.0545f,-0.8354f,0f,0.2104f,-0.9776f,-1.735f,0.2588f,-0.9443f,-0.2033f,1.8068f,0f,0f,0f,1f],start_interpolation: 0,interpolation_duration: 1}
$data merge entity $(bone_frontfootrightd) {transformation: [-0.9659f,0.1134f,-0.2326f,-0.3906f,0f,0.8989f,0.4382f,-2.2989f,0.2588f,0.4233f,-0.8683f,3.5076f,0f,0f,0f,1f],start_interpolation: 0,interpolation_duration: 1}
$data merge entity $(bone_frontfootright) {transformation: [0.9659f,-0.0877f,-0.2435f,-0.487f,0f,-0.9408f,0.339f,-2.0871f,-0.2588f,-0.3274f,-0.9087f,3.1072f,0f,0f,0f,1f],start_interpolation: 0,interpolation_duration: 1}
$data merge entity $(bone_rearlegl) {transformation: [-1.0464f,-0.1275f,-0.2497f,-0.0312f,0f,0.9648f,-0.4927f,-0.5456f,0.2804f,-0.4759f,-0.932f,-0.4551f,0f,0f,0f,1f],start_interpolation: 0,interpolation_duration: 1}
$data merge entity $(bone_rearfootleftd) {transformation: [-0.9659f,0.1428f,-0.2158f,0.725f,0f,0.8339f,0.5518f,-2.502f,0.2588f,0.533f,-0.8055f,-0.2893f,0f,0f,0f,1f],start_interpolation: 0,interpolation_duration: 1}
$data merge entity $(bone_rearfootleft) {transformation: [-0.9659f,0.2185f,-0.1388f,0.6569f,0f,0.5361f,0.8442f,-1.8546f,0.2588f,0.8154f,-0.5178f,-0.5434f,0f,0f,0f,1f],start_interpolation: 0,interpolation_duration: 1}
$data merge entity $(bone_rearlegtipleft) {transformation: [-0.9659f,0.2588f,-0.003f,0.8555f,0f,0.0118f,0.9999f,-1.9053f,0.2588f,0.9659f,-0.0114f,0.4394f,0f,0f,0f,1f],start_interpolation: 0,interpolation_duration: 1}
$data merge entity $(bone_rearlegr) {transformation: [-1.0464f,0.0381f,0.2778f,-1.3027f,0f,1.0733f,-0.1473f,-0.476f,-0.2804f,-0.1422f,-1.0367f,-0.8062f,0f,0f,0f,1f],start_interpolation: 0,interpolation_duration: 1}
$data merge entity $(bone_rearfootrightd) {transformation: [-0.9659f,0.0617f,0.2514f,-0.6106f,0f,0.9712f,-0.2384f,-2.8881f,-0.2588f,-0.2302f,-0.9381f,-0.7326f,0f,0f,0f,1f],start_interpolation: 0,interpolation_duration: 1}
$data merge entity $(bone_rearfootright) {transformation: [-0.9659f,-0.2151f,0.1439f,-0.5386f,0f,0.5562f,0.8311f,-2.2472f,-0.2588f,0.8028f,-0.5372f,-1.0016f,0f,0f,0f,1f],start_interpolation: 0,interpolation_duration: 1}
$data merge entity $(bone_rearlegtipright) {transformation: [-0.9659f,-0.2466f,0.0785f,-0.8505f,0f,0.3032f,0.9529f,-2.0036f,-0.2588f,0.9205f,-0.2928f,-0.079f,0f,0f,0f,1f],start_interpolation: 0,interpolation_duration: 1}
$data merge entity $(bone_tail11) {transformation: [-0.2885f,-0.0177f,0.0523f,-0.479f,0.0188f,0.231f,0.1841f,-2.2863f,-0.0589f,0.2201f,-0.24f,-6.8499f,0f,0f,0f,1f],start_interpolation: 0,interpolation_duration: 1}
$data merge entity $(bone_tail10) {transformation: [-0.3888f,-0.0072f,0.0468f,-0.5053f,0.0134f,0.3553f,0.1713f,-2.3827f,-0.0526f,0.2139f,-0.3823f,-6.6349f,0f,0f,0f,1f],start_interpolation: 0,interpolation_duration: 1}
$data merge entity $(bone_tail9) {transformation: [-0.4893f,0.0043f,0.0178f,-0.5153f,0.0075f,0.4808f,0.11f,-2.4445f,-0.0211f,0.1533f,-0.5293f,-6.3372f,0f,0f,0f,1f],start_interpolation: 0,interpolation_duration: 1}
$data merge entity $(bone_tail8) {transformation: [-0.5751f,0.0096f,-0.0302f,-0.4983f,0.0088f,0.5803f,0.0006f,-2.4449f,0.0309f,0.0369f,-0.647f,-5.9732f,0f,0f,0f,1f],start_interpolation: 0,interpolation_duration: 1}
$data merge entity $(bone_tail7) {transformation: [-0.6721f,0.0032f,-0.0862f,-0.4498f,0.0212f,0.6659f,-0.1492f,-2.3609f,0.0908f,-0.1261f,-0.7473f,-5.5529f,0f,0f,0f,1f],start_interpolation: 0,interpolation_duration: 1}
$data merge entity $(bone_tail6) {transformation: [-0.7864f,-0.0116f,-0.1304f,-0.3765f,0.0358f,0.7482f,-0.2901f,-2.1978f,0.1384f,-0.2787f,-0.8423f,-5.079f,0f,0f,0f,1f],start_interpolation: 0,interpolation_duration: 1}
$data merge entity $(bone_tail5) {transformation: [-0.8727f,-0.0241f,-0.1501f,-0.292f,0.0427f,0.8037f,-0.3857f,-1.9808f,0.1608f,-0.3816f,-0.9078f,-4.5684f,0f,0f,0f,1f],start_interpolation: 0,interpolation_duration: 1}
$data merge entity $(bone_tail4) {transformation: [-0.9719f,-0.0217f,-0.1538f,-0.2055f,0.0418f,0.9055f,-0.402f,-1.7547f,0.1642f,-0.3934f,-1.0234f,-3.9927f,0f,0f,0f,1f],start_interpolation: 0,interpolation_duration: 1}
$data merge entity $(bone_tail3) {transformation: [-1.085f,-0.0183f,-0.1355f,-0.1293f,0.0327f,1.0207f,-0.4137f,-1.522f,0.144f,-0.3984f,-1.1567f,-3.3421f,0f,0f,0f,1f],start_interpolation: 0,interpolation_duration: 1}
$data merge entity $(bone_tail2) {transformation: [-1.2097f,-0.0147f,-0.1135f,-0.0654f,0.0233f,1.1505f,-0.4178f,-1.287f,0.1192f,-0.3942f,-1.3053f,-2.6079f,0f,0f,0f,1f],start_interpolation: 0,interpolation_duration: 1}
$data merge entity $(bone_tail1) {transformation: [-1.3477f,-0.0112f,-0.0797f,-0.0206f,0.0115f,1.2963f,-0.4121f,-1.0551f,0.0812f,-0.3782f,-1.4708f,-1.7806f,0f,0f,0f,1f],start_interpolation: 0,interpolation_duration: 1}
$data merge entity $(bone_tail0) {transformation: [-1.4996f,-0.0085f,-0.0404f,0f,0f,1.4592f,-0.394f,-0.4687f,0.0366f,-0.3475f,-1.6532f,-0.9375f,0f,0f,0f,1f],start_interpolation: 0,interpolation_duration: 1}