# This file was generated by Animated Java via MC-Build. It is not recommended to edit this file directly.
$data merge entity $(bone_leftwing20) {transformation: [-0.4209f,-2.2404f,-1.8855f,1.1926f,-0.448f,1.9318f,-2.1953f,0.415f,2.8938f,-0.0268f,-0.6141f,3.5201f,0f,0f,0f,1f],start_interpolation: 0,interpolation_duration: 1}
$data merge entity $(bone_leftwing21) {transformation: [-0.2549f,-2.2403f,-1.915f,1.1926f,-0.2549f,1.9317f,-2.2259f,0.415f,2.9361f,-0.0268f,-0.3595f,3.5201f,0f,0f,0f,1f],start_interpolation: 0,interpolation_duration: 1}
$data merge entity $(bone_leftwing22) {transformation: [-0.0872f,-2.2446f,-1.9336f,1.1926f,-0.0601f,1.9354f,-2.2439f,0.415f,2.962f,-0.0268f,-0.1024f,3.5201f,0f,0f,0f,1f],start_interpolation: 0,interpolation_duration: 1}
$data merge entity $(bone_leftwing23) {transformation: [0.0803f,-2.2088f,-1.903f,1.1926f,0.1336f,1.9046f,-2.2049f,0.415f,2.9125f,-0.0264f,0.1536f,3.5201f,0f,0f,0f,1f],start_interpolation: 0,interpolation_duration: 1}
$data merge entity $(bone_leftwing1) {transformation: [-0.2362f,-1.5146f,1.2846f,0.8383f,-0.3011f,1.306f,1.4845f,-0.0367f,-1.963f,-0.0181f,-0.3823f,0.5755f,0f,0f,0f,1f],start_interpolation: 0,interpolation_duration: 1}
$data merge entity $(bone_leftwing) {transformation: [-0.1005f,-0.8835f,-0.7552f,0.6875f,-0.1005f,0.7618f,-0.8779f,-0.1875f,1.158f,-0.0106f,-0.1418f,2.3125f,0f,0f,0f,1f],start_interpolation: 0,interpolation_duration: 1}
$data merge entity $(bone_rightwing20) {transformation: [-0.4209f,2.2404f,1.8855f,-1.1926f,0.448f,1.9318f,-2.1953f,0.415f,-2.8938f,-0.0268f,-0.6141f,3.5201f,0f,0f,0f,1f],start_interpolation: 0,interpolation_duration: 1}
$data merge entity $(bone_rightwing21) {transformation: [-0.2549f,2.2404f,1.9151f,-1.1926f,0.2549f,1.9318f,-2.226f,0.415f,-2.9363f,-0.0268f,-0.3595f,3.5201f,0f,0f,0f,1f],start_interpolation: 0,interpolation_duration: 1}
$data merge entity $(bone_rightwing22) {transformation: [-0.0871f,2.2404f,1.93f,-1.1926f,0.06f,1.9318f,-2.2397f,0.415f,-2.9564f,-0.0268f,-0.1023f,3.5201f,0f,0f,0f,1f],start_interpolation: 0,interpolation_duration: 1}
$data merge entity $(bone_rightwing23) {transformation: [0.0803f,2.2088f,1.903f,-1.1926f,-0.1336f,1.9046f,-2.2049f,0.415f,-2.9125f,-0.0264f,0.1536f,3.5201f,0f,0f,0f,1f],start_interpolation: 0,interpolation_duration: 1}
$data merge entity $(bone_rightwing1) {transformation: [-0.2362f,1.5146f,-1.2846f,-0.8383f,0.3011f,1.306f,1.4845f,-0.0367f,1.963f,-0.0181f,-0.3823f,0.5755f,0f,0f,0f,1f],start_interpolation: 0,interpolation_duration: 1}
$data merge entity $(bone_rightwing) {transformation: [-0.1005f,0.8835f,0.7552f,-0.6875f,0.1005f,0.7618f,-0.8779f,-0.1875f,-1.158f,-0.0106f,-0.1418f,2.3125f,0f,0f,0f,1f],start_interpolation: 0,interpolation_duration: 1}
$data merge entity $(bone_eyebrow) {transformation: [-0.8923f,0f,0f,0f,0f,0.8922f,0.0147f,0.3169f,0f,0.0147f,-0.8922f,6.0323f,0f,0f,0f,1f],start_interpolation: 0,interpolation_duration: 1}
$data merge entity $(bone_head) {transformation: [-1.2269f,0f,0f,0f,0f,1.2267f,0.0203f,-0.0858f,0f,0.0203f,-1.2267f,4.4121f,0f,0f,0f,1f],start_interpolation: 0,interpolation_duration: 1}
$data merge entity $(bone_neck4) {transformation: [-1.0498f,0f,0f,0f,0f,0.9349f,-0.4775f,-0.0864f,0f,-0.4775f,-0.9349f,4.3387f,0f,0f,0f,1f],start_interpolation: 0,interpolation_duration: 1}
$data merge entity $(bone_neck3) {transformation: [-1.1664f,0f,0f,0f,0f,0.9524f,-0.6733f,-0.381f,0f,-0.6733f,-0.9524f,3.922f,0f,0f,0f,1f],start_interpolation: 0,interpolation_duration: 1}
$data merge entity $(bone_neck2) {transformation: [-1.296f,0f,0f,0f,0f,1.0098f,-0.8123f,-0.584f,0f,-0.8123f,-1.0098f,3.6696f,0f,0f,0f,1f],start_interpolation: 0,interpolation_duration: 1}
$data merge entity $(bone_neck1) {transformation: [-1.44f,0f,0f,0f,0f,1.2378f,-0.7358f,-0.768f,0f,-0.7358f,-1.2378f,3.3601f,0f,0f,0f,1f],start_interpolation: 0,interpolation_duration: 1}
$data merge entity $(bone_neck0) {transformation: [-1.6f,0f,0f,0f,0f,1.5448f,-0.4168f,-0.9687f,0f,-0.4168f,-1.5448f,3f,0f,0f,0f,1f],start_interpolation: 0,interpolation_duration: 1}
$data merge entity $(bone_frontlegl) {transformation: [-0.9659f,-0.2285f,0.1215f,0.433f,0f,0.4696f,0.8829f,-0.7587f,-0.2588f,0.8528f,-0.4536f,2.5168f,0f,0f,0f,1f],start_interpolation: 0,interpolation_duration: 1}
$data merge entity $(bone_frontlegtipleft) {transformation: [-0.9659f,0.1613f,0.2024f,0.9735f,0f,0.782f,-0.6233f,-1.0975f,-0.2588f,-0.6021f,-0.7553f,1.4657f,0f,0f,0f,1f],start_interpolation: 0,interpolation_duration: 1}
$data merge entity $(bone_frontfootleftd) {transformation: [-0.9659f,-0.0499f,0.254f,0.6929f,0f,0.9812f,0.193f,-2.6761f,-0.2588f,0.1864f,-0.9478f,2.4719f,0f,0f,0f,1f],start_interpolation: 0,interpolation_duration: 1}
$data merge entity $(bone_frontfootleft) {transformation: [0.9659f,0.2039f,0.1594f,0.7605f,0f,-0.6157f,0.788f,-2.285f,0.2588f,-0.7611f,-0.5948f,2.2605f,0f,0f,0f,1f],start_interpolation: 0,interpolation_duration: 1}
$data merge entity $(bone_frontlegr) {transformation: [-0.9659f,0.1258f,-0.2262f,-0.8747f,0f,0.8739f,0.4861f,-0.8214f,0.2588f,0.4696f,-0.8441f,2.6262f,0f,0f,0f,1f],start_interpolation: 0,interpolation_duration: 1}
$data merge entity $(bone_frontlegtipright) {transformation: [-0.9659f,-0.2533f,-0.0534f,-0.8323f,0f,0.2061f,-0.9785f,-1.7443f,0.2588f,-0.9452f,-0.1991f,1.8186f,0f,0f,0f,1f],start_interpolation: 0,interpolation_duration: 1}
$data merge entity $(bone_frontfootrightd) {transformation: [-0.9659f,0.1133f,-0.2327f,-0.3864f,0f,0.8991f,0.4378f,-2.2971f,0.2588f,0.4229f,-0.8684f,3.5235f,0f,0f,0f,1f],start_interpolation: 0,interpolation_duration: 1}
$data merge entity $(bone_frontfootright) {transformation: [0.9659f,-0.0846f,-0.2446f,-0.4834f,0f,-0.945f,0.327f,-2.0905f,-0.2588f,-0.3158f,-0.9128f,3.1205f,0f,0f,0f,1f],start_interpolation: 0,interpolation_duration: 1}
$data merge entity $(bone_rearlegl) {transformation: [-1.0464f,-0.1356f,-0.2454f,-0.0318f,0f,0.9482f,-0.5239f,-0.5528f,0.2804f,-0.5061f,-0.9159f,-0.4575f,0f,0f,0f,1f],start_interpolation: 0,interpolation_duration: 1}
$data merge entity $(bone_rearfootleftd) {transformation: [-0.9659f,0.1196f,-0.2295f,0.7443f,0f,0.8868f,0.4621f,-2.5218f,0.2588f,0.4464f,-0.8566f,-0.2173f,0f,0f,0f,1f],start_interpolation: 0,interpolation_duration: 1}
$data merge entity $(bone_rearfootleft) {transformation: [-0.9659f,0.2107f,-0.1504f,0.6672f,0f,0.581f,0.8139f,-1.8896f,0.2588f,0.7862f,-0.5612f,-0.5049f,0f,0f,0f,1f],start_interpolation: 0,interpolation_duration: 1}
$data merge entity $(bone_rearlegtipleft) {transformation: [-0.9659f,0.2579f,-0.0215f,0.8661f,0f,0.0831f,0.9965f,-1.8688f,0.2588f,0.9626f,-0.0803f,0.4789f,0f,0f,0f,1f],start_interpolation: 0,interpolation_duration: 1}
$data merge entity $(bone_rearlegr) {transformation: [-1.0464f,0.0346f,0.2782f,-1.3032f,0f,1.0751f,-0.1336f,-0.4733f,-0.2804f,-0.1291f,-1.0384f,-0.8043f,0f,0f,0f,1f],start_interpolation: 0,interpolation_duration: 1}
$data merge entity $(bone_rearfootrightd) {transformation: [-0.9659f,0.058f,0.2522f,-0.6027f,0f,0.9746f,-0.2241f,-2.8807f,-0.2588f,-0.2165f,-0.9413f,-0.7623f,0f,0f,0f,1f],start_interpolation: 0,interpolation_duration: 1}
$data merge entity $(bone_rearfootright) {transformation: [-0.9659f,-0.2172f,0.1408f,-0.533f,0f,0.5439f,0.8391f,-2.2358f,-0.2588f,0.8105f,-0.5254f,-1.0222f,0f,0f,0f,1f],start_interpolation: 0,interpolation_duration: 1}
$data merge entity $(bone_rearlegtipright) {transformation: [-0.9659f,-0.248f,0.0742f,-0.846f,0f,0.2866f,0.958f,-2.009f,-0.2588f,0.9254f,-0.2769f,-0.0957f,0f,0f,0f,1f],start_interpolation: 0,interpolation_duration: 1}
$data merge entity $(bone_tail11) {transformation: [-0.2879f,-0.024f,0.053f,-0.4512f,0.0133f,0.2339f,0.1809f,-2.3369f,-0.0648f,0.2153f,-0.2427f,-6.8415f,0f,0f,0f,1f],start_interpolation: 0,interpolation_duration: 1}
$data merge entity $(bone_tail10) {transformation: [-0.3879f,-0.0152f,0.0521f,-0.4805f,0.0075f,0.3582f,0.1657f,-2.4301f,-0.0627f,0.2069f,-0.3845f,-6.6252f,0f,0f,0f,1f],start_interpolation: 0,interpolation_duration: 1}
$data merge entity $(bone_tail9) {transformation: [-0.4888f,-0.004f,0.028f,-0.4963f,0.0011f,0.4827f,0.1021f,-2.4875f,-0.0352f,0.1445f,-0.531f,-6.3265f,0f,0f,0f,1f],start_interpolation: 0,interpolation_duration: 1}
$data merge entity $(bone_tail8) {transformation: [-0.5757f,0.0028f,-0.017f,-0.4867f,0.002f,0.5804f,-0.009f,-2.4824f,0.015f,0.0269f,-0.648f,-5.962f,0f,0f,0f,1f],start_interpolation: 0,interpolation_duration: 1}
$data merge entity $(bone_tail7) {transformation: [-0.6737f,-0.0012f,-0.0727f,-0.4458f,0.0148f,0.6637f,-0.1599f,-2.3925f,0.0758f,-0.1368f,-0.747f,-5.5418f,0f,0f,0f,1f],start_interpolation: 0,interpolation_duration: 1}
$data merge entity $(bone_tail6) {transformation: [-0.7882f,-0.0141f,-0.1189f,-0.379f,0.0306f,0.7442f,-0.301f,-2.2232f,0.1261f,-0.2898f,-0.8404f,-5.0691f,0f,0f,0f,1f],start_interpolation: 0,interpolation_duration: 1}
$data merge entity $(bone_tail5) {transformation: [-0.874f,-0.0257f,-0.1422f,-0.299f,0.0394f,0.7991f,-0.3959f,-2.0005f,0.1522f,-0.3921f,-0.9046f,-4.5602f,0f,0f,0f,1f],start_interpolation: 0,interpolation_duration: 1}
$data merge entity $(bone_tail4) {transformation: [-0.9724f,-0.0235f,-0.1507f,-0.2142f,0.0403f,0.9015f,-0.4115f,-1.7691f,0.1606f,-0.4031f,-1.02f,-3.9865f,0f,0f,0f,1f],start_interpolation: 0,interpolation_duration: 1}
$data merge entity $(bone_tail3) {transformation: [-1.0848f,-0.0201f,-0.1373f,-0.137f,0.0327f,1.0174f,-0.4222f,-1.5316f,0.1455f,-0.4071f,-1.1533f,-3.3377f,0f,0f,0f,1f],start_interpolation: 0,interpolation_duration: 1}
$data merge entity $(bone_tail2) {transformation: [-1.2093f,-0.0163f,-0.1178f,-0.0707f,0.0238f,1.148f,-0.4251f,-1.2925f,0.1235f,-0.4016f,-1.3024f,-2.6051f,0f,0f,0f,1f],start_interpolation: 0,interpolation_duration: 1}
$data merge entity $(bone_tail1) {transformation: [-1.3474f,-0.0125f,-0.0852f,-0.0228f,0.0121f,1.2946f,-0.418f,-1.0574f,0.0866f,-0.3839f,-1.4687f,-1.779f,0f,0f,0f,1f],start_interpolation: 0,interpolation_duration: 1}
$data merge entity $(bone_tail0) {transformation: [-1.4995f,-0.0095f,-0.0447f,0f,0f,1.4582f,-0.3983f,-0.4687f,0.0406f,-0.3513f,-1.6521f,-0.9375f,0f,0f,0f,1f],start_interpolation: 0,interpolation_duration: 1}