# This file was generated by Animated Java via MC-Build. It is not recommended to edit this file directly.
$data merge entity $(bone_leftwing20) {transformation: [-0.4196f,-2.2524f,-1.8715f,1.1881f,-0.449f,1.9177f,-2.2074f,0.4188f,2.8938f,-0.0291f,-0.6139f,3.5201f,0f,0f,0f,1f],start_interpolation: 0,interpolation_duration: 1}
$data merge entity $(bone_leftwing21) {transformation: [-0.2549f,-2.2523f,-1.9008f,1.1881f,-0.2549f,1.9176f,-2.238f,0.4188f,2.9361f,-0.0291f,-0.3593f,3.5201f,0f,0f,0f,1f],start_interpolation: 0,interpolation_duration: 1}
$data merge entity $(bone_leftwing22) {transformation: [-0.0885f,-2.2566f,-1.9195f,1.1881f,-0.059f,1.9213f,-2.256f,0.4188f,2.962f,-0.0291f,-0.1023f,3.5201f,0f,0f,0f,1f],start_interpolation: 0,interpolation_duration: 1}
$data merge entity $(bone_leftwing23) {transformation: [0.0779f,-2.2207f,-1.8893f,1.1881f,0.1356f,1.8907f,-2.2167f,0.4188f,2.9125f,-0.0286f,0.1538f,3.5201f,0f,0f,0f,1f],start_interpolation: 0,interpolation_duration: 1}
$data merge entity $(bone_leftwing1) {transformation: [-0.2332f,-1.5227f,1.2755f,0.8383f,-0.3037f,1.2965f,1.4923f,-0.0367f,-1.963f,-0.0196f,-0.3824f,0.5755f,0f,0f,0f,1f],start_interpolation: 0,interpolation_duration: 1}
$data merge entity $(bone_leftwing) {transformation: [-0.1005f,-0.8883f,-0.7497f,0.6875f,-0.1005f,0.7563f,-0.8826f,-0.1875f,1.158f,-0.0115f,-0.1417f,2.3125f,0f,0f,0f,1f],start_interpolation: 0,interpolation_duration: 1}
$data merge entity $(bone_rightwing20) {transformation: [-0.4196f,2.2524f,1.8715f,-1.1881f,0.449f,1.9177f,-2.2074f,0.4188f,-2.8938f,-0.0291f,-0.6139f,3.5201f,0f,0f,0f,1f],start_interpolation: 0,interpolation_duration: 1}
$data merge entity $(bone_rightwing21) {transformation: [-0.2549f,2.2524f,1.9009f,-1.1881f,0.2549f,1.9177f,-2.2381f,0.4188f,-2.9363f,-0.0291f,-0.3594f,3.5201f,0f,0f,0f,1f],start_interpolation: 0,interpolation_duration: 1}
$data merge entity $(bone_rightwing22) {transformation: [-0.0883f,2.2524f,1.9159f,-1.1881f,0.0589f,1.9177f,-2.2518f,0.4188f,-2.9564f,-0.0291f,-0.1021f,3.5201f,0f,0f,0f,1f],start_interpolation: 0,interpolation_duration: 1}
$data merge entity $(bone_rightwing23) {transformation: [0.0779f,2.2207f,1.8893f,-1.1881f,-0.1356f,1.8907f,-2.2167f,0.4188f,-2.9125f,-0.0286f,0.1538f,3.5201f,0f,0f,0f,1f],start_interpolation: 0,interpolation_duration: 1}
$data merge entity $(bone_rightwing1) {transformation: [-0.2332f,1.5227f,-1.2755f,-0.8383f,0.3037f,1.2965f,1.4923f,-0.0367f,1.963f,-0.0196f,-0.3824f,0.5755f,0f,0f,0f,1f],start_interpolation: 0,interpolation_duration: 1}
$data merge entity $(bone_rightwing) {transformation: [-0.1005f,0.8883f,0.7497f,-0.6875f,0.1005f,0.7563f,-0.8826f,-0.1875f,-1.158f,-0.0115f,-0.1417f,2.3125f,0f,0f,0f,1f],start_interpolation: 0,interpolation_duration: 1}
$data merge entity $(bone_eyebrow) {transformation: [-0.8923f,0f,0f,0f,0f,0.8921f,0.0192f,0.3044f,0f,0.0192f,-0.8921f,6.0375f,0f,0f,0f,1f],start_interpolation: 0,interpolation_duration: 1}
$data merge entity $(bone_head) {transformation: [-1.2269f,0f,0f,0f,0f,1.2266f,0.0264f,-0.0901f,0f,0.0264f,-1.2266f,4.4153f,0f,0f,0f,1f],start_interpolation: 0,interpolation_duration: 1}
$data merge entity $(bone_neck4) {transformation: [-1.0498f,0f,0f,0f,0f,0.9373f,-0.4728f,-0.0904f,0f,-0.4728f,-0.9373f,4.342f,0f,0f,0f,1f],start_interpolation: 0,interpolation_duration: 1}
$data merge entity $(bone_neck3) {transformation: [-1.1664f,0f,0f,0f,0f,0.9592f,-0.6637f,-0.3808f,0f,-0.6637f,-0.9592f,3.9223f,0f,0f,0f,1f],start_interpolation: 0,interpolation_duration: 1}
$data merge entity $(bone_neck2) {transformation: [-1.296f,0f,0f,0f,0f,1.0154f,-0.8054f,-0.5821f,0f,-0.8054f,-1.0154f,3.6685f,0f,0f,0f,1f],start_interpolation: 0,interpolation_duration: 1}
$data merge entity $(bone_neck1) {transformation: [-1.44f,0f,0f,0f,0f,1.2371f,-0.737f,-0.7664f,0f,-0.737f,-1.2371f,3.3592f,0f,0f,0f,1f],start_interpolation: 0,interpolation_duration: 1}
$data merge entity $(bone_neck0) {transformation: [-1.6f,0f,0f,0f,0f,1.5428f,-0.4239f,-0.9687f,0f,-0.4239f,-1.5428f,3f,0f,0f,0f,1f],start_interpolation: 0,interpolation_duration: 1}
$data merge entity $(bone_frontlegl) {transformation: [-0.9659f,-0.2285f,0.1215f,0.433f,0f,0.4696f,0.8829f,-0.7587f,-0.2588f,0.8528f,-0.4536f,2.5168f,0f,0f,0f,1f],start_interpolation: 0,interpolation_duration: 1}
$data merge entity $(bone_frontlegtipleft) {transformation: [-0.9659f,0.1648f,0.1995f,0.9743f,0f,0.771f,-0.6368f,-1.0978f,-0.2588f,-0.6151f,-0.7447f,1.4624f,0f,0f,0f,1f],start_interpolation: 0,interpolation_duration: 1}
$data merge entity $(bone_frontfootleftd) {transformation: [-0.9659f,-0.0633f,0.2509f,0.6885f,0f,0.9696f,0.2448f,-2.662f,-0.2588f,0.2364f,-0.9365f,2.4884f,0f,0f,0f,1f],start_interpolation: 0,interpolation_duration: 1}
$data merge entity $(bone_frontfootleft) {transformation: [0.9659f,0.2039f,0.1594f,0.7561f,0f,-0.6157f,0.788f,-2.2708f,0.2588f,-0.7611f,-0.5948f,2.2771f,0f,0f,0f,1f],start_interpolation: 0,interpolation_duration: 1}
$data merge entity $(bone_frontlegr) {transformation: [-0.9659f,0.1234f,-0.2275f,-0.8747f,0f,0.8791f,0.4766f,-0.8217f,0.2588f,0.4604f,-0.8492f,2.6263f,0f,0f,0f,1f],start_interpolation: 0,interpolation_duration: 1}
$data merge entity $(bone_frontlegtipright) {transformation: [-0.9659f,-0.2533f,-0.053f,-0.8295f,0f,0.2048f,-0.9788f,-1.7519f,0.2588f,-0.9454f,-0.1979f,1.8289f,0f,0f,0f,1f],start_interpolation: 0,interpolation_duration: 1}
$data merge entity $(bone_frontfootrightd) {transformation: [-0.9659f,0.1129f,-0.2329f,-0.3829f,0f,0.8998f,0.4364f,-2.2984f,0.2588f,0.4215f,-0.8691f,3.5364f,0f,0f,0f,1f],start_interpolation: 0,interpolation_duration: 1}
$data merge entity $(bone_frontfootright) {transformation: [0.9659f,-0.082f,-0.2455f,-0.4805f,0f,-0.9485f,0.3167f,-2.0963f,-0.2588f,-0.3059f,-0.9162f,3.1313f,0f,0f,0f,1f],start_interpolation: 0,interpolation_duration: 1}
$data merge entity $(bone_rearlegl) {transformation: [-1.0464f,-0.1437f,-0.2408f,-0.0324f,0f,0.9302f,-0.5553f,-0.5602f,0.2804f,-0.5364f,-0.8985f,-0.4597f,0f,0f,0f,1f],start_interpolation: 0,interpolation_duration: 1}
$data merge entity $(bone_rearfootleftd) {transformation: [-0.9659f,0.0952f,-0.2407f,0.7645f,0f,0.9298f,0.3679f,-2.5381f,0.2588f,0.3554f,-0.8982f,-0.1419f,0f,0f,0f,1f],start_interpolation: 0,interpolation_duration: 1}
$data merge entity $(bone_rearfootleft) {transformation: [-0.9659f,0.2021f,-0.1616f,0.6787f,0f,0.6245f,0.781f,-1.923f,0.2588f,0.7544f,-0.6032f,-0.4623f,0f,0f,0f,1f],start_interpolation: 0,interpolation_duration: 1}
$data merge entity $(bone_rearlegtipleft) {transformation: [-0.9659f,0.2557f,-0.0399f,0.8765f,0f,0.1543f,0.988f,-1.8305f,0.2588f,0.9544f,-0.1491f,0.5176f,0f,0f,0f,1f],start_interpolation: 0,interpolation_duration: 1}
$data merge entity $(bone_rearlegr) {transformation: [-1.0464f,0.0316f,0.2786f,-1.3036f,0f,1.0764f,-0.122f,-0.471f,-0.2804f,-0.1178f,-1.0398f,-0.8027f,0f,0f,0f,1f],start_interpolation: 0,interpolation_duration: 1}
$data merge entity $(bone_rearfootrightd) {transformation: [-0.9659f,0.0545f,0.253f,-0.5955f,0f,0.9776f,-0.2105f,-2.8721f,-0.2588f,-0.2033f,-0.9443f,-0.7889f,0f,0f,0f,1f],start_interpolation: 0,interpolation_duration: 1}
$data merge entity $(bone_rearfootright) {transformation: [-0.9659f,-0.2191f,0.1377f,-0.5282f,0f,0.5322f,0.8466f,-2.2235f,-0.2588f,0.8178f,-0.514f,-1.0401f,0f,0f,0f,1f],start_interpolation: 0,interpolation_duration: 1}
$data merge entity $(bone_rearlegtipright) {transformation: [-0.9659f,-0.2492f,0.0698f,-0.8422f,0f,0.2697f,0.9629f,-2.014f,-0.2588f,0.9301f,-0.2605f,-0.1099f,0f,0f,0f,1f],start_interpolation: 0,interpolation_duration: 1}
$data merge entity $(bone_tail11) {transformation: [-0.2874f,-0.0299f,0.0531f,-0.4175f,0.0076f,0.2368f,0.1775f,-2.3844f,-0.0696f,0.2102f,-0.2457f,-6.8334f,0f,0f,0f,1f],start_interpolation: 0,interpolation_duration: 1}
$data merge entity $(bone_tail10) {transformation: [-0.3869f,-0.023f,0.0569f,-0.4495f,0.0014f,0.3608f,0.1601f,-2.4745f,-0.0718f,0.1997f,-0.3867f,-6.6159f,0f,0f,0f,1f],start_interpolation: 0,interpolation_duration: 1}
$data merge entity $(bone_tail9) {transformation: [-0.488f,-0.0121f,0.038f,-0.4709f,-0.0056f,0.4843f,0.0944f,-2.5276f,-0.0487f,0.1355f,-0.5322f,-6.3165f,0f,0f,0f,1f],start_interpolation: 0,interpolation_duration: 1}
$data merge entity $(bone_tail8) {transformation: [-0.576f,-0.004f,-0.0034f,-0.469f,-0.0051f,0.5802f,-0.0182f,-2.5174f,-0.0008f,0.017f,-0.6484f,-5.9518f,0f,0f,0f,1f],start_interpolation: 0,interpolation_duration: 1}
$data merge entity $(bone_tail7) {transformation: [-0.6752f,-0.0055f,-0.0581f,-0.4363f,0.0079f,0.6614f,-0.17f,-2.4217f,0.06f,-0.1472f,-0.7463f,-5.532f,0f,0f,0f,1f],start_interpolation: 0,interpolation_duration: 1}
$data merge entity $(bone_tail6) {transformation: [-0.79f,-0.0164f,-0.1059f,-0.3767f,0.0248f,0.7403f,-0.3114f,-2.2465f,0.1123f,-0.3004f,-0.8385f,-5.0603f,0f,0f,0f,1f],start_interpolation: 0,interpolation_duration: 1}
$data merge entity $(bone_tail5) {transformation: [-0.8754f,-0.0269f,-0.1326f,-0.3022f,0.0352f,0.7946f,-0.4055f,-2.0185f,0.1419f,-0.402f,-0.9018f,-4.553f,0f,0f,0f,1f],start_interpolation: 0,interpolation_duration: 1}
$data merge entity $(bone_tail4) {transformation: [-0.9731f,-0.0249f,-0.1457f,-0.2202f,0.0381f,0.8977f,-0.4203f,-1.782f,0.155f,-0.4123f,-1.0171f,-3.9809f,0f,0f,0f,1f],start_interpolation: 0,interpolation_duration: 1}
$data merge entity $(bone_tail3) {transformation: [-1.0848f,-0.0216f,-0.1373f,-0.143f,0.0322f,1.0143f,-0.43f,-1.5402f,0.1452f,-0.4152f,-1.1503f,-3.3339f,0f,0f,0f,1f],start_interpolation: 0,interpolation_duration: 1}
$data merge entity $(bone_tail2) {transformation: [-1.209f,-0.0176f,-0.1207f,-0.075f,0.0241f,1.1458f,-0.4317f,-1.2974f,0.1262f,-0.4082f,-1.2999f,-2.6027f,0f,0f,0f,1f],start_interpolation: 0,interpolation_duration: 1}
$data merge entity $(bone_tail1) {transformation: [-1.3471f,-0.0136f,-0.0896f,-0.0247f,0.0125f,1.2931f,-0.4233f,-1.0593f,0.0908f,-0.3889f,-1.467f,-1.7776f,0f,0f,0f,1f],start_interpolation: 0,interpolation_duration: 1}
$data merge entity $(bone_tail0) {transformation: [-1.4994f,-0.0104f,-0.0485f,0f,0f,1.4574f,-0.4021f,-0.4687f,0.044f,-0.3546f,-1.6511f,-0.9375f,0f,0f,0f,1f],start_interpolation: 0,interpolation_duration: 1}