# This file was generated by Animated Java via MC-Build. It is not recommended to edit this file directly.
$data merge entity $(bone_leftwing20) {transformation: [-0.4186f,-2.2624f,-1.8595f,1.1844f,-0.4499f,1.9058f,-2.2175f,0.422f,2.8938f,-0.031f,-0.6137f,3.52f,0f,0f,0f,1f],start_interpolation: 0,interpolation_duration: 1}
$data merge entity $(bone_leftwing21) {transformation: [-0.2549f,-2.2623f,-1.8889f,1.1844f,-0.2549f,1.9057f,-2.2481f,0.422f,2.9361f,-0.031f,-0.3592f,3.52f,0f,0f,0f,1f],start_interpolation: 0,interpolation_duration: 1}
$data merge entity $(bone_leftwing22) {transformation: [-0.0895f,-2.2667f,-1.9076f,1.1844f,-0.0581f,1.9094f,-2.2661f,0.422f,2.962f,-0.031f,-0.1021f,3.52f,0f,0f,0f,1f],start_interpolation: 0,interpolation_duration: 1}
$data merge entity $(bone_leftwing23) {transformation: [0.0759f,-2.2306f,-1.8777f,1.1844f,0.1374f,1.879f,-2.2265f,0.422f,2.9124f,-0.0305f,0.1539f,3.52f,0f,0f,0f,1f],start_interpolation: 0,interpolation_duration: 1}
$data merge entity $(bone_leftwing1) {transformation: [-0.2307f,-1.5295f,1.2678f,0.8383f,-0.3058f,1.2884f,1.4988f,-0.0367f,-1.963f,-0.0209f,-0.3825f,0.5755f,0f,0f,0f,1f],start_interpolation: 0,interpolation_duration: 1}
$data merge entity $(bone_leftwing) {transformation: [-0.1005f,-0.8922f,-0.7449f,0.6875f,-0.1005f,0.7516f,-0.8866f,-0.1875f,1.158f,-0.0122f,-0.1417f,2.3125f,0f,0f,0f,1f],start_interpolation: 0,interpolation_duration: 1}
$data merge entity $(bone_rightwing20) {transformation: [-0.4186f,2.2624f,1.8595f,-1.1844f,0.4499f,1.9058f,-2.2175f,0.422f,-2.8938f,-0.031f,-0.6137f,3.52f,0f,0f,0f,1f],start_interpolation: 0,interpolation_duration: 1}
$data merge entity $(bone_rightwing21) {transformation: [-0.2549f,2.2624f,1.889f,-1.1844f,0.2549f,1.9058f,-2.2482f,0.422f,-2.9363f,-0.031f,-0.3592f,3.52f,0f,0f,0f,1f],start_interpolation: 0,interpolation_duration: 1}
$data merge entity $(bone_rightwing22) {transformation: [-0.0893f,2.2624f,1.904f,-1.1844f,0.058f,1.9058f,-2.2619f,0.422f,-2.9564f,-0.031f,-0.1019f,3.52f,0f,0f,0f,1f],start_interpolation: 0,interpolation_duration: 1}
$data merge entity $(bone_rightwing23) {transformation: [0.0759f,2.2306f,1.8777f,-1.1844f,-0.1374f,1.879f,-2.2265f,0.422f,-2.9124f,-0.0305f,0.1539f,3.52f,0f,0f,0f,1f],start_interpolation: 0,interpolation_duration: 1}
$data merge entity $(bone_rightwing1) {transformation: [-0.2307f,1.5295f,-1.2678f,-0.8383f,0.3058f,1.2884f,1.4988f,-0.0367f,1.963f,-0.0209f,-0.3825f,0.5755f,0f,0f,0f,1f],start_interpolation: 0,interpolation_duration: 1}
$data merge entity $(bone_rightwing) {transformation: [-0.1005f,0.8922f,0.7449f,-0.6875f,0.1005f,0.7516f,-0.8866f,-0.1875f,-1.158f,-0.0122f,-0.1417f,2.3125f,0f,0f,0f,1f],start_interpolation: 0,interpolation_duration: 1}
$data merge entity $(bone_eyebrow) {transformation: [-0.8923f,0f,0f,0f,0f,0.892f,0.0237f,0.2906f,0f,0.0237f,-0.892f,6.0435f,0f,0f,0f,1f],start_interpolation: 0,interpolation_duration: 1}
$data merge entity $(bone_head) {transformation: [-1.2269f,0f,0f,0f,0f,1.2265f,0.0325f,-0.0959f,0f,0.0325f,-1.2265f,4.4194f,0f,0f,0f,1f],start_interpolation: 0,interpolation_duration: 1}
$data merge entity $(bone_neck4) {transformation: [-1.0498f,0f,0f,0f,0f,0.9396f,-0.4681f,-0.0958f,0f,-0.4681f,-0.9396f,4.346f,0f,0f,0f,1f],start_interpolation: 0,interpolation_duration: 1}
$data merge entity $(bone_neck3) {transformation: [-1.1664f,0f,0f,0f,0f,0.9662f,-0.6535f,-0.3817f,0f,-0.6535f,-0.9662f,3.9233f,0f,0f,0f,1f],start_interpolation: 0,interpolation_duration: 1}
$data merge entity $(bone_neck2) {transformation: [-1.296f,0f,0f,0f,0f,1.022f,-0.797f,-0.5809f,0f,-0.797f,-1.022f,3.6678f,0f,0f,0f,1f],start_interpolation: 0,interpolation_duration: 1}
$data merge entity $(bone_neck1) {transformation: [-1.44f,0f,0f,0f,0f,1.2375f,-0.7363f,-0.765f,0f,-0.7363f,-1.2375f,3.3584f,0f,0f,0f,1f],start_interpolation: 0,interpolation_duration: 1}
$data merge entity $(bone_neck0) {transformation: [-1.6f,0f,0f,0f,0f,1.5412f,-0.4298f,-0.9687f,0f,-0.4298f,-1.5412f,3f,0f,0f,0f,1f],start_interpolation: 0,interpolation_duration: 1}
$data merge entity $(bone_frontlegl) {transformation: [-0.9659f,-0.2241f,0.1295f,0.4335f,0f,0.5002f,0.8659f,-0.7574f,-0.2588f,0.8364f,-0.4831f,2.5149f,0f,0f,0f,1f],start_interpolation: 0,interpolation_duration: 1}
$data merge entity $(bone_frontlegtipleft) {transformation: [-0.9659f,0.1749f,0.1908f,0.9724f,0f,0.7372f,-0.6757f,-1.1374f,-0.2588f,-0.6527f,-0.7121f,1.4696f,0f,0f,0f,1f],start_interpolation: 0,interpolation_duration: 1}
$data merge entity $(bone_frontfootleftd) {transformation: [-0.9659f,-0.0677f,0.2498f,0.6677f,0f,0.9651f,0.2617f,-2.6486f,-0.2588f,0.2528f,-0.9323f,2.566f,0f,0f,0f,1f],start_interpolation: 0,interpolation_duration: 1}
$data merge entity $(bone_frontfootleft) {transformation: [0.9659f,0.1982f,0.1664f,0.7388f,0f,-0.643f,0.7659f,-2.2654f,0.2588f,-0.7398f,-0.621f,2.3415f,0f,0f,0f,1f],start_interpolation: 0,interpolation_duration: 1}
$data merge entity $(bone_frontlegr) {transformation: [-0.9659f,0.1213f,-0.2286f,-0.8746f,0f,0.8833f,0.4687f,-0.822f,0.2588f,0.4527f,-0.8532f,2.6264f,0f,0f,0f,1f],start_interpolation: 0,interpolation_duration: 1}
$data merge entity $(bone_frontlegtipright) {transformation: [-0.9659f,-0.2532f,-0.0535f,-0.8272f,0f,0.2065f,-0.9784f,-1.7577f,0.2588f,-0.9451f,-0.1995f,1.8376f,0f,0f,0f,1f],start_interpolation: 0,interpolation_duration: 1}
$data merge entity $(bone_frontfootrightd) {transformation: [-0.9659f,0.1123f,-0.2332f,-0.3803f,0f,0.9009f,0.434f,-2.3028f,0.2588f,0.4193f,-0.8702f,3.5463f,0f,0f,0f,1f],start_interpolation: 0,interpolation_duration: 1}
$data merge entity $(bone_frontfootright) {transformation: [0.9659f,-0.0798f,-0.2462f,-0.4783f,0f,-0.9513f,0.3082f,-2.1045f,-0.2588f,-0.2977f,-0.9189f,3.1394f,0f,0f,0f,1f],start_interpolation: 0,interpolation_duration: 1}
$data merge entity $(bone_rearlegl) {transformation: [-1.0464f,-0.1518f,-0.2357f,-0.0329f,0f,0.9108f,-0.5865f,-0.5678f,0.2804f,-0.5665f,-0.8798f,-0.4617f,0f,0f,0f,1f],start_interpolation: 0,interpolation_duration: 1}
$data merge entity $(bone_rearfootleftd) {transformation: [-0.9659f,0.0701f,-0.2492f,0.7856f,0f,0.9626f,0.2708f,-2.5503f,0.2588f,0.2615f,-0.9298f,-0.0633f,0f,0f,0f,1f],start_interpolation: 0,interpolation_duration: 1}
$data merge entity $(bone_rearfootleft) {transformation: [-0.9659f,0.193f,-0.1725f,0.6911f,0f,0.6665f,0.7455f,-1.9544f,0.2588f,0.7201f,-0.6438f,-0.4158f,0f,0f,0f,1f],start_interpolation: 0,interpolation_duration: 1}
$data merge entity $(bone_rearlegtipleft) {transformation: [-0.9659f,0.2522f,-0.0582f,0.8866f,0f,0.2249f,0.9744f,-1.7904f,0.2588f,0.9412f,-0.2172f,0.5551f,0f,0f,0f,1f],start_interpolation: 0,interpolation_duration: 1}
$data merge entity $(bone_rearlegr) {transformation: [-1.0464f,0.0291f,0.2789f,-1.304f,0f,1.0775f,-0.1123f,-0.4692f,-0.2804f,-0.1085f,-1.0408f,-0.8014f,0f,0f,0f,1f],start_interpolation: 0,interpolation_duration: 1}
$data merge entity $(bone_rearfootrightd) {transformation: [-0.9659f,0.0511f,0.2537f,-0.5893f,0f,0.9803f,-0.1975f,-2.8626f,-0.2588f,-0.1908f,-0.9469f,-0.8123f,0f,0f,0f,1f],start_interpolation: 0,interpolation_duration: 1}
$data merge entity $(bone_rearfootright) {transformation: [-0.9659f,-0.2209f,0.1348f,-0.5242f,0f,0.5209f,0.8536f,-2.2106f,-0.2588f,0.8245f,-0.5031f,-1.0552f,0f,0f,0f,1f],start_interpolation: 0,interpolation_duration: 1}
$data merge entity $(bone_rearlegtipright) {transformation: [-0.9659f,-0.2504f,0.0653f,-0.8391f,0f,0.2525f,0.9676f,-2.0186f,-0.2588f,0.9346f,-0.2439f,-0.1215f,0f,0f,0f,1f],start_interpolation: 0,interpolation_duration: 1}
$data merge entity $(bone_tail11) {transformation: [-0.2868f,-0.0354f,0.0527f,-0.3784f,0.0018f,0.2395f,0.174f,-2.4285f,-0.0735f,0.2051f,-0.2489f,-6.8259f,0f,0f,0f,1f],start_interpolation: 0,interpolation_duration: 1}
$data merge entity $(bone_tail10) {transformation: [-0.3857f,-0.0303f,0.061f,-0.4128f,-0.0049f,0.3632f,0.1546f,-2.5154f,-0.0799f,0.1922f,-0.3888f,-6.6072f,0f,0f,0f,1f],start_interpolation: 0,interpolation_duration: 1}
$data merge entity $(bone_tail9) {transformation: [-0.4869f,-0.02f,0.0476f,-0.4395f,-0.0124f,0.4856f,0.087f,-2.5643f,-0.0614f,0.1264f,-0.5331f,-6.3074f,0f,0f,0f,1f],start_interpolation: 0,interpolation_duration: 1}
$data merge entity $(bone_tail8) {transformation: [-0.5758f,-0.0106f,0.0103f,-0.4453f,-0.0124f,0.5798f,-0.027f,-2.5492f,-0.0166f,0.0072f,-0.6483f,-5.9427f,0f,0f,0f,1f],start_interpolation: 0,interpolation_duration: 1}
$data merge entity $(bone_tail7) {transformation: [-0.6763f,-0.0096f,-0.0427f,-0.4213f,0.0006f,0.659f,-0.1796f,-2.4481f,0.0436f,-0.1573f,-0.7453f,-5.5234f,0f,0f,0f,1f],start_interpolation: 0,interpolation_duration: 1}
$data merge entity $(bone_tail6) {transformation: [-0.7918f,-0.0184f,-0.0915f,-0.3698f,0.0183f,0.7364f,-0.3211f,-2.2675f,0.0972f,-0.3105f,-0.8366f,-5.0528f,0f,0f,0f,1f],start_interpolation: 0,interpolation_duration: 1}
$data merge entity $(bone_tail5) {transformation: [-0.8771f,-0.0278f,-0.1212f,-0.3016f,0.0304f,0.7903f,-0.4144f,-2.0344f,0.1298f,-0.4113f,-0.8993f,-4.547f,0f,0f,0f,1f],start_interpolation: 0,interpolation_duration: 1}
$data merge entity $(bone_tail4) {transformation: [-0.9741f,-0.026f,-0.1389f,-0.2235f,0.0352f,0.8941f,-0.4284f,-1.7934f,0.1476f,-0.4207f,-1.0146f,-3.9763f,0f,0f,0f,1f],start_interpolation: 0,interpolation_duration: 1}
$data merge entity $(bone_tail3) {transformation: [-1.085f,-0.0227f,-0.1356f,-0.1472f,0.0311f,1.0115f,-0.437f,-1.5476f,0.1431f,-0.4224f,-1.1477f,-3.3307f,0f,0f,0f,1f],start_interpolation: 0,interpolation_duration: 1}
$data merge entity $(bone_tail2) {transformation: [-1.2089f,-0.0188f,-0.1221f,-0.0785f,0.0239f,1.1437f,-0.4375f,-1.3015f,0.1273f,-0.4141f,-1.2978f,-2.6007f,0f,0f,0f,1f],start_interpolation: 0,interpolation_duration: 1}
$data merge entity $(bone_tail1) {transformation: [-1.3469f,-0.0146f,-0.0929f,-0.0262f,0.0127f,1.2918f,-0.4278f,-1.0609f,0.094f,-0.3933f,-1.4654f,-1.7764f,0f,0f,0f,1f],start_interpolation: 0,interpolation_duration: 1}
$data merge entity $(bone_tail0) {transformation: [-1.4993f,-0.0112f,-0.0516f,0f,0f,1.4568f,-0.4053f,-0.4687f,0.0469f,-0.3574f,-1.6502f,-0.9375f,0f,0f,0f,1f],start_interpolation: 0,interpolation_duration: 1}