# This file was generated by Animated Java via MC-Build. It is not recommended to edit this file directly.
$data merge entity $(bone_leftwing20) { transformation: [-0.41776246529322086f,-2.2703864284433637f,-1.8500151618955532f,1.1813766286743475f,-0.4506094015899953f,1.8963192793747703f,-2.225457361753168f,0.3619781172778102f,2.8938144033268527f,-0.03247718157186808f,-0.6136118829409285f,2.4574664544090883f,0f,0f,0f,1f], start_interpolation: 0, interpolation_duration: 1 }
$data merge entity $(bone_leftwing21) { transformation: [-0.2549196272334441f,-2.270264595030795f,-1.8792848420822648f,1.1813766286743475f,-0.254919627233443f,1.8962175191430177f,-2.256140946223352f,0.3619781172778102f,2.9361247985706713f,-0.03247543878226542f,-0.35904509267440954f,2.4574664544090883f,0f,0f,0f,1f], start_interpolation: 0, interpolation_duration: 1 }
$data merge entity $(bone_leftwing22) { transformation: [-0.0903332074679886f,-2.2746483594741087f,-1.8980092005084517f,1.1813766286743475f,-0.05742461145755511f,1.8998790178755456f,-2.2741561741181373f,0.3619781172778102f,2.9619531560225485f,-0.03253814718820468f,-0.10197520948772122f,2.4574664544090883f,0f,0f,0f,1f], start_interpolation: 0, interpolation_duration: 1 }
$data merge entity $(bone_leftwing23) { transformation: [0.07423115803134572f,-2.238409154803316f,-1.86841072446999f,1.1813766286743475f,0.1387533007107371f,1.869610557130055f,-2.2343339792103962f,0.3619781172778102f,2.9124185312491817f,-0.032019756479306556f,0.15406971952919438f,2.4574664544090883f,0f,0f,0f,1f], start_interpolation: 0, interpolation_duration: 1 }
$data merge entity $(bone_leftwing1) { transformation: [-0.2287140067856109f,-1.5349091347222739f,1.2616433137960157f,0.8383056184959312f,-0.30744833252125303f,1.2820186677463234f,1.5039626519231928f,-0.09919438150406934f,-1.9629481465209346f,-0.02195640444295307f,-0.3825604401581072f,-0.48695576537231333f,0f,0f,0f,1f], start_interpolation: 0, interpolation_duration: 1 }
$data merge entity $(bone_leftwing) { transformation: [-0.10053707899728752f,-0.8953636619213264f,-0.7411661890349808f,0.6874999999999999f,-0.10053707899728712f,0.747844222852022f,-0.889793473343483f,-0.25f,1.157970510248209f,-0.012807902591722624f,-0.14160284650322028f,1.25f,0f,0f,0f,1f], start_interpolation: 0, interpolation_duration: 1 }
$data merge entity $(bone_rightwing20) { transformation: [-0.4177624652932202f,2.2703864284433637f,1.8500151618955532f,-1.1813766286743481f,0.4506094015899953f,1.8963192793747703f,-2.225457361753168f,0.3619781172778102f,-2.8938144033268527f,-0.032477181571867526f,-0.6136118829409282f,2.4574664544090883f,0f,0f,0f,1f], start_interpolation: 0, interpolation_duration: 1 }
$data merge entity $(bone_rightwing21) { transformation: [-0.25493330745740694f,2.2703864284433637f,1.8793856936244158f,-1.1813766286743481f,0.2549333074574066f,1.8963192793747703f,-2.2562620216924034f,0.3619781172778102f,-2.936282365272245f,-0.032477181571867526f,-0.3590643607760225f,2.4574664544090883f,0f,0f,0f,1f], start_interpolation: 0, interpolation_duration: 1 }
$data merge entity $(bone_rightwing22) { transformation: [-0.09016395321890312f,2.2703864284433637f,1.8944529654206876f,-1.1813766286743481f,0.05731701692212722f,1.8963192793747703f,-2.2698951652783026f,0.3619781172778102f,-2.9564034454421475f,-0.032477181571867526f,-0.10178414201662259f,2.4574664544090883f,0f,0f,0f,1f], start_interpolation: 0, interpolation_duration: 1 }
$data merge entity $(bone_rightwing23) { transformation: [0.07423115803134646f,2.238409154803316f,1.8684107244699895f,-1.1813766286743481f,-0.1387533007107371f,1.869610557130055f,-2.2343339792103962f,0.3619781172778102f,-2.9124185312491817f,-0.03201975647930601f,0.15406971952919488f,2.4574664544090883f,0f,0f,0f,1f], start_interpolation: 0, interpolation_duration: 1 }
$data merge entity $(bone_rightwing1) { transformation: [-0.22871400678561138f,1.5349091347222739f,-1.2616433137960155f,-0.838305618495931f,0.30744833252125303f,1.2820186677463234f,1.5039626519231928f,-0.09919438150406934f,1.9629481465209346f,-0.021956404442952694f,-0.38256044015810753f,-0.48695576537231333f,0f,0f,0f,1f], start_interpolation: 0, interpolation_duration: 1 }
$data merge entity $(bone_rightwing) { transformation: [-0.10053707899728723f,0.8953636619213264f,0.7411661890349808f,-0.6875000000000001f,0.10053707899728712f,0.747844222852022f,-0.889793473343483f,-0.25f,-1.157970510248209f,-0.012807902591722405f,-0.14160284650322008f,1.25f,0f,0f,0f,1f], start_interpolation: 0, interpolation_duration: 1 }
$data merge entity $(bone_head) { transformation: [-1.2269070000000002f,-4.713740502370914e-18f,1.501788149398263e-16f,-4.11681269651424e-16f,0f,1.2263030862807678f,0.03849061219653538f,-0.16539756392773117f,-1.5025277304014817e-16f,0.03849061219653538f,-1.2263030862807678f,3.3616326759523845f,0f,0f,0f,1f], start_interpolation: 0, interpolation_duration: 1 }
$data merge entity $(bone_neck4) { transformation: [-1.0497600000000002f,5.6763805020067e-17f,1.1534801306501914e-16f,-4.026981499279832e-16f,0f,0.9418880051401669f,-0.46351164319041344f,-0.16493304146650178f,-1.2855852238729257e-16f,-0.46351164319041344f,-0.9418880051401669f,3.2882799367814237f,0f,0f,0f,1f], start_interpolation: 0, interpolation_duration: 1 }
$data merge entity $(bone_neck3) { transformation: [-1.1664000000000003f,7.871334377938375e-17f,1.191984722247023e-16f,-3.5054881832967594e-16f,0f,0.9733293902184116f,-0.6427432287757339f,-0.44613320405588536f,-1.428428026525473e-16f,-0.6427432287757339f,-0.9733293902184116f,2.862448328560869f,0f,0f,0f,1f], start_interpolation: 0, interpolation_duration: 1 }
$data merge entity $(bone_neck2) { transformation: [-1.2960000000000003f,9.639932158051275e-17f,1.2608479714053827e-16f,-3.1902761904454135e-16f,0f,1.0295605004506065f,-0.7871601971085027f,-0.642923253333011f,-1.58714225169497e-16f,-0.7871601971085027f,-1.0295605004506065f,2.605058203448217f,0f,0f,0f,1f], start_interpolation: 0, interpolation_duration: 1 }
$data merge entity $(bone_neck1) { transformation: [-1.4400000000000002f,8.986471430618998e-17f,1.5173447853386238e-16f,-2.8109399941107576e-16f,0f,1.2390060435343955f,-0.7338010793704544f,-0.8263735231756246f,-1.7634913907721887e-16f,-0.7338010793704544f,-1.2390060435343955f,2.295306692564618f,0f,0f,0f,1f], start_interpolation: 0, interpolation_duration: 1 }
$data merge entity $(bone_neck0) { transformation: [-1.6f,5.321585557566799e-17f,1.8857869219902128e-16f,-2.372753173347997e-16f,0f,1.5398618796073864f,-0.4345404373956552f,-1.03125f,-1.9594348786357652e-16f,-0.4345404373956552f,-1.5398618796073864f,1.9375f,0f,0f,0f,1f], start_interpolation: 0, interpolation_duration: 1 }
$data merge entity $(bone_frontlegl) { transformation: [-0.9659258262890683f,-0.2194665027188053f,0.13719239152430185f,0.4339997181764843f,-3.469446951953614e-18f,0.5300706965747384f,0.8479534519257361f,-0.8187095217230611f,-0.2588190451025208f,0.8190601387060344f,-0.5120089755805762f,1.4505627892762918f,0f,0f,0f,1f], start_interpolation: 0, interpolation_duration: 1 }
$data merge entity $(bone_frontlegtipleft) { transformation: [-0.9659258262890683f,0.18427098775599618f,0.18174570470635676f,0.970081618114876f,-3.469446951953614e-18f,0.7022114799719062f,-0.7119684244372534f,-1.2391334072532938f,-0.2588190451025208f,-0.6877086886662801f,-0.6782842040215332f,0.4158037279772273f,0f,0f,0f,1f], start_interpolation: 0, interpolation_duration: 1 }
$data merge entity $(bone_frontfootleftd) { transformation: [-0.9659258262890681f,-0.07199052184102822f,0.24860543612889285f,0.647522579076826f,1.0058900409736327e-16f,0.9605376452510204f,0.27815001717710625f,-2.694935554348842f,-0.2588190451025205f,0.26867228517411496f,-0.927808118670848f,1.5787324691392697f,0f,0f,0f,1f], start_interpolation: 0, interpolation_duration: 1 }
$data merge entity $(bone_frontfootleft) { transformation: [0.9659258262890683f,0.19230910462599132f,0.1732180890834735f,0.7220438786502229f,-1.8627887879478385e-17f,-0.6692633033046704f,0.7430253231550864f,-2.3202285684601702f,0.2588190451025207f,-0.717707349222279f,-0.6464587092495151f,1.3414931738538447f,0f,0f,0f,1f], start_interpolation: 0, interpolation_duration: 1 }
$data merge entity $(bone_frontlegr) { transformation: [-0.9659258262890683f,0.11969729979110685f,-0.22947735080068032f,-0.8746143831386766f,0f,0.8866323987470945f,0.46247485282118095f,-0.8847034539083968f,0.25881904510252063f,0.44671640434921456f,-0.8564211323744461f,1.56393874265174f,0f,0f,0f,1f], start_interpolation: 0, interpolation_duration: 1 }
$data merge entity $(bone_frontlegtipright) { transformation: [-0.9659258262890683f,-0.2529797973851342f,-0.054667359756595896f,-0.8252493608721015f,0f,0.21121845857572674f,-0.9774388792947079f,-1.8244081127321379f,0.25881904510252063f,-0.9441334571298015f,-0.20402136412726224f,0.7822456875782984f,0f,0f,0f,1f], start_interpolation: 0, interpolation_duration: 1 }
$data merge entity $(bone_frontfootrightd) { transformation: [-0.9659258262890683f,0.11147916916024105f,-0.23358016386483474f,-0.378442890698132f,1.9998378149151234e-16f,0.9024844511435062f,0.43072243434049806f,-2.3729381372292244f,0.2588190451025208f,0.4160459232915845f,-0.8717330391838275f,2.4906281163866146f,0f,0f,0f,1f], start_interpolation: 0, interpolation_duration: 1 }
$data merge entity $(bone_frontfootright) { transformation: [0.9659258262890683f,-0.07803050506653571f,-0.24677629218959024f,-0.47686788360998955f,-8.32173371150083e-17f,-0.9534703757671303f,0.30148672032858714f,-2.1775819354869332f,-0.25881904510252074f,-0.2912138094485718f,-0.9209816605550137f,2.082423061136402f,0f,0f,0f,1f], start_interpolation: 0, interpolation_duration: 1 }
$data merge entity $(bone_rearlegl) { transformation: [-1.0464196451464907f,-0.15981448713641716f,-0.2303830876256491f,-0.03340776684565916f,1.5034270125132327e-17f,0.8901318971113287f,-0.61747576216083f,-0.6381426255506004f,0.28038729886106395f,-0.5964357857786718f,-0.8598013882235159f,-1.5259401100448693f,0f,0f,0f,1f], start_interpolation: 0, interpolation_duration: 1 }
$data merge entity $(bone_rearfootleftd) { transformation: [-0.9659258262890683f,0.04450501213845515f,-0.2549639229427107f,0.8073415013292577f,1.3877787807814457e-17f,0.9851049517693615f,0.1719541624953695f,-2.6206204884694815f,0.2588190451025206f,0.16609496649218441f,-0.951538314519273f,-1.0445171470846657f,0f,0f,0f,1f], start_interpolation: 0, interpolation_duration: 1 }
$data merge entity $(bone_rearfootleft) { transformation: [-0.9659258262890683f,0.1831628213866505f,-0.1828624591584137f,0.7045189133311797f,1.3877787807814457e-17f,0.7065262878393676f,0.7076867983733504f,-2.0457700286078824f,0.2588190451025206f,0.6835729554726435f,-0.682451988376189f,-1.4282562696592151f,0f,0f,0f,1f], start_interpolation: 0, interpolation_duration: 1 }
$data merge entity $(bone_rearlegtipleft) { transformation: [-0.9659258262890683f,0.24736501909645636f,-0.07614358433374625f,0.8962725423054284f,1.3877787807814457e-17f,0.2941962184567409f,0.955745041863024f,-1.8113078752675804f,0.2588190451025206f,0.9231788192832214f,-0.28417172540394653f,-0.4711405272193396f,0f,0f,0f,1f], start_interpolation: 0, interpolation_duration: 1 }
$data merge entity $(bone_rearlegr) { transformation: [-1.0464196451464907f,0.02710248141467069f,0.2790743500642278f,-1.3042453166196308f,0f,1.0782604887274956f,-0.10471594701979958f,-0.5301923260877776f,-0.2803872988610642f,-0.10114783765074221f,-1.0415196535289606f,-1.8627998455065085f,0f,0f,0f,1f], start_interpolation: 0, interpolation_duration: 1 }
$data merge entity $(bone_rearfootrightd) { transformation: [-0.9659258262890683f,-0.030118725106515573f,0.25706061640348343f,-0.5838741036833127f,0f,0.9932059532236475f,0.1163698177411373f,-2.914686365457315f,-0.25881904510252085f,0.11240461235671634f,-0.9593632810427735f,-1.894965790199928f,0f,0f,0f,1f], start_interpolation: 0, interpolation_duration: 1 }
$data merge entity $(bone_rearfootright) { transformation: [-0.9659258262890683f,-0.22260443710530434f,0.1320400041230358f,-0.5209221554868887f,0f,0.5101634003430212f,0.8600774993862158f,-2.259612659586414f,-0.25881904510252085f,0.8307710692672662f,-0.49278000401877353f,-2.1299056593044265f,0f,0f,0f,1f], start_interpolation: 0, interpolation_duration: 1 }
$data merge entity $(bone_rearlegtipright) { transformation: [-0.9659258262890683f,-0.25157350486645f,0.060811756733307375f,-0.8366667592922372f,0f,0.23495858548283888f,0.9720053822422504f,-2.085404410493716f,-0.25881904510252085f,0.9388851019997674f,-0.22695256582622186f,-1.1930122122594278f,0f,0f,0f,1f], start_interpolation: 0, interpolation_duration: 1 }
$data merge entity $(bone_tail11) { transformation: [-0.28635571202003696f,-0.04036905503778972f,0.051723636474947474f,-0.3343828273578204f,-0.004008902691102792f,0.2421442200746588f,0.17041712459311315f,-2.5308935954810847f,-0.07637781079068948f,0.1998357060202357f,-0.25222323683043096f,-7.881596655367593f,0f,0f,0f,1f], start_interpolation: 0, interpolation_duration: 1 }
$data merge entity $(bone_tail10) { transformation: [-0.3845584741534685f,-0.03709408932351049f,0.06456925665736613f,-0.3707030342275888f,-0.011059741154243432f,0.3653934256867291f,0.14920463012239266f,-2.6148211999249305f,-0.08695230506903334f,0.18475955803136151f,-0.3908509051482995f,-7.661743021221675f,0f,0f,0f,1f], start_interpolation: 0, interpolation_duration: 1 }
$data merge entity $(bone_tail9) { transformation: [-0.48556709168932854f,-0.02738654639878281f,0.05665285462642425f,-0.40257026495495246f,-0.019202541441900877f,0.4866636312754982f,0.07986462562546877f,-2.6597450518392565f,-0.07320918807428456f,0.11728231393289819f,-0.5336018570948386f,-7.361591976605828f,0f,0f,0f,1f], start_interpolation: 0, interpolation_duration: 1 }
$data merge entity $(bone_tail8) { transformation: [-0.575285930266429f,-0.016884477651027255f,0.023960786249551256f,-0.41604820722032504f,-0.019716659025756467f,0.5792439894217112f,-0.03513525226377019f,-2.6399814724408857f,-0.03197141067978918f,-0.002462588538976851f,-0.647703174538857f,-6.997258940927721f,0f,0f,0f,1f], start_interpolation: 0, interpolation_duration: 1 }
$data merge entity $(bone_tail7) { transformation: [-0.6770265428408234f,-0.013326201205931967f,-0.02672765154946454f,-0.40101390322375124f,-0.006957055167769698f,0.6565651295445007f,-0.18844904807068943f,-2.5339788829011227f,0.02669767219601981f,-0.1669566576171991f,-0.7439661039288871f,-6.578778007467722f,0f,0f,0f,1f], start_interpolation: 0, interpolation_duration: 1 }
$data merge entity $(bone_tail6) { transformation: [-0.7933978951111611f,-0.02002359343026299f,-0.0759507537459772f,-0.3582916042416391f,0.011364367420559903f,0.7326695460084975f,-0.3300509222352712f,-2.3483252391437826f,0.08094211054464148f,-0.3198612984968766f,-0.8347300725625486f,-6.109242341651289f,0f,0f,0f,1f], start_interpolation: 0, interpolation_duration: 1 }
$data merge entity $(bone_tail5) { transformation: [-0.8787568133213959f,-0.028131297773483006f,-0.10838720420113152f,-0.2973238018785026f,0.025007838223491143f,0.7862553348164498f,-0.4225450820108629f,-2.1106436305126723f,0.11624973157035305f,-0.4197816699083498f,-0.8971527958595121f,-5.604593893980313f,0f,0f,0f,1f], start_interpolation: 0, interpolation_duration: 1 }
$data merge entity $(bone_tail4) { transformation: [-0.975251149834995f,-0.026666803164913086f,-0.1304015392001132f,-0.22397293607843893f,0.03174968166128515f,0.8907955328509318f,-0.43575132177747916f,-1.8655335120128405f,0.13837866137811392f,-0.4282802400375866f,-1.0125935220184286f,-5.035010037844947f,0f,0f,0f,1f], start_interpolation: 0, interpolation_duration: 1 }
$data merge entity $(bone_tail3) { transformation: [-1.0853747099522073f,-0.023601108953399598f,-0.1322563618841966f,-0.14957873251857837f,0.02966651443496067f,1.008983348459251f,-0.44315460534157386f,-1.6162590465082052f,0.13925291737916845f,-0.42884205200893755f,-1.1457100798375803f,-4.390548117936309f,0f,0f,0f,1f], start_interpolation: 0, interpolation_duration: 1 }
$data merge entity $(bone_tail2) { transformation: [-1.2088732742389308f,-0.01963569550092128f,-0.12202658131732733f,-0.08093878052758174f,0.02346039332293734f,1.1419605862513686f,-0.44245075556494806f,-1.367380496502922f,0.12690409956029897f,-0.41917407942318613f,-1.296043887641592f,-3.661523431137913f,0f,0f,0f,1f], start_interpolation: 0, interpolation_duration: 1 }
$data merge entity $(bone_tail1) { transformation: [-1.3467599745747278f,-0.015360224181392134f,-0.09501113720408488f,-0.027495015850283997f,0.01277743330444761f,1.2907401205500801f,-0.43145840995345597f,-1.124685140904103f,0.09593036607021402f,-0.39690338411048265f,-1.4641755036989228f,-2.8379247103072687f,0f,0f,0f,1f], start_interpolation: 0, interpolation_duration: 1 }
$data merge entity $(bone_tail0) { transformation: [-1.4991931204975335f,-0.01180044448439185f,-0.054124670171346145f,2.4492935982947064e-16f,-1.3010426069826053e-18f,1.4562042775382829f,-0.40779390492361295f,-0.53125f,0.0491933679764632f,-0.35962459814253284f,-1.6494770841651587f,-2f,0f,0f,0f,1f], start_interpolation: 0, interpolation_duration: 1 }