# This file was generated by Animated Java via MC-Build. It is not recommended to edit this file directly.
$data merge entity $(bone_leftwing20) { transformation: [-0.41714874746168384f,-2.2761970035255383f,-1.8430003349819621f,1.1791700000611955f,-0.4511204040115806f,1.8893213265996365f,-2.2312981461587187f,0.3638154316052058f,2.893823321263185f,-0.03358924095993713f,-0.6135099504622225f,2.4574343898796442f,0f,0f,0f,1f], start_interpolation: 0, interpolation_duration: 1 }
$data merge entity $(bone_leftwing21) { transformation: [-0.2549196272334428f,-2.2760748583060533f,-1.872243597536813f,1.1791700000611955f,-0.2549196272334435f,1.8892199418918287f,-2.2620037268512054f,0.3638154316052058f,2.936124798570672f,-0.03358743849503491f,-0.3589427763209861f,2.4574343898796442f,0f,0f,0f,1f], start_interpolation: 0, interpolation_duration: 1 }
$data merge entity $(bone_leftwing22) { transformation: [-0.09094807736026372f,-2.280469842069621f,-1.8909812054803392f,1.1791700000611955f,-0.05691264979086184f,1.8928679286617376f,-2.280007922745457f,0.3638154316052058f,2.9619442213456186f,-0.033652294115361636f,-0.10187308566308871f,2.4574343898796442f,0f,0f,0f,1f], start_interpolation: 0, interpolation_duration: 1 }
$data merge entity $(bone_leftwing23) { transformation: [0.07302561517238867f,-2.244137890799826f,-1.8615737511712096f,1.1791700000611955f,0.139757076857684f,1.862711167070064f,-2.2400266766235446f,0.3638154316052058f,2.9124010135009457f,-0.03311615305909294f,0.15416906761629318f,2.4574343898796442f,0f,0f,0f,1f], start_interpolation: 0, interpolation_duration: 1 }
$data merge entity $(bone_leftwing1) { transformation: [-0.2272429210435101f,-1.5388374108341667f,1.257115777425776f,0.8383056184959303f,-0.30867320873951665f,1.2772876574194725f,1.5077324332952213f,-0.09919438150406915f,-1.962926770167972f,-0.022708219240520876f,-0.3826262298077076f,-0.4869557653723138f,0f,0f,0f,1f], start_interpolation: 0, interpolation_duration: 1 }
$data merge entity $(bone_leftwing) { transformation: [-0.100537078997287f,-0.8976551563199306f,-0.7383892111820473f,0.6874999999999999f,-0.10053707899728724f,0.7450844668280256f,-0.8921056799221725f,-0.25f,1.1579705102482094f,-0.013246461223637178f,-0.14156249422662834f,1.25f,0f,0f,0f,1f], start_interpolation: 0, interpolation_duration: 1 }
$data merge entity $(bone_rightwing20) { transformation: [-0.417148747461683f,2.2761970035255383f,1.843000334981962f,-1.179170000061196f,0.4511204040115806f,1.8893213265996365f,-2.2312981461587187f,0.3638154316052058f,-2.8938233212631856f,-0.033589240959936574f,-0.6135099504622218f,2.4574343898796442f,0f,0f,0f,1f], start_interpolation: 0, interpolation_duration: 1 }
$data merge entity $(bone_rightwing21) { transformation: [-0.25493330745740567f,2.2761970035255383f,1.8723440712116202f,-1.179170000061196f,0.2549333074574071f,1.8893213265996365f,-2.2621251169455094f,0.3638154316052058f,-2.9362823652722456f,-0.033589240959936574f,-0.358962038931807f,2.4574343898796442f,0f,0f,0f,1f], start_interpolation: 0, interpolation_duration: 1 }
$data merge entity $(bone_rightwing22) { transformation: [-0.09077767105043762f,2.2761970035255383f,1.8874381385070966f,-1.179170000061196f,0.05680601450054308f,1.8893213265996365f,-2.2757359496838534f,0.3638154316052058f,-2.9563945275058163f,-0.033589240959936574f,-0.10168220953791622f,2.4574343898796442f,0f,0f,0f,1f], start_interpolation: 0, interpolation_duration: 1 }
$data merge entity $(bone_rightwing23) { transformation: [0.07302561517238941f,2.244137890799826f,1.8615737511712094f,-1.179170000061196f,-0.139757076857684f,1.862711167070064f,-2.2400266766235446f,0.3638154316052058f,-2.9124010135009453f,-0.03311615305909239f,0.15416906761629365f,2.4574343898796442f,0f,0f,0f,1f], start_interpolation: 0, interpolation_duration: 1 }
$data merge entity $(bone_rightwing1) { transformation: [-0.22724292104351057f,1.5388374108341667f,-1.2571157774257757f,-0.8383056184959301f,0.30867320873951665f,1.2772876574194725f,1.5077324332952213f,-0.09919438150406915f,1.9629267701679718f,-0.0227082192405205f,-0.38262622980770794f,-0.4869557653723138f,0f,0f,0f,1f], start_interpolation: 0, interpolation_duration: 1 }
$data merge entity $(bone_rightwing) { transformation: [-0.10053707899728671f,0.8976551563199306f,0.7383892111820473f,-0.6875000000000001f,0.10053707899728724f,0.7450844668280256f,-0.8921056799221725f,-0.25f,-1.1579705102482094f,-0.013246461223636959f,-0.14156249422662814f,1.25f,0f,0f,0f,1f], start_interpolation: 0, interpolation_duration: 1 }
$data merge entity $(bone_head) { transformation: [-1.2269070000000002f,-5.418032506206394e-18f,1.5015505562589613e-16f,-4.123474231636897e-16f,0f,1.2261090767594376f,0.044241592841124874f,-0.17365071987159755f,-1.5025277304014817e-16f,0.044241592841124874f,-1.2261090767594376f,3.3670722321797766f,0f,0f,0f,1f], start_interpolation: 0, interpolation_duration: 1 }
$data merge entity $(bone_neck4) { transformation: [-1.0497600000000002f,5.622219453733088e-17f,1.1561296864889562e-16f,-4.033646690438421e-16f,0f,0.9440515316692935f,-0.4590890579755319f,-0.17284217563040288f,-1.2855852238729257e-16f,-0.4590890579755319f,-0.9440515316692935f,3.2937224783887102f,0f,0f,0f,1f], start_interpolation: 0, interpolation_duration: 1 }
$data merge entity $(bone_neck3) { transformation: [-1.1664000000000003f,7.735120726247984e-17f,1.2008687274082648e-16f,-3.508266622197305e-16f,0f,0.980583730953575f,-0.6316205400310911f,-0.4491761618940053f,-1.428428026525473e-16f,-0.6316205400310911f,-0.980583730953575f,2.864717096096521f,0f,0f,0f,1f], start_interpolation: 0, interpolation_duration: 1 }
$data merge entity $(bone_neck2) { transformation: [-1.2960000000000003f,9.50405628171359e-17f,1.271121421838049e-16f,-3.190486266737793e-16f,0f,1.03794940935056f,-0.7760650898145232f,-0.6431924343476361f,-1.58714225169497e-16f,-0.7760650898145232f,-1.03794940935056f,2.605229743758881f,0f,0f,0f,1f], start_interpolation: 0, interpolation_duration: 1 }
$data merge entity $(bone_neck1) { transformation: [-1.4400000000000002f,8.93382571070842e-17f,1.5204504158421215e-16f,-2.8103736627772625e-16f,0f,1.241541983289156f,-0.7295022301065497f,-0.8255679918742734f,-1.7634913907721887e-16f,-0.7295022301065497f,-1.241541983289156f,2.294844247936592f,0f,0f,0f,1f], start_interpolation: 0, interpolation_duration: 1 }
$data merge entity $(bone_neck0) { transformation: [-1.6f,5.364054231945583e-17f,1.884583313515702e-16f,-2.372753173347997e-16f,0f,1.538879058703148f,-0.4380082678271193f,-1.03125f,-1.9594348786357652e-16f,-0.4380082678271193f,-1.538879058703148f,1.9375f,0f,0f,0f,1f], start_interpolation: 0, interpolation_duration: 1 }
$data merge entity $(bone_frontlegl) { transformation: [-0.9659258262890683f,-0.21458981613444306f,0.14470144753652825f,0.4345089194427953f,-6.938893903907228e-18f,0.5590834611077812f,0.8291113818515243f,-0.8175659920493039f,-0.2588190451025209f,0.8008600966006049f,-0.5400331541350857f,1.4486624242791406f,0f,0f,0f,1f], start_interpolation: 0, interpolation_duration: 1 }
$data merge entity $(bone_frontlegtipleft) { transformation: [-0.9659258262890683f,0.1929734608796645f,0.17247765508582646f,0.9673707863590091f,-6.938893903907228e-18f,0.6664024860207112f,-0.7455921986082042f,-1.2778214561573082f,-0.2588190451025209f,-0.7201867605153127f,-0.6436953719506447f,0.4259206898208942f,0f,0f,0f,1f], start_interpolation: 0, interpolation_duration: 1 }
$data merge entity $(bone_frontfootleftd) { transformation: [-0.9659258262890683f,-0.07608263658337402f,0.24738377173594644f,0.6280547489818548f,1.0610629492057166e-16f,0.9558174964982016f,0.29396073443218634f,-2.6764413750548846f,-0.2588190451025207f,0.28394426530295114f,-0.9232488050865739f,1.6513874001668205f,0f,0f,0f,1f], start_interpolation: 0, interpolation_duration: 1 }
$data merge entity $(bone_frontfootleft) { transformation: [0.9659258262890683f,0.1862025719761789f,0.1797662379236896f,0.7058920678366163f,-2.1046809525745174e-17f,-0.6945634076212683f,0.7194314927729615f,-2.3105520308790073f,0.2588190451025208f,-0.6949174591151007f,-0.6708967334167246f,1.401772552444465f,0f,0f,0f,1f], start_interpolation: 0, interpolation_duration: 1 }
$data merge entity $(bone_frontlegr) { transformation: [-0.9659258262890683f,0.11851950769933106f,-0.2300878623536861f,-0.8746014054617725f,0f,0.888991234252279f,0.45792421362339997f,-0.8848615185288732f,0.25881904510252063f,0.4423208244219544f,-0.8586995925088714f,1.5639871760013104f,0f,0f,0f,1f], start_interpolation: 0, interpolation_duration: 1 }
$data merge entity $(bone_frontlegtipright) { transformation: [-0.9659258262890683f,-0.2525446226682159f,-0.056643725770371384f,-0.8237953440558234f,0f,0.21885455047534963f,-0.9757574933026303f,-1.826920273139064f,0.25881904510252063f,-0.9425093629760932f,-0.2113972625050246f,0.7876721522117076f,0f,0f,0f,1f], start_interpolation: 0, interpolation_duration: 1 }
$data merge entity $(bone_frontfootrightd) { transformation: [-0.9659258262890681f,0.1103680743716012f,-0.23410721105357976f,-0.3774565038247576f,1.9946644122467142e-16f,0.9045208051086338f,0.4264294937332882f,-2.3838099866886724f,0.25881904510252074f,0.4118992610883554f,-0.8737000060702105f,2.4943093623139676f,0f,0f,0f,1f], start_interpolation: 0, interpolation_duration: 1 }
$data merge entity $(bone_frontfootright) { transformation: [0.9659258262890683f,-0.07676459206449421f,-0.24717300724988645f,-0.4761392320015143f,-8.251228429843103e-17f,-0.955003165056802f,0.2965956080785589f,-2.19060794406177f,-0.25881904510252074f,-0.2864893578069907f,-0.9224622213161671f,2.0851424259602487f,0f,0f,0f,1f], start_interpolation: 0, interpolation_duration: 1 }
$data merge entity $(bone_rearlegl) { transformation: [-1.0464196451464907f,-0.1677134330104423f,-0.22469811247639684f,-0.03381557995307216f,0f,0.868166839837431f,-0.6479949454415516f,-0.646078518243638f,0.280387298861064f,-0.6259150531067704f,-0.8385847721267397f,-1.5274620892817266f,0f,0f,0f,1f], start_interpolation: 0, interpolation_duration: 1 }
$data merge entity $(bone_rearfootleftd) { transformation: [-0.9659258262890683f,0.01888667820484649f,-0.2581290210227575f,0.8296767581086858f,0f,0.9973339516823818f,0.07297252100348833f,-2.6238467229177838f,0.25881904510252063f,0.07048604264669084f,-0.9633506213649463f,-0.9611608339837425f,0f,0f,0f,1f], start_interpolation: 0, interpolation_duration: 1 }
$data merge entity $(bone_rearfootleft) { transformation: [-0.9659258262890683f,0.17280916360612467f,-0.19267664903026582f,0.7188127073511437f,0f,0.7444454056846738f,0.6676833365862754f,-2.0717587533041355f,0.25881904510252063f,0.6449325785915402f,-0.7190790436130692f,-1.374911104143785f,0f,0f,0f,1f], start_interpolation: 0, interpolation_duration: 1 }
$data merge entity $(bone_rearlegtipleft) { transformation: [-0.9659258262890683f,0.2412991699755151f,-0.09360560173893476f,0.9055918632922754f,0f,0.3616642728198642f,0.9323084005658636f,-1.7683637555196376f,0.25881904510252063f,0.9005407621728214f,-0.34934086156276234f,-0.43636034780438343f,0f,0f,0f,1f], start_interpolation: 0, interpolation_duration: 1 }
$data merge entity $(bone_rearlegr) { transformation: [-1.0464196451464907f,0.02567168899464022f,0.2792096018169257f,-1.304454707059242f,1.879283765641541e-18f,1.0787830613714227f,-0.09918778961753531f,-0.5291334427012251f,-0.2803872988610642f,-0.09580804764410406f,-1.042024419941842f,-1.8620183897472604f,0f,0f,0f,1f], start_interpolation: 0, interpolation_duration: 1 }
$data merge entity $(bone_rearfootrightd) { transformation: [-0.9659258262890683f,-0.0407348073830969f,0.2555933754525785f,-0.5793863729108093f,1.734723475976807e-18f,0.9875369695121753f,0.1573872099209756f,-2.903515249408806f,-0.25881904510252085f,0.15202437079024916f,-0.9538874632670504f,-1.9117142294536016f,0f,0f,0f,1f], start_interpolation: 0, interpolation_duration: 1 }
$data merge entity $(bone_rearfootright) { transformation: [-0.9659258262890683f,-0.22413989806871457f,0.12941639850315337f,-0.5184300861984806f,1.734723475976807e-18f,0.5000265666380548f,0.8660100649854823f,-2.2456300089015304f,-0.25881904510252085f,0.8365014875957516f,-0.482988574546349f,-2.1392061885047475f,0f,0f,0f,1f], start_interpolation: 0, interpolation_duration: 1 }
$data merge entity $(bone_rearlegtipright) { transformation: [-0.9659258262890683f,-0.2526387540530077f,0.056222398190798065f,-0.83495310428148f,1.734723475976807e-18f,0.2172266657135985f,0.9761211890451681f,-2.089410917503255f,-0.25881904510252085f,0.9428606660867218f,-0.20982484657142686f,-1.1994076598262189f,0f,0f,0f,1f], start_interpolation: 0, interpolation_duration: 1 }
$data merge entity $(bone_tail11) { transformation: [-0.28595964750061004f,-0.04473948586942223f,0.050316694334524834f,-0.285962246444555f,-0.009620302355880992f,0.24459967253013778f,0.1666830626785359f,-2.566305408285009f,-0.0781812854804148f,0.19462114646005135f,-0.2556953495002031f,-7.87557641918111f,0f,0f,0f,1f], start_interpolation: 0, interpolation_duration: 1 }
$data merge entity $(bone_tail10) { transformation: [-0.38341841348533817f,-0.04327231820339821f,0.067463093838046f,-0.32391023672845587f,-0.017045335255835303f,0.36732941294335225f,0.1438686611095266f,-2.647231530159118f,-0.09278126766371061f,0.17734341768348194f,-0.39290733853228704f,-7.6545660412566985f,0f,0f,0f,1f], start_interpolation: 0, interpolation_duration: 1 }
$data merge entity $(bone_tail9) { transformation: [-0.4840680394121571f,-0.03424472832263242f,0.06515508788711517f,-0.3605599736649582f,-0.02575362630750734f,0.48745088422014354f,0.07316291632322214f,-2.6883856705909306f,-0.08402039998280049f,0.10837743495035589f,-0.5338538637891513f,-7.354273242875301f,0f,0f,0f,1f], start_interpolation: 0, interpolation_duration: 1 }
$data merge entity $(bone_tail8) { transformation: [-0.5743741507075945f,-0.0227071945550947f,0.03739580973007177f,-0.38159511663812357f,-0.02694941725650327f,0.5784910556213356f,-0.04264111879218015f,-2.664400041270329f,-0.04688372623709034f,-0.011725502993107845f,-0.6466497035018837f,-6.990532784655492f,0f,0f,0f,1f], start_interpolation: 0, interpolation_duration: 1 }
$data merge entity $(bone_tail7) { transformation: [-0.6774065830458059f,-0.01669872583499074f,-0.010369845338883625f,-0.37576207863500155f,-0.01464789319378521f,0.654148394006577f,-0.19642604172060163f,-2.5539103928024907f,0.009544698180990845f,-0.17600204794062618f,-0.7422447098759599f,-6.573020135350264f,0f,0f,0f,1f], start_interpolation: 0, interpolation_duration: 1 }
$data merge entity $(bone_tail6) { transformation: [-0.7947848960223027f,-0.02117377637385346f,-0.059422275954032544f,-0.34233704841085827f,0.004044416179984212f,0.7291579357756687f,-0.3380455590883002f,-2.3637597658153218f,0.06375341251259085f,-0.3285048000804725f,-0.8327962260089897f,-6.104572258220207f,0f,0f,0f,1f], start_interpolation: 0, interpolation_duration: 1 }
$data merge entity $(bone_tail5) { transformation: [-0.8804055980023737f,-0.02798874338893053f,-0.09418581164175294f,-0.28935752936237225f,0.0190860488029521f,0.7825776587739649f,-0.4297585835605888f,-2.1220205625624904f,0.10127088853117866f,-0.4274616084278538f,-0.8952662115344806f,-5.600985014232061f,0f,0f,0f,1f], start_interpolation: 0, interpolation_duration: 1 }
$data merge entity $(bone_tail4) { transformation: [-0.9765574324881924f,-0.02690633306264455f,-0.12025576859195364f,-0.22171365952939834f,0.027745843624618922f,0.8878572104145482f,-0.4421408363090604f,-1.873316342138644f,0.12748393160624188f,-0.4349661915980136f,-1.0110916598443809f,-5.032245955569597f,0f,0f,0f,1f], start_interpolation: 0, interpolation_duration: 1 }
$data merge entity $(bone_tail3) { transformation: [-1.0859711601823696f,-0.024096501388064455f,-0.12726698806582273f,-0.15012597874237305f,0.027724265041118624f,1.0068072770530003f,-0.4484002557466609f,-1.6210911982811473f,0.13372847019103923f,-0.4343186500716778f,-1.144215797273106f,-4.388624569603476f,0f,0f,0f,1f], start_interpolation: 0, interpolation_duration: 1 }
$data merge entity $(bone_tail2) { transformation: [-1.2090389367656258f,-0.02021198348985821f,-0.12040113876996195f,-0.08240033818426945f,0.022642351414513665f,1.140498996556203f,-0.44649430229005077f,-1.3699381532429937f,0.12492696178344537f,-0.4233220435334321f,-1.2947906368862965f,-3.660304836354934f,0f,0f,0f,1f], start_interpolation: 0, interpolation_duration: 1 }
$data merge entity $(bone_tail1) { transformation: [-1.346698925540042f,-0.015914001284528037f,-0.09597193136541962f,-0.028416126791220915f,0.012655699882907743f,1.2898844607081277f,-0.43432721825794757f,-1.1256290929728983f,0.09670919290970983f,-0.39971471507227174f,-1.4632537012522264f,-2.837224629400557f,0f,0f,0f,1f], start_interpolation: 0, interpolation_duration: 1 }
$data merge entity $(bone_tail0) { transformation: [-1.4991367591002236f,-0.01226114178325359f,-0.05596695508806144f,2.4492935982947064e-16f,0f,1.4557980622702327f,-0.4096525820539378f,-0.53125f,0.050881995975767216f,-0.36125014365728164f,-1.6489549605597822f,-2f,0f,0f,0f,1f], start_interpolation: 0, interpolation_duration: 1 }