# This file was generated by Animated Java via MC-Build. It is not recommended to edit this file directly.
$data merge entity $(bone_leftwing20) {transformation: [-0.4171f,-2.2762f,-1.843f,1.1792f,-0.4511f,1.8893f,-2.2313f,0.4263f,2.8938f,-0.0336f,-0.6135f,3.5199f,0f,0f,0f,1f],start_interpolation: 0,interpolation_duration: 1}
$data merge entity $(bone_leftwing21) {transformation: [-0.2549f,-2.2761f,-1.8722f,1.1792f,-0.2549f,1.8892f,-2.262f,0.4263f,2.9361f,-0.0336f,-0.3589f,3.5199f,0f,0f,0f,1f],start_interpolation: 0,interpolation_duration: 1}
$data merge entity $(bone_leftwing22) {transformation: [-0.0909f,-2.2805f,-1.891f,1.1792f,-0.0569f,1.8929f,-2.28f,0.4263f,2.9619f,-0.0337f,-0.1019f,3.5199f,0f,0f,0f,1f],start_interpolation: 0,interpolation_duration: 1}
$data merge entity $(bone_leftwing23) {transformation: [0.073f,-2.2441f,-1.8616f,1.1792f,0.1398f,1.8627f,-2.24f,0.4263f,2.9124f,-0.0331f,0.1542f,3.5199f,0f,0f,0f,1f],start_interpolation: 0,interpolation_duration: 1}
$data merge entity $(bone_leftwing1) {transformation: [-0.2272f,-1.5388f,1.2571f,0.8383f,-0.3087f,1.2773f,1.5077f,-0.0367f,-1.9629f,-0.0227f,-0.3826f,0.5755f,0f,0f,0f,1f],start_interpolation: 0,interpolation_duration: 1}
$data merge entity $(bone_leftwing) {transformation: [-0.1005f,-0.8977f,-0.7384f,0.6875f,-0.1005f,0.7451f,-0.8921f,-0.1875f,1.158f,-0.0132f,-0.1416f,2.3125f,0f,0f,0f,1f],start_interpolation: 0,interpolation_duration: 1}
$data merge entity $(bone_rightwing20) {transformation: [-0.4171f,2.2762f,1.843f,-1.1792f,0.4511f,1.8893f,-2.2313f,0.4263f,-2.8938f,-0.0336f,-0.6135f,3.5199f,0f,0f,0f,1f],start_interpolation: 0,interpolation_duration: 1}
$data merge entity $(bone_rightwing21) {transformation: [-0.2549f,2.2762f,1.8723f,-1.1792f,0.2549f,1.8893f,-2.2621f,0.4263f,-2.9363f,-0.0336f,-0.359f,3.5199f,0f,0f,0f,1f],start_interpolation: 0,interpolation_duration: 1}
$data merge entity $(bone_rightwing22) {transformation: [-0.0908f,2.2762f,1.8874f,-1.1792f,0.0568f,1.8893f,-2.2757f,0.4263f,-2.9564f,-0.0336f,-0.1017f,3.5199f,0f,0f,0f,1f],start_interpolation: 0,interpolation_duration: 1}
$data merge entity $(bone_rightwing23) {transformation: [0.073f,2.2441f,1.8616f,-1.1792f,-0.1398f,1.8627f,-2.24f,0.4263f,-2.9124f,-0.0331f,0.1542f,3.5199f,0f,0f,0f,1f],start_interpolation: 0,interpolation_duration: 1}
$data merge entity $(bone_rightwing1) {transformation: [-0.2272f,1.5388f,-1.2571f,-0.8383f,0.3087f,1.2773f,1.5077f,-0.0367f,1.9629f,-0.0227f,-0.3826f,0.5755f,0f,0f,0f,1f],start_interpolation: 0,interpolation_duration: 1}
$data merge entity $(bone_rightwing) {transformation: [-0.1005f,0.8977f,0.7384f,-0.6875f,0.1005f,0.7451f,-0.8921f,-0.1875f,-1.158f,-0.0132f,-0.1416f,2.3125f,0f,0f,0f,1f],start_interpolation: 0,interpolation_duration: 1}
$data merge entity $(bone_eyebrow) {transformation: [-0.8923f,0f,0f,0f,0f,0.8917f,0.0322f,0.2597f,0f,0.0322f,-0.8917f,6.0573f,0f,0f,0f,1f],start_interpolation: 0,interpolation_duration: 1}
$data merge entity $(bone_head) {transformation: [-1.2269f,0f,0f,0f,0f,1.2261f,0.0442f,-0.1112f,0f,0.0442f,-1.2261f,4.4296f,0f,0f,0f,1f],start_interpolation: 0,interpolation_duration: 1}
$data merge entity $(bone_neck4) {transformation: [-1.0498f,0f,0f,0f,0f,0.9441f,-0.4591f,-0.1103f,0f,-0.4591f,-0.9441f,4.3562f,0f,0f,0f,1f],start_interpolation: 0,interpolation_duration: 1}
$data merge entity $(bone_neck3) {transformation: [-1.1664f,0f,0f,0f,0f,0.9806f,-0.6316f,-0.3867f,0f,-0.6316f,-0.9806f,3.9272f,0f,0f,0f,1f],start_interpolation: 0,interpolation_duration: 1}
$data merge entity $(bone_neck2) {transformation: [-1.296f,0f,0f,0f,0f,1.0379f,-0.7761f,-0.5807f,0f,-0.7761f,-1.0379f,3.6677f,0f,0f,0f,1f],start_interpolation: 0,interpolation_duration: 1}
$data merge entity $(bone_neck1) {transformation: [-1.44f,0f,0f,0f,0f,1.2415f,-0.7295f,-0.7631f,0f,-0.7295f,-1.2415f,3.3573f,0f,0f,0f,1f],start_interpolation: 0,interpolation_duration: 1}
$data merge entity $(bone_neck0) {transformation: [-1.6f,0f,0f,0f,0f,1.5389f,-0.438f,-0.9687f,0f,-0.438f,-1.5389f,3f,0f,0f,0f,1f],start_interpolation: 0,interpolation_duration: 1}
$data merge entity $(bone_frontlegl) {transformation: [-0.9659f,-0.2146f,0.1447f,0.4345f,0f,0.5591f,0.8291f,-0.7551f,-0.2588f,0.8009f,-0.54f,2.5112f,0f,0f,0f,1f],start_interpolation: 0,interpolation_duration: 1}
$data merge entity $(bone_frontlegtipleft) {transformation: [-0.9659f,0.193f,0.1725f,0.9674f,0f,0.6664f,-0.7456f,-1.2153f,-0.2588f,-0.7202f,-0.6437f,1.4884f,0f,0f,0f,1f],start_interpolation: 0,interpolation_duration: 1}
$data merge entity $(bone_frontfootleftd) {transformation: [-0.9659f,-0.0761f,0.2474f,0.6281f,0f,0.9558f,0.294f,-2.6139f,-0.2588f,0.2839f,-0.9232f,2.7139f,0f,0f,0f,1f],start_interpolation: 0,interpolation_duration: 1}
$data merge entity $(bone_frontfootleft) {transformation: [0.9659f,0.1862f,0.1798f,0.7059f,0f,-0.6946f,0.7194f,-2.2481f,0.2588f,-0.6949f,-0.6709f,2.4643f,0f,0f,0f,1f],start_interpolation: 0,interpolation_duration: 1}
$data merge entity $(bone_frontlegr) {transformation: [-0.9659f,0.1185f,-0.2301f,-0.8746f,0f,0.889f,0.4579f,-0.8224f,0.2588f,0.4423f,-0.8587f,2.6265f,0f,0f,0f,1f],start_interpolation: 0,interpolation_duration: 1}
$data merge entity $(bone_frontlegtipright) {transformation: [-0.9659f,-0.2525f,-0.0566f,-0.8238f,0f,0.2189f,-0.9758f,-1.7644f,0.2588f,-0.9425f,-0.2114f,1.8502f,0f,0f,0f,1f],start_interpolation: 0,interpolation_duration: 1}
$data merge entity $(bone_frontfootrightd) {transformation: [-0.9659f,0.1104f,-0.2341f,-0.3775f,0f,0.9045f,0.4264f,-2.3213f,0.2588f,0.4119f,-0.8737f,3.5568f,0f,0f,0f,1f],start_interpolation: 0,interpolation_duration: 1}
$data merge entity $(bone_frontfootright) {transformation: [0.9659f,-0.0768f,-0.2472f,-0.4761f,0f,-0.955f,0.2966f,-2.1281f,-0.2588f,-0.2865f,-0.9225f,3.1476f,0f,0f,0f,1f],start_interpolation: 0,interpolation_duration: 1}
$data merge entity $(bone_rearlegl) {transformation: [-1.0464f,-0.1677f,-0.2247f,-0.0338f,0f,0.8682f,-0.648f,-0.5836f,0.2804f,-0.6259f,-0.8386f,-0.465f,0f,0f,0f,1f],start_interpolation: 0,interpolation_duration: 1}
$data merge entity $(bone_rearfootleftd) {transformation: [-0.9659f,0.0189f,-0.2581f,0.8297f,0f,0.9973f,0.073f,-2.5613f,0.2588f,0.0705f,-0.9634f,0.1013f,0f,0f,0f,1f],start_interpolation: 0,interpolation_duration: 1}
$data merge entity $(bone_rearfootleft) {transformation: [-0.9659f,0.1728f,-0.1927f,0.7188f,0f,0.7444f,0.6677f,-2.0093f,0.2588f,0.6449f,-0.7191f,-0.3124f,0f,0f,0f,1f],start_interpolation: 0,interpolation_duration: 1}
$data merge entity $(bone_rearlegtipleft) {transformation: [-0.9659f,0.2413f,-0.0936f,0.9056f,0f,0.3617f,0.9323f,-1.7059f,0.2588f,0.9005f,-0.3493f,0.6261f,0f,0f,0f,1f],start_interpolation: 0,interpolation_duration: 1}
$data merge entity $(bone_rearlegr) {transformation: [-1.0464f,0.0257f,0.2792f,-1.3045f,0f,1.0788f,-0.0992f,-0.4666f,-0.2804f,-0.0958f,-1.042f,-0.7995f,0f,0f,0f,1f],start_interpolation: 0,interpolation_duration: 1}
$data merge entity $(bone_rearfootrightd) {transformation: [-0.9659f,0.045f,0.2549f,-0.5794f,0f,0.9848f,-0.1737f,-2.841f,-0.2588f,-0.1678f,-0.9512f,-0.8492f,0f,0f,0f,1f],start_interpolation: 0,interpolation_duration: 1}
$data merge entity $(bone_rearfootright) {transformation: [-0.9659f,-0.2241f,0.1294f,-0.5184f,0f,0.5f,0.866f,-2.1831f,-0.2588f,0.8365f,-0.483f,-1.0767f,0f,0f,0f,1f],start_interpolation: 0,interpolation_duration: 1}
$data merge entity $(bone_rearlegtipright) {transformation: [-0.9659f,-0.2526f,0.0562f,-0.835f,0f,0.2172f,0.9761f,-2.0269f,-0.2588f,0.9429f,-0.2098f,-0.1369f,0f,0f,0f,1f],start_interpolation: 0,interpolation_duration: 1}
$data merge entity $(bone_tail11) {transformation: [-0.286f,-0.0447f,0.0503f,-0.286f,-0.0096f,0.2446f,0.1667f,-2.5038f,-0.0782f,0.1946f,-0.2557f,-6.8131f,0f,0f,0f,1f],start_interpolation: 0,interpolation_duration: 1}
$data merge entity $(bone_tail10) {transformation: [-0.3834f,-0.0433f,0.0675f,-0.3239f,-0.017f,0.3673f,0.1439f,-2.5847f,-0.0928f,0.1773f,-0.3929f,-6.5921f,0f,0f,0f,1f],start_interpolation: 0,interpolation_duration: 1}
$data merge entity $(bone_tail9) {transformation: [-0.4841f,-0.0342f,0.0652f,-0.3606f,-0.0258f,0.4875f,0.0732f,-2.6259f,-0.084f,0.1084f,-0.5339f,-6.2918f,0f,0f,0f,1f],start_interpolation: 0,interpolation_duration: 1}
$data merge entity $(bone_tail8) {transformation: [-0.5744f,-0.0227f,0.0374f,-0.3816f,-0.0269f,0.5785f,-0.0426f,-2.6019f,-0.0469f,-0.0117f,-0.6466f,-5.928f,0f,0f,0f,1f],start_interpolation: 0,interpolation_duration: 1}
$data merge entity $(bone_tail7) {transformation: [-0.6774f,-0.0167f,-0.0104f,-0.3758f,-0.0146f,0.6541f,-0.1964f,-2.4914f,0.0095f,-0.176f,-0.7422f,-5.5105f,0f,0f,0f,1f],start_interpolation: 0,interpolation_duration: 1}
$data merge entity $(bone_tail6) {transformation: [-0.7948f,-0.0212f,-0.0594f,-0.3423f,0.004f,0.7292f,-0.338f,-2.3013f,0.0638f,-0.3285f,-0.8328f,-5.0421f,0f,0f,0f,1f],start_interpolation: 0,interpolation_duration: 1}
$data merge entity $(bone_tail5) {transformation: [-0.8804f,-0.028f,-0.0942f,-0.2894f,0.0191f,0.7826f,-0.4298f,-2.0595f,0.1013f,-0.4275f,-0.8953f,-4.5385f,0f,0f,0f,1f],start_interpolation: 0,interpolation_duration: 1}
$data merge entity $(bone_tail4) {transformation: [-0.9766f,-0.0269f,-0.1203f,-0.2217f,0.0277f,0.8879f,-0.4421f,-1.8108f,0.1275f,-0.435f,-1.0111f,-3.9697f,0f,0f,0f,1f],start_interpolation: 0,interpolation_duration: 1}
$data merge entity $(bone_tail3) {transformation: [-1.086f,-0.0241f,-0.1273f,-0.1501f,0.0277f,1.0068f,-0.4484f,-1.5586f,0.1337f,-0.4343f,-1.1442f,-3.3261f,0f,0f,0f,1f],start_interpolation: 0,interpolation_duration: 1}
$data merge entity $(bone_tail2) {transformation: [-1.209f,-0.0202f,-0.1204f,-0.0824f,0.0226f,1.1405f,-0.4465f,-1.3074f,0.1249f,-0.4233f,-1.2948f,-2.5978f,0f,0f,0f,1f],start_interpolation: 0,interpolation_duration: 1}
$data merge entity $(bone_tail1) {transformation: [-1.3467f,-0.0159f,-0.096f,-0.0284f,0.0127f,1.2899f,-0.4343f,-1.0631f,0.0967f,-0.3997f,-1.4633f,-1.7747f,0f,0f,0f,1f],start_interpolation: 0,interpolation_duration: 1}
$data merge entity $(bone_tail0) {transformation: [-1.4991f,-0.0123f,-0.056f,0f,0f,1.4558f,-0.4097f,-0.4687f,0.0509f,-0.3613f,-1.649f,-0.9375f,0f,0f,0f,1f],start_interpolation: 0,interpolation_duration: 1}