# This file was generated by Animated Java via MC-Build. It is not recommended to edit this file directly.
$data merge entity $(bone_leftwing20) { transformation: [-0.4166160577575946f,-2.281210799315537f,-1.8369116638030818f,1.177254708892234f,-0.4515613582634612f,1.8832470800977443f,-2.236338276320846f,0.36540088703650336f,2.89383128589987f,-0.034551924701845274f,-0.6134189142483455f,2.4574057529486337f,0f,0f,0f,1f], start_interpolation: 0, interpolation_duration: 1 }
$data merge entity $(bone_leftwing21) { transformation: [-0.25491962723344247f,-2.2810883850458836f,-1.8661319966013314f,1.177254708892234f,-0.254919627233443f,1.8831460213459812f,-2.2670628379953004f,0.36540088703650336f,2.9361247985706727f,-0.03455007057743521f,-0.35885139726740495f,2.4574057529486337f,0f,0f,0f,1f], start_interpolation: 0, interpolation_duration: 1 }
$data merge entity $(bone_leftwing22) { transformation: [-0.09148176702046178f,-2.2854930496723362f,-1.8848811047508287f,1.177254708892234f,-0.056470867787111245f,1.8867822796869753f,-2.285057514154739f,0.36540088703650336f,2.9619362417578525f,-0.03461678499091938f,-0.1017818785575698f,2.4574057529486337f,0f,0f,0f,1f], start_interpolation: 0, interpolation_duration: 1 }
$data merge entity $(bone_leftwing23) { transformation: [0.07197923809841963f,-2.2490810697477124f,-1.8556394518951422f,1.177254708892234f,0.14062325545339585f,1.856722473335804f,-2.244939019545945f,0.36540088703650336f,2.9123853683454923f,-0.03406527787505872f,0.15425779570198442f,2.4574057529486337f,0f,0f,0f,1f], start_interpolation: 0, interpolation_duration: 1 }
$data merge entity $(bone_leftwing1) { transformation: [-0.2259660602642026f,-1.5422270192555743f,1.2531860040260359f,0.8383056184959302f,-0.30973017902704847f,1.2731811245731228f,1.5109854533484404f,-0.09919438150406934f,-1.962907678880632f,-0.02335904768575455f,-0.3826849867484581f,-0.486955765372314f,0f,0f,0f,1f], start_interpolation: 0, interpolation_duration: 1 }
$data merge entity $(bone_leftwing) { transformation: [-0.10053707899728687f,-0.899632427899085f,-0.7359788730189221f,0.6874999999999999f,-0.10053707899728712f,0.7426889893343217f,-0.894100929414218f,-0.25f,1.1579705102482094f,-0.013626111150023488f,-0.14152645548285528f,1.25f,0f,0f,0f,1f], start_interpolation: 0, interpolation_duration: 1 }
$data merge entity $(bone_rightwing20) { transformation: [-0.41661605775759375f,2.281210799315537f,1.8369116638030818f,-1.1772547088922347f,0.4515613582634612f,1.8832470800977443f,-2.236338276320846f,0.36540088703650336f,-2.8938312858998705f,-0.03455192470184472f,-0.613418914248345f,2.4574057529486337f,0f,0f,0f,1f], start_interpolation: 0, interpolation_duration: 1 }
$data merge entity $(bone_rightwing21) { transformation: [-0.25493330745740533f,2.281210799315537f,1.8662321422979813f,-1.1772547088922347f,0.2549333074574066f,1.8832470800977443f,-2.2671844995860533f,0.36540088703650336f,-2.936282365272246f,-0.03455192470184472f,-0.3588706549743827f,2.4574057529486337f,0f,0f,0f,1f], start_interpolation: 0, interpolation_duration: 1 }
$data merge entity $(bone_rightwing22) { transformation: [-0.09131036075452635f,2.281210799315537f,1.8813494673282158f,-1.1772547088922347f,0.05636506024866137f,1.8832470800977443f,-2.280776079845981f,0.36540088703650336f,-2.9563865628691324f,-0.03455192470184472f,-0.10159117332403936f,2.4574057529486337f,0f,0f,0f,1f], start_interpolation: 0, interpolation_duration: 1 }
$data merge entity $(bone_rightwing23) { transformation: [0.07197923809842036f,2.2490810697477124f,1.8556394518951422f,-1.1772547088922347f,-0.14062325545339585f,1.856722473335804f,-2.244939019545945f,0.36540088703650336f,-2.9123853683454923f,-0.03406527787505817f,0.1542577957019849f,2.4574057529486337f,0f,0f,0f,1f], start_interpolation: 0, interpolation_duration: 1 }
$data merge entity $(bone_rightwing1) { transformation: [-0.22596606026420307f,1.5422270192555743f,-1.2531860040260356f,-0.83830561849593f,0.30973017902704847f,1.2731811245731228f,1.5109854533484404f,-0.09919438150406934f,1.962907678880632f,-0.023359047685754177f,-0.3826849867484584f,-0.486955765372314f,0f,0f,0f,1f], start_interpolation: 0, interpolation_duration: 1 }
$data merge entity $(bone_rightwing) { transformation: [-0.10053707899728657f,0.899632427899085f,0.7359788730189221f,-0.6875000000000001f,0.10053707899728712f,0.7426889893343217f,-0.894100929414218f,-0.25f,-1.1579705102482094f,-0.01362611115002327f,-0.14152645548285508f,1.25f,0f,0f,0f,1f], start_interpolation: 0, interpolation_duration: 1 }
$data merge entity $(bone_head) { transformation: [-1.2269070000000002f,-6.713429896669964e-18f,1.501027170482826e-16f,-4.138820934735957e-16f,0f,1.225681699840231f,0.05481931526170745f,-0.19343435047336413f,-1.5025277304014817e-16f,0.05481931526170745f,-1.225681699840231f,3.379603766259435f,0f,0f,0f,1f], start_interpolation: 0, interpolation_duration: 1 }
$data merge entity $(bone_neck4) { transformation: [-1.0497600000000002f,5.52225457830791e-17f,1.1609377294084184e-16f,-4.0490052810907185e-16f,0f,0.9479775966562018f,-0.4509263064381271f,-0.19199294473024076f,-1.2855852238729257e-16f,-0.4509263064381271f,-0.9479775966562018f,3.3062637193922306f,0f,0f,0f,1f], start_interpolation: 0, interpolation_duration: 1 }
$data merge entity $(bone_neck3) { transformation: [-1.1664000000000003f,7.455203396891611e-17f,1.2184441103609208e-16f,-3.515935982807816e-16f,0f,0.9949351202397694f,-0.6087635555069603f,-0.4583270002645359f,-1.428428026525473e-16f,-0.6087635555069603f,-0.9949351202397694f,2.8709796042873315f,0f,0f,0f,1f], start_interpolation: 0, interpolation_duration: 1 }
$data merge entity $(bone_neck2) { transformation: [-1.2960000000000003f,9.190566589336826e-17f,1.2939688500056856e-16f,-3.1924437703063943e-16f,0f,1.0566057502510904f,-0.7504667138097006f,-0.645943678716961f,-1.58714225169497e-16f,-0.7504667138097006f,-1.0566057502510904f,2.6068281667245587f,0f,0f,0f,1f], start_interpolation: 0, interpolation_duration: 1 }
$data merge entity $(bone_neck1) { transformation: [-1.4400000000000002f,8.764926385274634e-17f,1.5302491757667424e-16f,-2.8098814763647086e-16f,0f,1.24954327797383f,-0.7157105535552877f,-0.8248713171057829f,-1.7634913907721887e-16f,-0.7157105535552877f,-1.24954327797383f,2.2944423472311013f,0f,0f,0f,1f], start_interpolation: 0, interpolation_duration: 1 }
$data merge entity $(bone_neck0) { transformation: [-1.6f,5.40080631207423e-17f,1.883533369868702e-16f,-2.372753173347997e-16f,0f,1.5380217146528217f,-0.4410093029136631f,-1.03125f,-1.9594348786357652e-16f,-0.4410093029136631f,-1.5380217146528217f,1.9375f,0f,0f,0f,1f], start_interpolation: 0, interpolation_duration: 1 }
$data merge entity $(bone_frontlegl) { transformation: [-0.9659258262890683f,-0.20427072873479607f,0.15893636301971956f,0.4355372738889055f,-6.938893903907228e-18f,0.6140829511088075f,0.7892414897593119f,-0.8155214507345027f,-0.25881904510252085f,0.7623487381373785f,-0.5931585819598044f,1.444824553238068f,0f,0f,0f,1f], start_interpolation: 0, interpolation_duration: 1 }
$data merge entity $(bone_frontlegtipleft) { transformation: [-0.9659258262890683f,0.20828335489004723f,0.15364030129991083f,0.9608879897147724f,-6.938893903907228e-18f,0.5936205399376708f,-0.8047450866977122f,-1.3528472046823679f,-0.25881904510252085f,-0.7773240628205556f,-0.5733934105414576f,0.45011481627232225f,0f,0f,0f,1f], start_interpolation: 0, interpolation_duration: 1 }
$data merge entity $(bone_frontfootleftd) { transformation: [-0.9659258262890681f,-0.08374795375678462f,0.2448950353709362f,0.5914075664381512f,1.2293806200888758e-16f,0.9462017575790487f,0.3235772457301644f,-2.633695857936124f,-0.25881904510252063f,0.3125516184502496f,-0.9139607145257116f,1.7881565473741736f,0f,0f,0f,1f], start_interpolation: 0, interpolation_duration: 1 }
$data merge entity $(bone_frontfootleft) { transformation: [0.9659258262890683f,0.17356838756809678f,0.19199300233287572f,0.6755181194347926f,-3.2093272873485386e-17f,-0.7418039976804078f,0.6706167527175009f,-2.286387677350714f,0.25881904510252074f,-0.6477660409919437f,-0.7165276394039822f,1.5151296711065467f,0f,0f,0f,1f], start_interpolation: 0, interpolation_duration: 1 }
$data merge entity $(bone_frontlegr) { transformation: [-0.9659258262890683f,0.11750491863251109f,-0.2306076585999423f,-0.8745900860900379f,-1.3877787807814457e-17f,0.8909995727269471f,0.4540041424925524f,-0.8849971398060039f,0.25881904510252063f,0.43853432647577867f,-0.8606394985094831f,1.5640294204717333f,0f,0f,0f,1f], start_interpolation: 0, interpolation_duration: 1 }
$data merge entity $(bone_frontlegtipright) { transformation: [-0.9659258262890683f,-0.25107219323401997f,-0.06284943828260939f,-0.8222638527975694f,-1.3877787807814457e-17f,0.24283158241973313f,-0.970068462831118f,-1.8270924138083373f,0.25881904510252063f,-0.937014181517114f,-0.23455729689786287f,0.7933877553988586f,0f,0f,0f,1f], start_interpolation: 0, interpolation_duration: 1 }
$data merge entity $(bone_frontfootrightd) { transformation: [-0.9659258262890681f,0.10740339166546958f,-0.2354820790772291f,-0.37813080508464525f,1.834925813411001e-16f,0.9098328872357613f,0.41497483936286805f,-2.415115093042321f,0.25881904510252074f,0.4008349146007517f,-0.8788310833881715f,2.4917928357524586f,0f,0f,0f,1f], start_interpolation: 0, interpolation_duration: 1 }
$data merge entity $(bone_frontfootright) { transformation: [0.9659258262890683f,-0.07567515521444801f,-0.24750872508065214f,-0.4770327249135666f,-6.637957375272971e-17f,-0.9563002791491314f,0.2923863473202765f,-2.223768219680615f,-0.25881904510252074f,-0.28242352413098076f,-0.9237151373175914f,2.0818078650162666f,0f,0f,0f,1f], start_interpolation: 0, interpolation_duration: 1 }
$data merge entity $(bone_rearlegl) { transformation: [-1.0464196451464907f,-0.18302063022652035f,-0.21241583338840572f,-0.03442007250553902f,0f,0.8207117575303077f,-0.7071374139179912f,-0.6622264153952084f,0.280387298861064f,-0.6830422908386504f,-0.792746682537616f,-1.5297180862003301f,0f,0f,0f,1f], start_interpolation: 0, interpolation_duration: 1 }
$data merge entity $(bone_rearfootleftd) { transformation: [-0.9659258262890683f,-0.03111838519485166f,-0.256941519047906f,0.8754396362950897f,0f,0.9927457963772686f,-0.1202322077284746f,-2.6157081315121573f,0.25881904510252063f,-0.11613539459668565f,-0.9589188036607121f,-0.7903714474914978f,0f,0f,0f,1f], start_interpolation: 0, interpolation_duration: 1 }
$data merge entity $(bone_rearfootleft) { transformation: [-0.9659258262890683f,0.15070284568086983f,-0.2104185125208059f,0.7496147646471444f,0f,0.8129947022927049f,0.5822710829536327f,-2.1137724241949467f,0.25881904510252063f,0.5624306769262184f,-0.785292579580716f,-1.2599562613374626f,0f,0f,0f,1f], start_interpolation: 0, interpolation_duration: 1 }
$data merge entity $(bone_rearlegtipleft) { transformation: [-0.9659258262890683f,0.22575119573065458f,-0.12658473736576736f,0.9229071423200926f,0f,0.4890858681424545f,0.8722356410875112f,-1.6792012836204615f,0.25881904510252063f,0.8425149323362295f,-0.4724206713118066f,-0.3717388467253378f,0f,0f,0f,1f], start_interpolation: 0, interpolation_duration: 1 }
$data merge entity $(bone_rearlegr) { transformation: [-1.0464196451464907f,0.02444164014987974f,0.27931996632784334f,-1.3046357606788588f,0f,1.0792094770970269f,-0.0944352458305306f,-0.5282268457862911f,-0.2803872988610642f,-0.09121744285966656f,-1.042436305903939f,-1.861342688439956f,0f,0f,0f,1f], start_interpolation: 0, interpolation_duration: 1 }
$data merge entity $(bone_rearfootrightd) { transformation: [-0.9659258262890683f,-0.06293387730099816f,0.25105104101684905f,-0.5731972460820368f,0f,0.9699867369397224f,0.24315782973416578f,-2.879275795809989f,-0.25881904510252085f,0.23487242760463084f,-0.9369352403679385f,-1.9348123652330675f,0f,0f,0f,1f], start_interpolation: 0, interpolation_duration: 1 }
$data merge entity $(bone_rearfootright) { transformation: [-0.9659258262890683f,-0.22680896726827868f,0.12467955114804359f,-0.5158311755762917f,0f,0.48172479385609646f,0.8763225564735289f,-2.2165884390024257f,-0.25881904510252085f,0.8464625894574422f,-0.465310419549381f,-2.1489054549910866f,0f,0f,0f,1f], start_interpolation: 0, interpolation_duration: 1 }
$data merge entity $(bone_rearlegtipright) { transformation: [-0.9659258262890683f,-0.254526962005725f,0.046939575199579184f,-0.8336622251750572f,0f,0.18136059184124545f,0.9834166643529044f,-2.096691388683237f,-0.25881904510252085f,0.9499075541015186f,-0.17518087953052947f,-1.2042252862378178f,0f,0f,0f,1f], start_interpolation: 0, interpolation_duration: 1 }
$data merge entity $(bone_tail11) { transformation: [-0.2855241337506726f,-0.051454173038928755f,0.046219968360581995f,-0.17851633563643537f,-0.01985999711581034f,0.24909786388804758f,0.1589712079010429f,-2.6220868156734993f,-0.07863996068586829f,0.1845979310744303f,-0.2628619835287222f,-7.86638667487998f,0f,0f,0f,1f], start_interpolation: 0, interpolation_duration: 1 }
$data merge entity $(bone_tail10) { transformation: [-0.3814553457871769f,-0.05340569832143002f,0.07124482722259341f,-0.21859155094914418f,-0.027862015156507883f,0.3705556983591538f,0.13361046459911527f,-2.697242702010502f,-0.10075641960232871f,0.16319868662579f,-0.3970225273017273f,-7.643061503272758f,0f,0f,0f,1f], start_interpolation: 0, interpolation_duration: 1 }
$data merge entity $(bone_tail9) { transformation: [-0.48087286207595825f,-0.04587814614563224f,0.08000318385135062f,-0.2635933418655289f,-0.0375934259987964f,0.48837649673380845f,0.061079585015317496f,-2.731599968581618f,-0.10220373124606072f,0.09163740803640533f,-0.5337851621378733f,-7.342807349570204f,0f,0f,0f,1f], start_interpolation: 0, interpolation_duration: 1 }
$data merge entity $(bone_tail8) { transformation: [-0.5716672571417608f,-0.03264441645462694f,0.06290092873021164f,-0.29897511427627294f,-0.04038071069717371f,0.5766595600728214f,-0.05543205331909025f,-2.70041943858963f,-0.07458252335304288f,-0.028692696816506852f,-0.6434722621904938f,-6.980854202088052f,0f,0f,0f,1f], start_interpolation: 0, interpolation_duration: 1 }
$data merge entity $(bone_tail7) { transformation: [-0.6769623948576717f,-0.02201412518963238f,0.022617099746359937f,-0.3116972328836004f,-0.029704025684057174f,0.649614350810553f,-0.2094908750013848f,-2.582580821401351f,-0.024745377356422096f,-0.1919283837060647f,-0.7378877459560637f,-6.565792344987766f,0f,0f,0f,1f], start_interpolation: 0, interpolation_duration: 1 }
$data merge entity $(bone_tail6) { transformation: [-0.7966167477427621f,-0.021991111479012965f,-0.02432766683956593f,-0.2980129202863446f,-0.011104858067074997f,0.7230673562845784f,-0.3508494648969042f,-2.3852279973968424f,0.027333130895595914f,-0.3431067104701693f,-0.8288342452038742f,-6.099573082060587f,0f,0f,0f,1f], start_interpolation: 0, interpolation_duration: 1 }
$data merge entity $(bone_tail5) { transformation: [-0.8832874605778839f,-0.02612989587377362f,-0.06247255663631699f,-0.26287210717841625f,0.006152968252114633f,0.7765437310103069f,-0.441053825292026f,-2.137135220670078f,0.06783012178606417f,-0.43993158873801463f,-0.8923139090859825f,-5.5976465081997215f,0f,0f,0f,1f], start_interpolation: 0, interpolation_duration: 1 }
$data merge entity $(bone_tail4) { transformation: [-0.9793068786314815f,-0.025992752198382884f,-0.09565295673303817f,-0.20906731901608228f,0.018382849380669374f,0.8832854721790385f,-0.4518224643667105f,-1.8829850844638034f,0.10118365857841981f,-0.44531514869930094f,-1.009488583304311f,-5.029809180091046f,0f,0f,0f,1f], start_interpolation: 0, interpolation_duration: 1 }
$data merge entity $(bone_tail3) { transformation: [-1.087596331359801f,-0.023919769587264838f,-0.11266878251566449f,-0.14569112885102098f,0.02258891228297788f,1.0036589199735007f,-0.4558577448591008f,-1.6265651029805592f,0.11785100986736442f,-0.4422326984622551f,-1.1428518757116075f,-4.386955000003267f,0f,0f,0f,1f], start_interpolation: 0, interpolation_duration: 1 }
$data merge entity $(bone_tail2) { transformation: [-1.2097850638915257f,-0.020428796867394034f,-0.11273495797515909f,-0.082277714989994f,0.020019274850158943f,1.138593801154358f,-0.4516670243000851f,-1.3725024018117613f,0.11639993647729766f,-0.4287353729264311f,-1.2937194097836024f,-3.659237831999991f,0f,0f,0f,1f], start_interpolation: 0, interpolation_duration: 1 }
$data merge entity $(bone_tail1) { transformation: [-1.346821607139705f,-0.01631513125546727f,-0.0943382480296882f,-0.029212450473294405f,0.011873342540253773f,1.2889335930075434f,-0.43743384916634764f,-1.1264458616556907f,0.09467854693674602f,-0.40283879088307645f,-1.4624374842909817f,-2.836616747086314f,0f,0f,0f,1f], start_interpolation: 0, interpolation_duration: 1 }
$data merge entity $(bone_tail0) { transformation: [-1.4990864186410968f,-0.012663021806844126f,-0.057561254977787885f,2.4492935982947064e-16f,0f,1.455444824134025f,-0.41126160999499484f,-0.53125f,0.0523441443316263f,-0.36265687885409903f,-1.6484994965330462f,-2f,0f,0f,0f,1f], start_interpolation: 0, interpolation_duration: 1 }