# This file was generated by Animated Java via MC-Build. It is not recommended to edit this file directly.
$data merge entity $(bone_leftwing20) { transformation: [-0.4506836906714191f,-1.8953046550285837f,-2.2263064898393665f,1.299745224414496f,-0.4176734816264507f,2.2712311851635074f,-1.8489980739302896f,0.24355668700880312f,2.893815679137139f,0.032638616374824216f,-0.6135973003626317f,2.4574618672204216f,0f,0f,0f,1f], start_interpolation: 0, interpolation_duration: 1 }
$data merge entity $(bone_leftwing21) { transformation: [-0.254919627233443f,-1.8952029492435742f,-2.256993272100952f,1.299745224414496f,-0.2549196272334431f,2.2711093064196275f,-1.8782639237936352f,0.24355668700880312f,2.936124798570672f,0.0326368649223117f,-0.3590304551785517f,2.4574618672204216f,0f,0f,0f,1f], start_interpolation: 0, interpolation_duration: 1 }
$data merge entity $(bone_leftwing22) { transformation: [-0.05735018292192331f,-1.898862488893685f,-2.2750068961732284f,1.299745224414496f,-0.09042235817339206f,2.27549470195729f,-1.8969902032828498f,0.24355668700880312f,2.9619518778173335f,0.03269988503384444f,-0.10196059953525485f,2.4574618672204216f,0f,0f,0f,1f], start_interpolation: 0, interpolation_duration: 1 }
$data merge entity $(bone_leftwing23) { transformation: [0.13889922880180297f,-1.8686102232676176f,-2.2351615785402297f,1.299745224414496f,0.07405636496110281f,2.239242013541486f,-1.8674194237085204f,0.24355668700880312f,2.9124160251398594f,0.032178917552643585f,0.1540839323814388f,2.4574618672204216f,0f,0f,0f,1f], start_interpolation: 0, interpolation_duration: 1 }
$data merge entity $(bone_leftwing1) { transformation: [-0.3076264039457104f,-1.2813327245263664f,1.5045106994146866f,0.8383056184959305f,-0.22850071234191496f,1.5354802378570191f,1.2609868609980794f,-0.09919438150406934f,-1.9629450883951567f,0.02206554346466989f,-0.38256985210147015f,-0.48695576537231355f,0f,0f,0f,1f], start_interpolation: 0, interpolation_duration: 1 }
$data merge entity $(bone_leftwing) { transformation: [-0.10053707899728713f,-0.7474440893070471f,-0.8901296198968797f,0.6874999999999999f,-0.10053707899728712f,0.8956968054165946f,-0.7407635517655493f,-0.25f,1.1579705102482092f,0.012871567021057436f,-0.14159707365986038f,1.25f,0f,0f,0f,1f], start_interpolation: 0, interpolation_duration: 1 }
$data merge entity $(bone_rightwing20) { transformation: [-0.45068369067141856f,1.8953046550285837f,2.226306489839367f,-1.2997452244144965f,0.4176734816264507f,2.2712311851635074f,-1.8489980739302896f,0.24355668700880312f,-2.8938156791371394f,0.032638616374824674f,-0.6135973003626312f,2.4574618672204216f,0f,0f,0f,1f], start_interpolation: 0, interpolation_duration: 1 }
$data merge entity $(bone_rightwing21) { transformation: [-0.25493330745740594f,1.8953046550285837f,2.2571143933099456f,-1.2997452244144965f,0.25493330745740667f,2.2712311851635074f,-1.8783647205483576f,0.24355668700880312f,-2.9362823652722456f,0.032638616374824674f,-0.3590497224946456f,2.4574618672204216f,0f,0f,0f,1f], start_interpolation: 0, interpolation_duration: 1 }
$data merge entity $(bone_rightwing22) { transformation: [-0.05724272784070281f,1.8953046550285837f,2.2707442933645017f,-1.2997452244144965f,0.09025293688567204f,2.2712311851635074f,-1.8934358774554239f,0.24355668700880312f,-2.9564021696318616f,0.032638616374824674f,-0.10176955943832555f,2.4574618672204216f,0f,0f,0f,1f], start_interpolation: 0, interpolation_duration: 1 }
$data merge entity $(bone_rightwing23) { transformation: [0.1388992288018036f,1.8686102232676176f,2.2351615785402297f,-1.2997452244144965f,-0.07405636496110281f,2.239242013541486f,-1.8674194237085204f,0.24355668700880312f,-2.9124160251398594f,0.03217891755264404f,0.1540839323814394f,2.4574618672204216f,0f,0f,0f,1f], start_interpolation: 0, interpolation_duration: 1 }
$data merge entity $(bone_rightwing1) { transformation: [-0.30762640394571084f,1.2813327245263664f,-1.5045106994146866f,-0.8383056184959303f,0.22850071234191496f,1.5354802378570191f,1.2609868609980794f,-0.09919438150406934f,1.9629450883951567f,0.0220655434646702f,-0.38256985210147054f,-0.48695576537231355f,0f,0f,0f,1f], start_interpolation: 0, interpolation_duration: 1 }
$data merge entity $(bone_rightwing) { transformation: [-0.10053707899728684f,0.7474440893070471f,0.8901296198968797f,-0.6875000000000001f,0.10053707899728712f,0.8956968054165946f,-0.7407635517655493f,-0.25f,-1.1579705102482092f,0.012871567021057618f,-0.14159707365986016f,1.25f,0f,0f,0f,1f], start_interpolation: 0, interpolation_duration: 1 }
$data merge entity $(bone_head) { transformation: [-1.2269070000000002f,3.0681895161441186e-18f,1.502214432740789e-16f,-4.199283869744922e-16f,0f,1.2266511730457215f,-0.02505366868455699f,-0.293406488541886f,-1.5025277304014817e-16f,-0.02505366868455699f,-1.2266511730457215f,3.4289754994408406f,0f,0f,0f,1f], start_interpolation: 0, interpolation_duration: 1 }
$data merge entity $(bone_neck4) { transformation: [-1.0497600000000002f,6.265988986998785e-17f,1.1225431786744329e-16f,-4.109543705493399e-16f,0f,0.9166260667614459f,-0.5116568296558166f,-0.29674047580907936f,-1.2855852238729257e-16f,-0.5116568296558166f,-0.9166260667614459f,3.355697094341506f,0f,0f,0f,1f], start_interpolation: 0, interpolation_duration: 1 }
$data merge entity $(bone_neck3) { transformation: [-1.1664000000000003f,8.097402582967992e-17f,1.1767443822074911e-16f,-3.594718038277622e-16f,0f,0.9608847081679276f,-0.6612030986081634f,-0.5860168314501508f,-1.428428026525473e-16f,-0.6612030986081634f,-0.9608847081679276f,2.9353100345180376f,0f,0f,0f,1f], start_interpolation: 0, interpolation_duration: 1 }
$data merge entity $(bone_neck2) { transformation: [-1.2960000000000003f,8.200762085253991e-17f,1.3588581748387082e-16f,-3.2550034945679447e-16f,0f,1.1095919050168572f,-0.6696430424644624f,-0.7534275920662664f,-1.58714225169497e-16f,-0.6696430424644624f,-1.1095919050168572f,2.657912058263823f,0f,0f,0f,1f], start_interpolation: 0, interpolation_duration: 1 }
$data merge entity $(bone_neck1) { transformation: [-1.4400000000000002f,5.958807392667807e-17f,1.6597674625978494e-16f,-2.840061628918482e-16f,0f,1.355302985116561f,-0.48657354894623994f,-0.8750709793028264f,-1.7634913907721887e-16f,-0.48657354894623994f,-1.355302985116561f,2.319086311984683f,0f,0f,0f,1f], start_interpolation: 0, interpolation_duration: 1 }
$data merge entity $(bone_neck0) { transformation: [-1.6f,2.8023350173417627e-17f,1.9392921977154854e-16f,-2.372753173347997e-16f,0f,1.5835522528337935f,-0.2288280195802461f,-1.03125f,-1.9594348786357652e-16f,-0.2288280195802461f,-1.5835522528337935f,1.9375f,0f,0f,0f,1f], start_interpolation: 0, interpolation_duration: 1 }
$data merge entity $(bone_frontlegl) { transformation: [-0.9659258262890683f,-0.13367578682172326f,0.2216259960504947f,0.4415423390222441f,0f,0.8562970934488472f,0.5164835793624576f,-0.8094026203242642f,-0.2588190451025208f,0.49888482816041757f,-0.8271194775385053f,1.4224133450576881f,0f,0f,0f,1f], start_interpolation: 0, interpolation_duration: 1 }
$data merge entity $(bone_frontlegtipleft) { transformation: [-0.9659258262890683f,0.2290917271479146f,0.12043371064683743f,0.8891242914683547f,0f,0.46532012587842014f,-0.8851424633653563f,-1.6799954076496373f,-0.2588190451025208f,-0.8549819653097231f,-0.44946472707804636f,0.7179405842669944f,0f,0f,0f,1f], start_interpolation: 0, interpolation_duration: 1 }
$data merge entity $(bone_frontfootleftd) { transformation: [-0.9659258262890683f,-0.08348210279154727f,0.24498578861085427f,0.45911275325035783f,1.7036601051079431e-16f,0.946552401172074f,0.32255007647709777f,-2.6581785737460493f,-0.25881904510252063f,0.31155944914074307f,-0.914299410228037f,2.281887511768851f,0f,0f,0f,1f], start_interpolation: 0, interpolation_duration: 1 }
$data merge entity $(bone_frontfootleft) { transformation: [0.9659258262890683f,0.09316000091425304f,0.2414715559593656f,0.5705472314462854f,-5.610959326235283e-17f,-0.9329744488614289f,0.35994260344076134f,-2.436372972759292f,0.2588190451025207f,-0.3476778566451559f,-0.9011841154230638f,1.9068863583952764f,0f,0f,0f,1f], start_interpolation: 0, interpolation_duration: 1 }
$data merge entity $(bone_frontlegr) { transformation: [-0.9659258262890683f,0.21705487391185432f,-0.14097687689436733f,-0.874817029634155f,3.469446951953614e-18f,0.5446928252073763f,0.8386356337335104f,-0.8682758011022558f,0.25881904510252063f,0.8100598174694974f,-0.5261328672621621f,1.5631824556346388f,0f,0f,0f,1f], start_interpolation: 0, interpolation_duration: 1 }
$data merge entity $(bone_frontlegtipright) { transformation: [-0.9659258262890683f,-0.1887090497987532f,-0.1771332623530439f,-0.9194709212399245f,3.469446951953614e-18f,0.6843903712065694f,-0.7291157794203428f,-1.3198008213103078f,0.25881904510252063f,-0.7042717616969928f,-0.6610703348119878f,0.4306060371171642f,0f,0f,0f,1f], start_interpolation: 0, interpolation_duration: 1 }
$data merge entity $(bone_frontfootrightd) { transformation: [-0.9659258262890683f,0.0740570324063346f,-0.24799768962421365f,-0.6083729382251208f,1.1206521714022442e-16f,0.9581894930721939f,0.2861344008784199f,-2.6921861129161537f,0.25881904510252085f,0.2763846075982151f,-0.9255399778372623f,1.6325174968291651f,0f,0f,0f,1f], start_interpolation: 0, interpolation_duration: 1 }
$data merge entity $(bone_frontfootright) { transformation: [0.9659258262890683f,-0.18927694489159957f,-0.17652630466953934f,-0.6679009952307133f,-2.8538761854358584e-17f,-0.6820452667987226f,0.7313099575675552f,-2.3156898830425154f,-0.25881904510252074f,-0.7063911750368641f,-0.6588051378991042f,1.369477782639884f,0f,0f,0f,1f], start_interpolation: 0, interpolation_duration: 1 }
$data merge entity $(bone_rearlegl) { transformation: [-1.0464196451464907f,-0.02689411113936687f,-0.27909450755725557f,-0.019651562779363863f,0f,1.0783383712999315f,-0.10391086609841198f,-0.5331363233495945f,0.280387298861064f,-0.10037018919652133f,-1.0415948823170944f,-1.4746012575501695f,0f,0f,0f,1f], start_interpolation: 0, interpolation_duration: 1 }
$data merge entity $(bone_rearfootleftd) { transformation: [-0.9659258262890683f,0.09908908727679619f,-0.23909966727377951f,0.5753502785036708f,0f,0.9238101747074676f,0.38285083401627606f,-2.8405857499257596f,0.25881904510252063f,0.36980550819263047f,-0.8923321063385594f,-1.9103201775797884f,0f,0f,0f,1f], start_interpolation: 0, interpolation_duration: 1 }
$data merge entity $(bone_rearfootleft) { transformation: [-0.9659258262890683f,0.22993615614232316f,-0.11881356070025759f,0.5224079750400341f,0f,0.459060347174971f,0.8884050864620233f,-2.172424709586247f,0.25881904510252063f,0.8581334172202412f,-0.44341824516153044f,-2.1079035439758105f,0f,0f,0f,1f], start_interpolation: 0, interpolation_duration: 1 }
$data merge entity $(bone_rearlegtipleft) { transformation: [-0.9659258262890683f,0.2567805973256869f,-0.03241948403111987f,0.7208444259745993f,0f,0.12525926760249892f,0.9921240425872592f,-2.109173194645452f,0.25881904510252063f,0.9583182356173492f,-0.1209911615593073f,-1.1258471704420974f,0f,0f,0f,1f], start_interpolation: 0, interpolation_duration: 1 }
$data merge entity $(bone_rearlegr) { transformation: [-1.0464196451464907f,0.16080881596247862f,0.22969014360949278f,-1.2911500749607403f,0f,0.887454567025816f,-0.6213175537324953f,-0.6522849054535207f,-0.28038729886106417f,-0.6001466714769632f,-0.8572152859484188f,-1.9116719527148809f,0f,0f,0f,1f], start_interpolation: 0, interpolation_duration: 1 }
$data merge entity $(bone_rearfootrightd) { transformation: [-0.9659258262890683f,0.04952529416515983f,0.2540365000263448f,-0.8370281556471315f,0f,0.9815216647821199f,-0.19135104275476467f,-2.7427151708109023f,-0.2588190451025208f,-0.1848309140841709f,-0.9480771250752913f,-0.9501820061290249f,0f,0f,0f,1f], start_interpolation: 0, interpolation_duration: 1 }
$data merge entity $(bone_rearfootright) { transformation: [-0.9659258262890683f,-0.15959930557701762f,0.20375318345271187f,-0.7168977552205194f,0f,0.7872418483423551f,0.6166443644585688f,-2.220366939202842f,-0.2588190451025208f,0.5956327172661406f,-0.7604172328494229f,-1.3985147640547355f,0f,0f,0f,1f], start_interpolation: 0, interpolation_duration: 1 }
$data merge entity $(bone_rearlegtipright) { transformation: [-0.9659258262890683f,-0.22548199946168543f,0.12706362983380096f,-1.010691595689884f,0f,0.49093616655400985f,0.8711955465733588f,-1.7838804943096669f,-0.2588190451025208f,0.8415102781832282f,-0.4742079223338697f,-0.5435426810445481f,0f,0f,0f,1f], start_interpolation: 0, interpolation_duration: 1 }
$data merge entity $(bone_tail11) { transformation: [-0.2862871502435304f,0.05316410673467371f,-0.038971723335999735f,0.0036268817198647427f,0.011639761612417835f,0.21097561239172635f,0.20588814621403487f,-1.6926106036352815f,0.07643564614983972f,0.23344085591613814f,-0.22293991933463086f,-8.061657219761758f,0f,0f,0f,1f], start_interpolation: 0, interpolation_duration: 1 }
$data merge entity $(bone_tail10) { transformation: [-0.38034188518631123f,0.05897498850380476f,-0.07276049575517861f,0.04455466058215271f,0.011286795382482562f,0.33080099281602465f,0.21254221850726038f,-1.8121656015456153f,0.1089442308772253f,0.24504902905470496f,-0.3517207119291283f,-7.863814319301622f,0f,0f,0f,1f], start_interpolation: 0, interpolation_duration: 1 }
$data merge entity $(bone_tail9) { transformation: [-0.47706622829199435f,0.05353889474113409f,-0.09632776895072473f,0.09873903061693537f,0.01697468549373451f,0.45913157714785435f,0.17514867966982778f,-1.9106867338598934f,0.12810010858075016f,0.20982267571938606f,-0.4952064085446677f,-7.585260714495247f,0f,0f,0f,1f], start_interpolation: 0, interpolation_duration: 1 }
$data merge entity $(bone_tail8) { transformation: [-0.5667296155266851f,0.03800324885966206f,-0.09586499178630115f,0.15266308849672977f,0.024378241446172552f,0.5712254177727071f,0.08793654525139175f,-1.9601510405638012f,0.1195920117839233f,0.12010040391202301f,-0.6279640168869329f,-7.232030954996347f,0f,0f,0f,1f], start_interpolation: 0, interpolation_duration: 1 }
$data merge entity $(bone_tail7) { transformation: [-0.6738102758566307f,0.019807046354192982f,-0.06963764024522094f,0.19183426113466653f,0.025525375179270282f,0.6786949445956366f,-0.043258110898340044f,-1.935818353183485f,0.08422804984719072f,-0.018391282555637253f,-0.7603451289441465f,-6.804336819965265f,0f,0f,0f,1f], start_interpolation: 0, interpolation_duration: 1 }
$data merge entity $(bone_tail6) { transformation: [-0.7966623005678222f,0.011046337127015277f,-0.02939244109352964f,0.20836750924977696f,0.018376691812350576f,0.7823893229868959f,-0.16901717072033387f,-1.840746194653297f,0.03783427024841356f,-0.15247614005763216f,-0.8864420745175313f,-6.305713153049154f,0f,0f,0f,1f], start_interpolation: 0, interpolation_duration: 1 }
$data merge entity $(bone_tail5) { transformation: [-0.8857489481049708f,0.009612322790653553f,0.010855145585068844f,0.20226148985817574f,0.007517191263332798f,0.8514395491199314f,-0.2576792201638257f,-1.695801633311145f,-0.006523349934271512f,-0.24794071075921276f,-0.969046282545063f,-5.760624619117555f,0f,0f,0f,1f], start_interpolation: 0, interpolation_duration: 1 }
$data merge entity $(bone_tail4) { transformation: [-0.9829055185826266f,0.01041620227774999f,0.05127880536839316f,0.1734171618384546f,-0.0021835104732354825f,0.9520322018394558f,-0.2658427754456676f,-1.546265072122957f,-0.05013504955873471f,-0.2520677917216321f,-1.081303497246872f,-5.15239140191619f,0f,0f,0f,1f], start_interpolation: 0, interpolation_duration: 1 }
$data merge entity $(bone_tail3) { transformation: [-1.0905709278714368f,0.010453973394568895f,0.08152362260712144f,0.12756012412194878f,-0.008546417519448481f,1.063402809218436f,-0.2744570753503696f,-1.3918829672383741f,-0.0825916282398435f,-0.25645999005918424f,-1.205168157978997f,-4.474484313053004f,0f,0f,0f,1f], start_interpolation: 0, interpolation_duration: 1 }
$data merge entity $(bone_tail2) { transformation: [-1.2116787902188884f,0.009965267173867228f,0.0916639701691189f,0.07599914090181939f,-0.009703190894128149f,1.1869123102270902f,-0.283393729966767f,-1.2324739941320677f,-0.09275098213097091f,-0.2605409273675185f,-1.3439719526724807f,-3.718500089674734f,0f,0f,0f,1f], start_interpolation: 0, interpolation_duration: 1 }
$data merge entity $(bone_tail1) { transformation: [-1.3475666613940058f,0.00928707987577872f,0.08380705112813813f,0.02885767464224169f,-0.006834178106466305f,1.3241039047956258f,-0.2918559731714181f,-1.068305009223145f,-0.08278268523007751f,-0.2632924096054472f,-1.4994000766096436f,-2.8750875465818093f,0f,0f,0f,1f], start_interpolation: 0, interpolation_duration: 1 }
$data merge entity $(bone_tail0) { transformation: [-1.4991850576550374f,0.008679417965486486f,0.055160051793089894f,2.4492935982947064e-16f,-6.505213034913027e-19f,1.4767031043266305f,-0.29845197002931073f,-0.53125f,-0.049438475945988714f,-0.2631969022915598f,-1.6726875949416875f,-2f,0f,0f,0f,1f], start_interpolation: 0, interpolation_duration: 1 }