# This file was generated by Animated Java via MC-Build. It is not recommended to edit this file directly.
$data merge entity $(bone_leftwing20) {transformation: [-0.4507f,-1.8953f,-2.2263f,1.2997f,-0.4177f,2.2712f,-1.849f,0.3061f,2.8938f,0.0326f,-0.6136f,3.52f,0f,0f,0f,1f],start_interpolation: 0,interpolation_duration: 1}
$data merge entity $(bone_leftwing21) {transformation: [-0.2549f,-1.8952f,-2.257f,1.2997f,-0.2549f,2.2711f,-1.8783f,0.3061f,2.9361f,0.0326f,-0.359f,3.52f,0f,0f,0f,1f],start_interpolation: 0,interpolation_duration: 1}
$data merge entity $(bone_leftwing22) {transformation: [-0.0574f,-1.8989f,-2.275f,1.2997f,-0.0904f,2.2755f,-1.897f,0.3061f,2.962f,0.0327f,-0.102f,3.52f,0f,0f,0f,1f],start_interpolation: 0,interpolation_duration: 1}
$data merge entity $(bone_leftwing23) {transformation: [0.1389f,-1.8686f,-2.2352f,1.2997f,0.0741f,2.2392f,-1.8674f,0.3061f,2.9124f,0.0322f,0.1541f,3.52f,0f,0f,0f,1f],start_interpolation: 0,interpolation_duration: 1}
$data merge entity $(bone_leftwing1) {transformation: [-0.3076f,-1.2813f,1.5045f,0.8383f,-0.2285f,1.5355f,1.261f,-0.0367f,-1.9629f,0.0221f,-0.3826f,0.5755f,0f,0f,0f,1f],start_interpolation: 0,interpolation_duration: 1}
$data merge entity $(bone_leftwing) {transformation: [-0.1005f,-0.7474f,-0.8901f,0.6875f,-0.1005f,0.8957f,-0.7408f,-0.1875f,1.158f,0.0129f,-0.1416f,2.3125f,0f,0f,0f,1f],start_interpolation: 0,interpolation_duration: 1}
$data merge entity $(bone_rightwing20) {transformation: [-0.4507f,1.8953f,2.2263f,-1.2997f,0.4177f,2.2712f,-1.849f,0.3061f,-2.8938f,0.0326f,-0.6136f,3.52f,0f,0f,0f,1f],start_interpolation: 0,interpolation_duration: 1}
$data merge entity $(bone_rightwing21) {transformation: [-0.2549f,1.8953f,2.2571f,-1.2997f,0.2549f,2.2712f,-1.8784f,0.3061f,-2.9363f,0.0326f,-0.359f,3.52f,0f,0f,0f,1f],start_interpolation: 0,interpolation_duration: 1}
$data merge entity $(bone_rightwing22) {transformation: [-0.0572f,1.8953f,2.2707f,-1.2997f,0.0903f,2.2712f,-1.8934f,0.3061f,-2.9564f,0.0326f,-0.1018f,3.52f,0f,0f,0f,1f],start_interpolation: 0,interpolation_duration: 1}
$data merge entity $(bone_rightwing23) {transformation: [0.1389f,1.8686f,2.2352f,-1.2997f,-0.0741f,2.2392f,-1.8674f,0.3061f,-2.9124f,0.0322f,0.1541f,3.52f,0f,0f,0f,1f],start_interpolation: 0,interpolation_duration: 1}
$data merge entity $(bone_rightwing1) {transformation: [-0.3076f,1.2813f,-1.5045f,-0.8383f,0.2285f,1.5355f,1.261f,-0.0367f,1.9629f,0.0221f,-0.3826f,0.5755f,0f,0f,0f,1f],start_interpolation: 0,interpolation_duration: 1}
$data merge entity $(bone_rightwing) {transformation: [-0.1005f,0.7474f,0.8901f,-0.6875f,0.1005f,0.8957f,-0.7408f,-0.1875f,-1.158f,0.0129f,-0.1416f,2.3125f,0f,0f,0f,1f],start_interpolation: 0,interpolation_duration: 1}
$data merge entity $(bone_eyebrow) {transformation: [-0.8923f,0f,0f,0f,0f,0.8921f,-0.0182f,0.2313f,0f,-0.0182f,-0.8921f,6.0957f,0f,0f,0f,1f],start_interpolation: 0,interpolation_duration: 1}
$data merge entity $(bone_head) {transformation: [-1.2269f,0f,0f,0f,0f,1.2267f,-0.0251f,-0.2309f,0f,-0.0251f,-1.2267f,4.4915f,0f,0f,0f,1f],start_interpolation: 0,interpolation_duration: 1}
$data merge entity $(bone_neck4) {transformation: [-1.0498f,0f,0f,0f,0f,0.9166f,-0.5117f,-0.2342f,0f,-0.5117f,-0.9166f,4.4182f,0f,0f,0f,1f],start_interpolation: 0,interpolation_duration: 1}
$data merge entity $(bone_neck3) {transformation: [-1.1664f,0f,0f,0f,0f,0.9609f,-0.6612f,-0.5235f,0f,-0.6612f,-0.9609f,3.9978f,0f,0f,0f,1f],start_interpolation: 0,interpolation_duration: 1}
$data merge entity $(bone_neck2) {transformation: [-1.296f,0f,0f,0f,0f,1.1096f,-0.6696f,-0.6909f,0f,-0.6696f,-1.1096f,3.7204f,0f,0f,0f,1f],start_interpolation: 0,interpolation_duration: 1}
$data merge entity $(bone_neck1) {transformation: [-1.44f,0f,0f,0f,0f,1.3553f,-0.4866f,-0.8126f,0f,-0.4866f,-1.3553f,3.3816f,0f,0f,0f,1f],start_interpolation: 0,interpolation_duration: 1}
$data merge entity $(bone_neck0) {transformation: [-1.6f,0f,0f,0f,0f,1.5836f,-0.2288f,-0.9687f,0f,-0.2288f,-1.5836f,3f,0f,0f,0f,1f],start_interpolation: 0,interpolation_duration: 1}
$data merge entity $(bone_frontlegl) {transformation: [-0.9659f,-0.1337f,0.2216f,0.4415f,0f,0.8563f,0.5165f,-0.7469f,-0.2588f,0.4989f,-0.8271f,2.4849f,0f,0f,0f,1f],start_interpolation: 0,interpolation_duration: 1}
$data merge entity $(bone_frontlegtipleft) {transformation: [-0.9659f,0.2291f,0.1204f,0.8891f,0f,0.4653f,-0.8851f,-1.6175f,-0.2588f,-0.855f,-0.4495f,1.7804f,0f,0f,0f,1f],start_interpolation: 0,interpolation_duration: 1}
$data merge entity $(bone_frontfootleftd) {transformation: [-0.9659f,-0.0835f,0.245f,0.4591f,0f,0.9466f,0.3226f,-2.5957f,-0.2588f,0.3116f,-0.9143f,3.3444f,0f,0f,0f,1f],start_interpolation: 0,interpolation_duration: 1}
$data merge entity $(bone_frontfootleft) {transformation: [0.9659f,0.0932f,0.2415f,0.5705f,0f,-0.933f,0.3599f,-2.3739f,0.2588f,-0.3477f,-0.9012f,2.9694f,0f,0f,0f,1f],start_interpolation: 0,interpolation_duration: 1}
$data merge entity $(bone_frontlegr) {transformation: [-0.9659f,0.2171f,-0.141f,-0.8748f,0f,0.5447f,0.8386f,-0.8058f,0.2588f,0.8101f,-0.5261f,2.6257f,0f,0f,0f,1f],start_interpolation: 0,interpolation_duration: 1}
$data merge entity $(bone_frontlegtipright) {transformation: [-0.9659f,-0.1887f,-0.1771f,-0.9195f,0f,0.6844f,-0.7291f,-1.2573f,0.2588f,-0.7043f,-0.6611f,1.4931f,0f,0f,0f,1f],start_interpolation: 0,interpolation_duration: 1}
$data merge entity $(bone_frontfootrightd) {transformation: [-0.9659f,0.0741f,-0.248f,-0.6084f,0f,0.9582f,0.2861f,-2.6297f,0.2588f,0.2764f,-0.9255f,2.695f,0f,0f,0f,1f],start_interpolation: 0,interpolation_duration: 1}
$data merge entity $(bone_frontfootright) {transformation: [0.9659f,-0.1893f,-0.1765f,-0.6679f,0f,-0.682f,0.7313f,-2.2532f,-0.2588f,-0.7064f,-0.6588f,2.432f,0f,0f,0f,1f],start_interpolation: 0,interpolation_duration: 1}
$data merge entity $(bone_rearlegl) {transformation: [-1.0464f,-0.0269f,-0.2791f,-0.0197f,0f,1.0783f,-0.1039f,-0.4706f,0.2804f,-0.1004f,-1.0416f,-0.4121f,0f,0f,0f,1f],start_interpolation: 0,interpolation_duration: 1}
$data merge entity $(bone_rearfootleftd) {transformation: [-0.9659f,0.0991f,-0.2391f,0.5754f,0f,0.9238f,0.3829f,-2.7781f,0.2588f,0.3698f,-0.8923f,-0.8478f,0f,0f,0f,1f],start_interpolation: 0,interpolation_duration: 1}
$data merge entity $(bone_rearfootleft) {transformation: [-0.9659f,0.2299f,-0.1188f,0.5224f,0f,0.4591f,0.8884f,-2.1099f,0.2588f,0.8581f,-0.4434f,-1.0454f,0f,0f,0f,1f],start_interpolation: 0,interpolation_duration: 1}
$data merge entity $(bone_rearlegtipleft) {transformation: [-0.9659f,0.2568f,-0.0324f,0.7208f,0f,0.1253f,0.9921f,-2.0467f,0.2588f,0.9583f,-0.121f,-0.0633f,0f,0f,0f,1f],start_interpolation: 0,interpolation_duration: 1}
$data merge entity $(bone_rearlegr) {transformation: [-1.0464f,0.1608f,0.2297f,-1.2912f,0f,0.8875f,-0.6213f,-0.5898f,-0.2804f,-0.6001f,-0.8572f,-0.8492f,0f,0f,0f,1f],start_interpolation: 0,interpolation_duration: 1}
$data merge entity $(bone_rearfootrightd) {transformation: [-0.9659f,0.1369f,0.2197f,-0.837f,0f,0.8487f,-0.5289f,-2.6802f,-0.2588f,-0.5108f,-0.8198f,0.1123f,0f,0f,0f,1f],start_interpolation: 0,interpolation_duration: 1}
$data merge entity $(bone_rearfootright) {transformation: [-0.9659f,-0.1596f,0.2038f,-0.7169f,0f,0.7872f,0.6166f,-2.1579f,-0.2588f,0.5956f,-0.7604f,-0.336f,0f,0f,0f,1f],start_interpolation: 0,interpolation_duration: 1}
$data merge entity $(bone_rearlegtipright) {transformation: [-0.9659f,-0.2255f,0.1271f,-1.0107f,0f,0.4909f,0.8712f,-1.7214f,-0.2588f,0.8415f,-0.4742f,0.519f,0f,0f,0f,1f],start_interpolation: 0,interpolation_duration: 1}
$data merge entity $(bone_tail11) {transformation: [-0.2863f,0.0532f,-0.039f,0.0036f,0.0116f,0.211f,0.2059f,-1.6301f,0.0764f,0.2334f,-0.2229f,-6.9992f,0f,0f,0f,1f],start_interpolation: 0,interpolation_duration: 1}
$data merge entity $(bone_tail10) {transformation: [-0.3803f,0.059f,-0.0728f,0.0446f,0.0113f,0.3308f,0.2125f,-1.7497f,0.1089f,0.245f,-0.3517f,-6.8013f,0f,0f,0f,1f],start_interpolation: 0,interpolation_duration: 1}
$data merge entity $(bone_tail9) {transformation: [-0.4771f,0.0535f,-0.0963f,0.0987f,0.017f,0.4591f,0.1751f,-1.8482f,0.1281f,0.2098f,-0.4952f,-6.5228f,0f,0f,0f,1f],start_interpolation: 0,interpolation_duration: 1}
$data merge entity $(bone_tail8) {transformation: [-0.5667f,0.038f,-0.0959f,0.1527f,0.0244f,0.5712f,0.0879f,-1.8977f,0.1196f,0.1201f,-0.628f,-6.1695f,0f,0f,0f,1f],start_interpolation: 0,interpolation_duration: 1}
$data merge entity $(bone_tail7) {transformation: [-0.6738f,0.0198f,-0.0696f,0.1918f,0.0255f,0.6787f,-0.0433f,-1.8733f,0.0842f,-0.0184f,-0.7603f,-5.7418f,0f,0f,0f,1f],start_interpolation: 0,interpolation_duration: 1}
$data merge entity $(bone_tail6) {transformation: [-0.7967f,0.011f,-0.0294f,0.2084f,0.0184f,0.7824f,-0.169f,-1.7782f,0.0378f,-0.1525f,-0.8864f,-5.2432f,0f,0f,0f,1f],start_interpolation: 0,interpolation_duration: 1}
$data merge entity $(bone_tail5) {transformation: [-0.8857f,0.0096f,0.0109f,0.2023f,0.0075f,0.8514f,-0.2577f,-1.6333f,-0.0065f,-0.2479f,-0.969f,-4.6981f,0f,0f,0f,1f],start_interpolation: 0,interpolation_duration: 1}
$data merge entity $(bone_tail4) {transformation: [-0.9829f,0.0104f,0.0513f,0.1734f,-0.0022f,0.952f,-0.2658f,-1.4838f,-0.0501f,-0.2521f,-1.0813f,-4.0899f,0f,0f,0f,1f],start_interpolation: 0,interpolation_duration: 1}
$data merge entity $(bone_tail3) {transformation: [-1.0906f,0.0105f,0.0815f,0.1276f,-0.0085f,1.0634f,-0.2745f,-1.3294f,-0.0826f,-0.2565f,-1.2052f,-3.412f,0f,0f,0f,1f],start_interpolation: 0,interpolation_duration: 1}
$data merge entity $(bone_tail2) {transformation: [-1.2117f,0.01f,0.0917f,0.076f,-0.0097f,1.1869f,-0.2834f,-1.17f,-0.0928f,-0.2605f,-1.344f,-2.656f,0f,0f,0f,1f],start_interpolation: 0,interpolation_duration: 1}
$data merge entity $(bone_tail1) {transformation: [-1.3476f,0.0093f,0.0838f,0.0289f,-0.0068f,1.3241f,-0.2919f,-1.0058f,-0.0828f,-0.2633f,-1.4994f,-1.8126f,0f,0f,0f,1f],start_interpolation: 0,interpolation_duration: 1}
$data merge entity $(bone_tail0) {transformation: [-1.4992f,0.0087f,0.0552f,0f,0f,1.4767f,-0.2985f,-0.4687f,-0.0494f,-0.2632f,-1.6727f,-0.9375f,0f,0f,0f,1f],start_interpolation: 0,interpolation_duration: 1}