# This file was generated by Animated Java via MC-Build. It is not recommended to edit this file directly.
$data merge entity $(bone_leftwing20) {transformation: [-0.417f,-2.2773f,-1.8417f,1.1787f,-0.4512f,1.888f,-2.2324f,0.4267f,2.8938f,-0.0338f,-0.6135f,3.5199f,0f,0f,0f,1f],start_interpolation: 0,interpolation_duration: 1}
$data merge entity $(bone_leftwing21) {transformation: [-0.2549f,-2.2772f,-1.8709f,1.1787f,-0.2549f,1.8879f,-2.2631f,0.4267f,2.9361f,-0.0338f,-0.3589f,3.5199f,0f,0f,0f,1f],start_interpolation: 0,interpolation_duration: 1}
$data merge entity $(bone_leftwing22) {transformation: [-0.0911f,-2.2816f,-1.8896f,1.1787f,-0.0568f,1.8915f,-2.2811f,0.4267f,2.9619f,-0.0339f,-0.1019f,3.5199f,0f,0f,0f,1f],start_interpolation: 0,interpolation_duration: 1}
$data merge entity $(bone_leftwing23) {transformation: [0.0728f,-2.2452f,-1.8603f,1.1787f,0.1399f,1.8614f,-2.2411f,0.4267f,2.9124f,-0.0333f,0.1542f,3.5199f,0f,0f,0f,1f],start_interpolation: 0,interpolation_duration: 1}
$data merge entity $(bone_leftwing1) {transformation: [-0.227f,-1.5396f,1.2562f,0.8383f,-0.3089f,1.2764f,1.5085f,-0.0367f,-1.9629f,-0.0229f,-0.3826f,0.5755f,0f,0f,0f,1f],start_interpolation: 0,interpolation_duration: 1}
$data merge entity $(bone_leftwing) {transformation: [-0.1005f,-0.8981f,-0.7379f,0.6875f,-0.1005f,0.7446f,-0.8925f,-0.1875f,1.158f,-0.0133f,-0.1416f,2.3125f,0f,0f,0f,1f],start_interpolation: 0,interpolation_duration: 1}
$data merge entity $(bone_rightwing20) {transformation: [-0.417f,2.2773f,1.8417f,-1.1787f,0.4512f,1.888f,-2.2324f,0.4267f,-2.8938f,-0.0338f,-0.6135f,3.5199f,0f,0f,0f,1f],start_interpolation: 0,interpolation_duration: 1}
$data merge entity $(bone_rightwing21) {transformation: [-0.2549f,2.2773f,1.871f,-1.1787f,0.2549f,1.888f,-2.2632f,0.4267f,-2.9363f,-0.0338f,-0.3589f,3.5199f,0f,0f,0f,1f],start_interpolation: 0,interpolation_duration: 1}
$data merge entity $(bone_rightwing22) {transformation: [-0.0909f,2.2773f,1.8861f,-1.1787f,0.0567f,1.888f,-2.2769f,0.4267f,-2.9564f,-0.0338f,-0.1017f,3.5199f,0f,0f,0f,1f],start_interpolation: 0,interpolation_duration: 1}
$data merge entity $(bone_rightwing23) {transformation: [0.0728f,2.2452f,1.8603f,-1.1787f,-0.1399f,1.8614f,-2.2411f,0.4267f,-2.9124f,-0.0333f,0.1542f,3.5199f,0f,0f,0f,1f],start_interpolation: 0,interpolation_duration: 1}
$data merge entity $(bone_rightwing1) {transformation: [-0.227f,1.5396f,-1.2562f,-0.8383f,0.3089f,1.2764f,1.5085f,-0.0367f,1.9629f,-0.0229f,-0.3826f,0.5755f,0f,0f,0f,1f],start_interpolation: 0,interpolation_duration: 1}
$data merge entity $(bone_rightwing) {transformation: [-0.1005f,0.8981f,0.7379f,-0.6875f,0.1005f,0.7446f,-0.8925f,-0.1875f,-1.158f,-0.0133f,-0.1416f,2.3125f,0f,0f,0f,1f],start_interpolation: 0,interpolation_duration: 1}
$data merge entity $(bone_eyebrow) {transformation: [-0.8923f,0f,0f,0f,0f,0.8911f,0.0464f,0.1907f,0f,0.0464f,-0.8911f,6.0896f,0f,0f,0f,1f],start_interpolation: 0,interpolation_duration: 1}
$data merge entity $(bone_head) {transformation: [-1.2269f,0f,0f,0f,0f,1.2253f,0.0637f,-0.1543f,0f,0.0637f,-1.2253f,4.4562f,0f,0f,0f,1f],start_interpolation: 0,interpolation_duration: 1}
$data merge entity $(bone_neck4) {transformation: [-1.0498f,0f,0f,0f,0f,0.9512f,-0.444f,-0.1523f,0f,-0.444f,-0.9512f,4.3829f,0f,0f,0f,1f],start_interpolation: 0,interpolation_duration: 1}
$data merge entity $(bone_neck3) {transformation: [-1.1664f,0f,0f,0f,0f,1.0085f,-0.5861f,-0.4087f,0f,-0.5861f,-1.0085f,3.9417f,0f,0f,0f,1f],start_interpolation: 0,interpolation_duration: 1}
$data merge entity $(bone_neck2) {transformation: [-1.296f,0f,0f,0f,0f,1.0768f,-0.7213f,-0.589f,0f,-0.7213f,-1.0768f,3.6725f,0f,0f,0f,1f],start_interpolation: 0,interpolation_duration: 1}
$data merge entity $(bone_neck1) {transformation: [-1.44f,0f,0f,0f,0f,1.2609f,-0.6955f,-0.7629f,0f,-0.6955f,-1.2609f,3.3573f,0f,0f,0f,1f],start_interpolation: 0,interpolation_duration: 1}
$data merge entity $(bone_neck0) {transformation: [-1.6f,0f,0f,0f,0f,1.5387f,-0.4387f,-0.9687f,0f,-0.4387f,-1.5387f,3f,0f,0f,0f,1f],start_interpolation: 0,interpolation_duration: 1}
$data merge entity $(bone_frontlegl) {transformation: [-0.9659f,-0.1934f,0.172f,0.4366f,0f,0.6645f,0.7473f,-0.7513f,-0.2588f,0.7218f,-0.6418f,2.5035f,0f,0f,0f,1f],start_interpolation: 0,interpolation_duration: 1}
$data merge entity $(bone_frontlegtipleft) {transformation: [-0.9659f,0.2208f,0.135f,0.9532f,0f,0.5215f,-0.8533f,-1.3611f,-0.2588f,-0.8242f,-0.5037f,1.5414f,0f,0f,0f,1f],start_interpolation: 0,interpolation_duration: 1}
$data merge entity $(bone_frontfootleftd) {transformation: [-0.9659f,-0.0907f,0.2424f,0.5581f,0f,0.9367f,0.3503f,-2.5232f,-0.2588f,0.3383f,-0.9047f,2.9751f,0f,0f,0f,1f],start_interpolation: 0,interpolation_duration: 1}
$data merge entity $(bone_frontfootleft) {transformation: [0.9659f,0.1606f,0.203f,0.6479f,0f,-0.7842f,0.6206f,-2.1954f,0.2588f,-0.5994f,-0.7574f,2.6807f,0f,0f,0f,1f],start_interpolation: 0,interpolation_duration: 1}
$data merge entity $(bone_frontlegr) {transformation: [-0.9659f,0.1183f,-0.2302f,-0.8746f,0f,0.8894f,0.4571f,-0.8224f,0.2588f,0.4415f,-0.8591f,2.6265f,0f,0f,0f,1f],start_interpolation: 0,interpolation_duration: 1}
$data merge entity $(bone_frontlegtipright) {transformation: [-0.9659f,-0.2486f,-0.0719f,-0.8226f,0f,0.278f,-0.9606f,-1.7584f,0.2588f,-0.9279f,-0.2685f,1.8547f,0f,0f,0f,1f],start_interpolation: 0,interpolation_duration: 1}
$data merge entity $(bone_frontfootrightd) {transformation: [-0.9659f,0.1035f,-0.2372f,-0.3826f,0f,0.9166f,0.3998f,-2.3961f,0.2588f,0.3861f,-0.8854f,3.5377f,0f,0f,0f,1f],start_interpolation: 0,interpolation_duration: 1}
$data merge entity $(bone_frontfootright) {transformation: [0.9659f,-0.0765f,-0.2472f,-0.4813f,0f,-0.9553f,0.2957f,-2.2033f,-0.2588f,-0.2856f,-0.9227f,3.1284f,0f,0f,0f,1f],start_interpolation: 0,interpolation_duration: 1}
$data merge entity $(bone_rearlegl) {transformation: [-1.0464f,-0.1697f,-0.2232f,-0.0339f,0f,0.8625f,-0.6555f,-0.5856f,0.2804f,-0.6332f,-0.8331f,-0.4653f,0f,0f,0f,1f],start_interpolation: 0,interpolation_duration: 1}
$data merge entity $(bone_rearfootleftd) {transformation: [-0.9659f,-0.0445f,-0.255f,0.8552f,0f,0.9851f,-0.1719f,-2.6263f,0.2588f,-0.166f,-0.9515f,0.1965f,0f,0f,0f,1f],start_interpolation: 0,interpolation_duration: 1}
$data merge entity $(bone_rearfootleft) {transformation: [-0.9659f,0.1557f,-0.2068f,0.7325f,0f,0.7989f,0.6015f,-2.1129f,0.2588f,0.581f,-0.7717f,-0.2614f,0f,0f,0f,1f],start_interpolation: 0,interpolation_duration: 1}
$data merge entity $(bone_rearlegtipleft) {transformation: [-0.9659f,0.225f,-0.1279f,0.9051f,0f,0.494f,0.8695f,-1.6732f,0.2588f,0.8398f,-0.4772f,0.6244f,0f,0f,0f,1f],start_interpolation: 0,interpolation_duration: 1}
$data merge entity $(bone_rearlegr) {transformation: [-1.0464f,0.0254f,0.2792f,-1.3045f,0f,1.0789f,-0.0981f,-0.4664f,-0.2804f,-0.0948f,-1.0421f,-0.7994f,0f,0f,0f,1f],start_interpolation: 0,interpolation_duration: 1}
$data merge entity $(bone_rearfootrightd) {transformation: [-0.9659f,0.0351f,0.2564f,-0.5708f,0f,0.9908f,-0.1357f,-2.7905f,-0.2588f,-0.131f,-0.957f,-0.8813f,0f,0f,0f,1f],start_interpolation: 0,interpolation_duration: 1}
$data merge entity $(bone_rearfootright) {transformation: [-0.9659f,-0.229f,0.1207f,-0.5164f,0f,0.4663f,0.8846f,-2.124f,-0.2588f,0.8545f,-0.4504f,-1.0841f,0f,0f,0f,1f],start_interpolation: 0,interpolation_duration: 1}
$data merge entity $(bone_rearlegtipright) {transformation: [-0.9659f,-0.2561f,0.0376f,-0.8352f,0f,0.1454f,0.9894f,-2.0405f,-0.2588f,0.9557f,-0.1404f,-0.1359f,0f,0f,0f,1f],start_interpolation: 0,interpolation_duration: 1}
$data merge entity $(bone_tail11) {transformation: [-0.2857f,-0.0552f,0.0406f,-0.0617f,-0.0281f,0.2531f,0.1512f,-2.5936f,-0.075f,0.1757f,-0.27f,-6.7992f,0f,0f,0f,1f],start_interpolation: 0,interpolation_duration: 1}
$data merge entity $(bone_tail10) {transformation: [-0.3803f,-0.0602f,0.0722f,-0.1023f,-0.0364f,0.3731f,0.1242f,-2.6634f,-0.1037f,0.1508f,-0.4012f,-6.5736f,0f,0f,0f,1f],start_interpolation: 0,interpolation_duration: 1}
$data merge entity $(bone_tail9) {transformation: [-0.478f,-0.0543f,0.0914f,-0.1537f,-0.0469f,0.4887f,0.051f,-2.6921f,-0.1153f,0.0772f,-0.5334f,-6.2735f,0f,0f,0f,1f],start_interpolation: 0,interpolation_duration: 1}
$data merge entity $(bone_tail8) {transformation: [-0.5683f,-0.0399f,0.0855f,-0.2017f,-0.0514f,0.5747f,-0.065f,-2.6556f,-0.0985f,-0.0428f,-0.6395f,-5.9138f,0f,0f,0f,1f],start_interpolation: 0,interpolation_duration: 1}
$data merge entity $(bone_tail7) {transformation: [-0.675f,-0.0252f,0.0545f,-0.2324f,-0.0433f,0.6459f,-0.2184f,-2.5327f,-0.0577f,-0.2043f,-0.7327f,-5.5016f,0f,0f,0f,1f],start_interpolation: 0,interpolation_duration: 1}
$data merge entity $(bone_tail6) {transformation: [-0.7969f,-0.0208f,0.0119f,-0.2391f,-0.0259f,0.7186f,-0.359f,-2.3308f,-0.0104f,-0.3536f,-0.8249f,-5.0377f,0f,0f,0f,1f],start_interpolation: 0,interpolation_duration: 1}
$data merge entity $(bone_tail5) {transformation: [-0.8852f,-0.0222f,-0.0277f,-0.2235f,-0.0074f,0.7727f,-0.4477f,-2.079f,0.031f,-0.4481f,-0.8904f,-4.5368f,0f,0f,0f,1f],start_interpolation: 0,interpolation_duration: 1}
$data merge entity $(bone_tail4) {transformation: [-0.9818f,-0.0232f,-0.0664f,-0.1862f,0.0078f,0.8807f,-0.457f,-1.8219f,0.0699f,-0.4512f,-1.0096f,-3.969f,0f,0f,0f,1f],start_interpolation: 0,interpolation_duration: 1}
$data merge entity $(bone_tail3) {transformation: [-1.0895f,-0.0222f,-0.0925f,-0.1341f,0.0161f,1.0023f,-0.459f,-1.5638f,0.0962f,-0.4458f,-1.1436f,-3.3257f,0f,0f,0f,1f],start_interpolation: 0,interpolation_duration: 1}
$data merge entity $(bone_tail2) {transformation: [-1.211f,-0.0194f,-0.0995f,-0.0781f,0.0162f,1.1382f,-0.4528f,-1.3091f,0.1021f,-0.4301f,-1.2945f,-2.5975f,0f,0f,0f,1f],start_interpolation: 0,interpolation_duration: 1}
$data merge entity $(bone_tail1) {transformation: [-1.3472f,-0.0157f,-0.0881f,-0.0286f,0.0104f,1.289f,-0.4369f,-1.0633f,0.088f,-0.4025f,-1.463f,-1.7746f,0f,0f,0f,1f],start_interpolation: 0,interpolation_duration: 1}
$data merge entity $(bone_tail0) {transformation: [-1.4991f,-0.0123f,-0.0563f,0f,0f,1.4557f,-0.41f,-0.4687f,0.0512f,-0.3616f,-1.6489f,-0.9375f,0f,0f,0f,1f],start_interpolation: 0,interpolation_duration: 1}