# This file was generated by Animated Java via MC-Build. It is not recommended to edit this file directly.
$data merge entity $(bone_leftwing20) {transformation: [-0.4176f,-2.272f,-1.848f,1.1807f,-0.4508f,1.8943f,-2.2271f,0.425f,2.8938f,-0.0328f,-0.6136f,3.52f,0f,0f,0f,1f],start_interpolation: 0,interpolation_duration: 1}
$data merge entity $(bone_leftwing21) {transformation: [-0.2549f,-2.2719f,-1.8773f,1.1807f,-0.2549f,1.8942f,-2.2578f,0.425f,2.9361f,-0.0328f,-0.359f,3.52f,0f,0f,0f,1f],start_interpolation: 0,interpolation_duration: 1}
$data merge entity $(bone_leftwing22) {transformation: [-0.0905f,-2.2763f,-1.896f,1.1807f,-0.0573f,1.8979f,-2.2758f,0.425f,2.962f,-0.0329f,-0.1019f,3.52f,0f,0f,0f,1f],start_interpolation: 0,interpolation_duration: 1}
$data merge entity $(bone_leftwing23) {transformation: [0.0739f,-2.24f,-1.8665f,1.1807f,0.139f,1.8676f,-2.236f,0.425f,2.9124f,-0.0323f,0.1541f,3.52f,0f,0f,0f,1f],start_interpolation: 0,interpolation_duration: 1}
$data merge entity $(bone_leftwing1) {transformation: [-0.2283f,-1.536f,1.2604f,0.8383f,-0.3078f,1.2807f,1.505f,-0.0367f,-1.9629f,-0.0222f,-0.3826f,0.5755f,0f,0f,0f,1f],start_interpolation: 0,interpolation_duration: 1}
$data merge entity $(bone_leftwing) {transformation: [-0.1005f,-0.896f,-0.7404f,0.6875f,-0.1005f,0.7471f,-0.8905f,-0.1875f,1.158f,-0.0129f,-0.1416f,2.3125f,0f,0f,0f,1f],start_interpolation: 0,interpolation_duration: 1}
$data merge entity $(bone_rightwing20) {transformation: [-0.4176f,2.272f,1.848f,-1.1807f,0.4508f,1.8943f,-2.2271f,0.425f,-2.8938f,-0.0328f,-0.6136f,3.52f,0f,0f,0f,1f],start_interpolation: 0,interpolation_duration: 1}
$data merge entity $(bone_rightwing21) {transformation: [-0.2549f,2.272f,1.8774f,-1.1807f,0.2549f,1.8943f,-2.2579f,0.425f,-2.9363f,-0.0328f,-0.359f,3.52f,0f,0f,0f,1f],start_interpolation: 0,interpolation_duration: 1}
$data merge entity $(bone_rightwing22) {transformation: [-0.0903f,2.272f,1.8925f,-1.1807f,0.0572f,1.8943f,-2.2716f,0.425f,-2.9564f,-0.0328f,-0.1018f,3.52f,0f,0f,0f,1f],start_interpolation: 0,interpolation_duration: 1}
$data merge entity $(bone_rightwing23) {transformation: [0.0739f,2.24f,1.8665f,-1.1807f,-0.139f,1.8676f,-2.236f,0.425f,-2.9124f,-0.0323f,0.1541f,3.52f,0f,0f,0f,1f],start_interpolation: 0,interpolation_duration: 1}
$data merge entity $(bone_rightwing1) {transformation: [-0.2283f,1.536f,-1.2604f,-0.8383f,0.3078f,1.2807f,1.505f,-0.0367f,1.9629f,-0.0222f,-0.3826f,0.5755f,0f,0f,0f,1f],start_interpolation: 0,interpolation_duration: 1}
$data merge entity $(bone_rightwing) {transformation: [-0.1005f,0.896f,0.7404f,-0.6875f,0.1005f,0.7471f,-0.8905f,-0.1875f,-1.158f,-0.0129f,-0.1416f,2.3125f,0f,0f,0f,1f],start_interpolation: 0,interpolation_duration: 1}
$data merge entity $(bone_eyebrow) {transformation: [-0.8923f,0f,0f,0f,0f,0.8909f,0.049f,0.173f,0f,0.049f,-0.8909f,6.0981f,0f,0f,0f,1f],start_interpolation: 0,interpolation_duration: 1}
$data merge entity $(bone_head) {transformation: [-1.2269f,0f,0f,0f,0f,1.2251f,0.0674f,-0.167f,0f,0.0674f,-1.2251f,4.4636f,0f,0f,0f,1f],start_interpolation: 0,interpolation_duration: 1}
$data merge entity $(bone_neck4) {transformation: [-1.0498f,0f,0f,0f,0f,0.9526f,-0.4411f,-0.1648f,0f,-0.4411f,-0.9526f,4.3903f,0f,0f,0f,1f],start_interpolation: 0,interpolation_duration: 1}
$data merge entity $(bone_neck3) {transformation: [-1.1664f,0f,0f,0f,0f,1.0148f,-0.5751f,-0.4164f,0f,-0.5751f,-1.0148f,3.9463f,0f,0f,0f,1f],start_interpolation: 0,interpolation_duration: 1}
$data merge entity $(bone_neck2) {transformation: [-1.296f,0f,0f,0f,0f,1.087f,-0.7057f,-0.5928f,0f,-0.7057f,-1.087f,3.6746f,0f,0f,0f,1f],start_interpolation: 0,interpolation_duration: 1}
$data merge entity $(bone_neck1) {transformation: [-1.44f,0f,0f,0f,0f,1.2676f,-0.6832f,-0.7636f,0f,-0.6832f,-1.2676f,3.3577f,0f,0f,0f,1f],start_interpolation: 0,interpolation_duration: 1}
$data merge entity $(bone_neck0) {transformation: [-1.6f,0f,0f,0f,0f,1.5396f,-0.4355f,-0.9687f,0f,-0.4355f,-1.5396f,3f,0f,0f,0f,1f],start_interpolation: 0,interpolation_duration: 1}
$data merge entity $(bone_frontlegl) {transformation: [-0.9659f,-0.1879f,0.178f,0.4371f,0f,0.6878f,0.7259f,-0.7506f,-0.2588f,0.7012f,-0.6644f,2.5016f,0f,0f,0f,1f],start_interpolation: 0,interpolation_duration: 1}
$data merge entity $(bone_frontlegtipleft) {transformation: [-0.9659f,0.2261f,0.1259f,0.949f,0f,0.4865f,-0.8737f,-1.3945f,-0.2588f,-0.8439f,-0.4699f,1.5571f,0f,0f,0f,1f],start_interpolation: 0,interpolation_duration: 1}
$data merge entity $(bone_frontfootleftd) {transformation: [-0.9659f,-0.0938f,0.2412f,0.5427f,0f,0.932f,0.3624f,-2.4982f,-0.2588f,0.3501f,-0.9003f,3.0324f,0f,0f,0f,1f],start_interpolation: 0,interpolation_duration: 1}
$data merge entity $(bone_frontfootleft) {transformation: [0.9659f,0.1541f,0.2079f,0.6352f,0f,-0.8034f,0.5954f,-2.1803f,0.2588f,-0.5752f,-0.776f,2.7282f,0f,0f,0f,1f],start_interpolation: 0,interpolation_duration: 1}
$data merge entity $(bone_frontlegr) {transformation: [-0.9659f,0.1194f,-0.2297f,-0.8746f,0f,0.8873f,0.4612f,-0.8222f,0.2588f,0.4455f,-0.8571f,2.6265f,0f,0f,0f,1f],start_interpolation: 0,interpolation_duration: 1}
$data merge entity $(bone_frontlegtipright) {transformation: [-0.9659f,-0.2469f,-0.0775f,-0.8234f,0f,0.2995f,-0.9541f,-1.753f,0.2588f,-0.9216f,-0.2892f,1.8516f,0f,0f,0f,1f],start_interpolation: 0,interpolation_duration: 1}
$data merge entity $(bone_frontfootrightd) {transformation: [-0.9659f,0.1011f,-0.2382f,-0.3863f,0f,0.9205f,0.3908f,-2.4221f,0.2588f,0.3775f,-0.8891f,3.5238f,0f,0f,0f,1f],start_interpolation: 0,interpolation_duration: 1}
$data merge entity $(bone_frontfootright) {transformation: [0.9659f,-0.0777f,-0.2469f,-0.4848f,0f,-0.9539f,0.3001f,-2.2274f,-0.2588f,-0.2899f,-0.9214f,3.1153f,0f,0f,0f,1f],start_interpolation: 0,interpolation_duration: 1}
$data merge entity $(bone_rearlegl) {transformation: [-1.0464f,-0.1618f,-0.229f,-0.0335f,0f,0.8848f,-0.6252f,-0.5776f,0.2804f,-0.6039f,-0.8546f,-0.4638f,0f,0f,0f,1f],start_interpolation: 0,interpolation_duration: 1}
$data merge entity $(bone_rearfootleftd) {transformation: [-0.9659f,-0.049f,-0.2541f,0.8422f,0f,0.9819f,-0.1894f,-2.6627f,0.2588f,-0.1829f,-0.9485f,0.1481f,0f,0f,0f,1f],start_interpolation: 0,interpolation_duration: 1}
$data merge entity $(bone_rearfootleft) {transformation: [-0.9659f,0.1592f,-0.2041f,0.7218f,0f,0.7886f,0.6149f,-2.1413f,0.2588f,0.594f,-0.7617f,-0.3013f,0f,0f,0f,1f],start_interpolation: 0,interpolation_duration: 1}
$data merge entity $(bone_rearlegtipleft) {transformation: [-0.9659f,0.2254f,-0.1272f,0.8948f,0f,0.4913f,0.871f,-1.7044f,0.2588f,0.8413f,-0.4746f,0.5858f,0f,0f,0f,1f],start_interpolation: 0,interpolation_duration: 1}
$data merge entity $(bone_rearlegr) {transformation: [-1.0464f,0.0267f,0.2791f,-1.3043f,0f,1.0784f,-0.1031f,-0.4674f,-0.2804f,-0.0996f,-1.0417f,-0.8001f,0f,0f,0f,1f],start_interpolation: 0,interpolation_duration: 1}
$data merge entity $(bone_rearfootrightd) {transformation: [-0.9659f,0.0332f,0.2567f,-0.571f,0f,0.9917f,-0.1284f,-2.7767f,-0.2588f,-0.124f,-0.9579f,-0.8804f,0f,0f,0f,1f],start_interpolation: 0,interpolation_duration: 1}
$data merge entity $(bone_rearfootright) {transformation: [-0.9659f,-0.2298f,0.119f,-0.5179f,0f,0.4598f,0.888f,-2.1087f,-0.2588f,0.8578f,-0.4441f,-1.0785f,0f,0f,0f,1f],start_interpolation: 0,interpolation_duration: 1}
$data merge entity $(bone_rearlegtipright) {transformation: [-0.9659f,-0.2567f,0.033f,-0.8371f,0f,0.1275f,0.9918f,-2.0433f,-0.2588f,0.958f,-0.1231f,-0.129f,0f,0f,0f,1f],start_interpolation: 0,interpolation_duration: 1}
$data merge entity $(bone_tail11) {transformation: [-0.286f,-0.056f,0.0372f,-0.0016f,-0.0314f,0.2549f,0.1475f,-2.602f,-0.0718f,0.1718f,-0.2733f,-6.7989f,0f,0f,0f,1f],start_interpolation: 0,interpolation_duration: 1}
$data merge entity $(bone_tail10) {transformation: [-0.38f,-0.0622f,0.0716f,-0.0419f,-0.0396f,0.3741f,0.1199f,-2.6695f,-0.1034f,0.1455f,-0.4032f,-6.572f,0f,0f,0f,1f],start_interpolation: 0,interpolation_duration: 1}
$data merge entity $(bone_tail9) {transformation: [-0.4768f,-0.0571f,0.0955f,-0.0956f,-0.0503f,0.4888f,0.0468f,-2.6958f,-0.1199f,0.0712f,-0.5333f,-6.2721f,0f,0f,0f,1f],start_interpolation: 0,interpolation_duration: 1}
$data merge entity $(bone_tail8) {transformation: [-0.5665f,-0.0424f,0.0953f,-0.1492f,-0.0557f,0.5739f,-0.0686f,-2.6572f,-0.1088f,-0.0484f,-0.6375f,-5.9135f,0f,0f,0f,1f],start_interpolation: 0,interpolation_duration: 1}
$data merge entity $(bone_tail7) {transformation: [-0.6736f,-0.0259f,0.0695f,-0.1883f,-0.0491f,0.6445f,-0.2212f,-2.5328f,-0.0733f,-0.2089f,-0.7301f,-5.5028f,0f,0f,0f,1f],start_interpolation: 0,interpolation_duration: 1}
$data merge entity $(bone_tail6) {transformation: [-0.7965f,-0.0194f,0.0299f,-0.2051f,-0.0328f,0.7172f,-0.3612f,-2.3296f,-0.0292f,-0.3571f,-0.823f,-5.0399f,0f,0f,0f,1f],start_interpolation: 0,interpolation_duration: 1}
$data merge entity $(bone_tail5) {transformation: [-0.8856f,-0.0196f,-0.0098f,-0.1996f,-0.014f,0.7716f,-0.4492f,-2.077f,0.0119f,-0.4504f,-0.8897f,-4.5394f,0f,0f,0f,1f],start_interpolation: 0,interpolation_duration: 1}
$data merge entity $(bone_tail4) {transformation: [-0.9828f,-0.0212f,-0.0504f,-0.1712f,0.0023f,0.8803f,-0.4577f,-1.8195f,0.0528f,-0.4524f,-1.0101f,-3.9712f,0f,0f,0f,1f],start_interpolation: 0,interpolation_duration: 1}
$data merge entity $(bone_tail3) {transformation: [-1.0905f,-0.0207f,-0.0807f,-0.1258f,0.0125f,1.0023f,-0.4588f,-1.5614f,0.0835f,-0.4459f,-1.1446f,-3.3274f,0f,0f,0f,1f],start_interpolation: 0,interpolation_duration: 1}
$data merge entity $(bone_tail2) {transformation: [-1.2116f,-0.0184f,-0.091f,-0.0746f,0.014f,1.1385f,-0.4517f,-1.3073f,0.0931f,-0.4293f,-1.2956f,-2.5986f,0f,0f,0f,1f],start_interpolation: 0,interpolation_duration: 1}
$data merge entity $(bone_tail1) {transformation: [-1.3475f,-0.0151f,-0.0833f,-0.0278f,0.0095f,1.2895f,-0.4353f,-1.0625f,0.083f,-0.4011f,-1.4638f,-1.7752f,0f,0f,0f,1f],start_interpolation: 0,interpolation_duration: 1}
$data merge entity $(bone_tail0) {transformation: [-1.4992f,-0.0119f,-0.0546f,0f,0f,1.4561f,-0.4083f,-0.4687f,0.0497f,-0.3601f,-1.6493f,-0.9375f,0f,0f,0f,1f],start_interpolation: 0,interpolation_duration: 1}