# This file was generated by Animated Java via MC-Build. It is not recommended to edit this file directly.
$data merge entity $(bone_leftwing20) {transformation: [-0.4184f,-2.2646f,-1.8569f,1.1836f,-0.4501f,1.9032f,-2.2197f,0.4227f,2.8938f,-0.0314f,-0.6137f,3.52f,0f,0f,0f,1f],start_interpolation: 0,interpolation_duration: 1}
$data merge entity $(bone_leftwing21) {transformation: [-0.2549f,-2.2645f,-1.8862f,1.1836f,-0.2549f,1.9031f,-2.2503f,0.4227f,2.9361f,-0.0314f,-0.3591f,3.52f,0f,0f,0f,1f],start_interpolation: 0,interpolation_duration: 1}
$data merge entity $(bone_leftwing22) {transformation: [-0.0897f,-2.2689f,-1.9049f,1.1836f,-0.0579f,1.9068f,-2.2683f,0.4227f,2.962f,-0.0314f,-0.1021f,3.52f,0f,0f,0f,1f],start_interpolation: 0,interpolation_duration: 1}
$data merge entity $(bone_leftwing23) {transformation: [0.0754f,-2.2327f,-1.8752f,1.1836f,0.1378f,1.8764f,-2.2287f,0.4227f,2.9124f,-0.0309f,0.154f,3.52f,0f,0f,0f,1f],start_interpolation: 0,interpolation_duration: 1}
$data merge entity $(bone_leftwing1) {transformation: [-0.2302f,-1.531f,1.2661f,0.8383f,-0.3062f,1.2867f,1.5002f,-0.0367f,-1.963f,-0.0212f,-0.3825f,0.5755f,0f,0f,0f,1f],start_interpolation: 0,interpolation_duration: 1}
$data merge entity $(bone_leftwing) {transformation: [-0.1005f,-0.8931f,-0.7439f,0.6875f,-0.1005f,0.7506f,-0.8875f,-0.1875f,1.158f,-0.0124f,-0.1416f,2.3125f,0f,0f,0f,1f],start_interpolation: 0,interpolation_duration: 1}
$data merge entity $(bone_rightwing20) {transformation: [-0.4184f,2.2646f,1.8569f,-1.1836f,0.4501f,1.9032f,-2.2197f,0.4227f,-2.8938f,-0.0314f,-0.6137f,3.52f,0f,0f,0f,1f],start_interpolation: 0,interpolation_duration: 1}
$data merge entity $(bone_rightwing21) {transformation: [-0.2549f,2.2646f,1.8863f,-1.1836f,0.2549f,1.9032f,-2.2504f,0.4227f,-2.9363f,-0.0314f,-0.3592f,3.52f,0f,0f,0f,1f],start_interpolation: 0,interpolation_duration: 1}
$data merge entity $(bone_rightwing22) {transformation: [-0.0896f,2.2646f,1.9014f,-1.1836f,0.0578f,1.9032f,-2.2641f,0.4227f,-2.9564f,-0.0314f,-0.1019f,3.52f,0f,0f,0f,1f],start_interpolation: 0,interpolation_duration: 1}
$data merge entity $(bone_rightwing23) {transformation: [0.0754f,2.2327f,1.8752f,-1.1836f,-0.1378f,1.8764f,-2.2287f,0.4227f,-2.9124f,-0.0309f,0.154f,3.52f,0f,0f,0f,1f],start_interpolation: 0,interpolation_duration: 1}
$data merge entity $(bone_rightwing1) {transformation: [-0.2302f,1.531f,-1.2661f,-0.8383f,0.3062f,1.2867f,1.5002f,-0.0367f,1.963f,-0.0212f,-0.3825f,0.5755f,0f,0f,0f,1f],start_interpolation: 0,interpolation_duration: 1}
$data merge entity $(bone_rightwing) {transformation: [-0.1005f,0.8931f,0.7439f,-0.6875f,0.1005f,0.7506f,-0.8875f,-0.1875f,-1.158f,-0.0124f,-0.1416f,2.3125f,0f,0f,0f,1f],start_interpolation: 0,interpolation_duration: 1}
$data merge entity $(bone_eyebrow) {transformation: [-0.8923f,0f,0f,0f,0f,0.8908f,0.0513f,0.1557f,0f,0.0513f,-0.8908f,6.1064f,0f,0f,0f,1f],start_interpolation: 0,interpolation_duration: 1}
$data merge entity $(bone_head) {transformation: [-1.2269f,0f,0f,0f,0f,1.2249f,0.0705f,-0.1801f,0f,0.0705f,-1.2249f,4.4711f,0f,0f,0f,1f],start_interpolation: 0,interpolation_duration: 1}
$data merge entity $(bone_neck4) {transformation: [-1.0498f,0f,0f,0f,0f,0.9537f,-0.4387f,-0.1778f,0f,-0.4387f,-0.9537f,4.3978f,0f,0f,0f,1f],start_interpolation: 0,interpolation_duration: 1}
$data merge entity $(bone_neck3) {transformation: [-1.1664f,0f,0f,0f,0f,1.0206f,-0.5647f,-0.4248f,0f,-0.5647f,-1.0206f,3.9513f,0f,0f,0f,1f],start_interpolation: 0,interpolation_duration: 1}
$data merge entity $(bone_neck2) {transformation: [-1.296f,0f,0f,0f,0f,1.0972f,-0.6898f,-0.5972f,0f,-0.6898f,-1.0972f,3.677f,0f,0f,0f,1f],start_interpolation: 0,interpolation_duration: 1}
$data merge entity $(bone_neck1) {transformation: [-1.44f,0f,0f,0f,0f,1.2748f,-0.6697f,-0.7647f,0f,-0.6697f,-1.2748f,3.3583f,0f,0f,0f,1f],start_interpolation: 0,interpolation_duration: 1}
$data merge entity $(bone_neck0) {transformation: [-1.6f,0f,0f,0f,0f,1.5408f,-0.4311f,-0.9687f,0f,-0.4311f,-1.5408f,3f,0f,0f,0f,1f],start_interpolation: 0,interpolation_duration: 1}
$data merge entity $(bone_frontlegl) {transformation: [-0.9659f,-0.1823f,0.1837f,0.4376f,0f,0.7098f,0.7044f,-0.7499f,-0.2588f,0.6804f,-0.6856f,2.4998f,0f,0f,0f,1f],start_interpolation: 0,interpolation_duration: 1}
$data merge entity $(bone_frontlegtipleft) {transformation: [-0.9659f,0.2308f,0.1171f,0.9445f,0f,0.4525f,-0.8917f,-1.4264f,-0.2588f,-0.8614f,-0.4371f,1.5736f,0f,0f,0f,1f],start_interpolation: 0,interpolation_duration: 1}
$data merge entity $(bone_frontfootleftd) {transformation: [-0.9659f,-0.0967f,0.2401f,0.5282f,0f,0.9275f,0.3737f,-2.473f,-0.2588f,0.361f,-0.8959f,3.0865f,0f,0f,0f,1f],start_interpolation: 0,interpolation_duration: 1}
$data merge entity $(bone_frontfootleft) {transformation: [0.9659f,0.1476f,0.2126f,0.6232f,0f,-0.8213f,0.5705f,-2.165f,0.2588f,-0.551f,-0.7933f,2.7729f,0f,0f,0f,1f],start_interpolation: 0,interpolation_duration: 1}
$data merge entity $(bone_frontlegr) {transformation: [-0.9659f,0.1209f,-0.2289f,-0.8746f,0f,0.8843f,0.467f,-0.822f,0.2588f,0.4511f,-0.8541f,2.6264f,0f,0f,0f,1f],start_interpolation: 0,interpolation_duration: 1}
$data merge entity $(bone_frontlegtipright) {transformation: [-0.9659f,-0.2449f,-0.0837f,-0.8247f,0f,0.3234f,-0.9463f,-1.746f,0.2588f,-0.914f,-0.3124f,1.8469f,0f,0f,0f,1f],start_interpolation: 0,interpolation_duration: 1}
$data merge entity $(bone_frontfootrightd) {transformation: [-0.9659f,0.0986f,-0.2393f,-0.3911f,0f,0.9246f,0.3809f,-2.4507f,0.2588f,0.3679f,-0.8931f,3.5059f,0f,0f,0f,1f],start_interpolation: 0,interpolation_duration: 1}
$data merge entity $(bone_frontfootright) {transformation: [0.9659f,-0.0793f,-0.2464f,-0.4893f,0f,-0.9519f,0.3064f,-2.2532f,-0.2588f,-0.2959f,-0.9195f,3.0986f,0f,0f,0f,1f],start_interpolation: 0,interpolation_duration: 1}
$data merge entity $(bone_rearlegl) {transformation: [-1.0464f,-0.1538f,-0.2344f,-0.0331f,0f,0.9058f,-0.5943f,-0.5698f,0.2804f,-0.574f,-0.8749f,-0.4621f,0f,0f,0f,1f],start_interpolation: 0,interpolation_duration: 1}
$data merge entity $(bone_rearfootleftd) {transformation: [-0.9659f,-0.0528f,-0.2534f,0.8289f,0f,0.9789f,-0.2041f,-2.6967f,0.2588f,-0.1972f,-0.9456f,0.0985f,0f,0f,0f,1f],start_interpolation: 0,interpolation_duration: 1}
$data merge entity $(bone_rearfootleft) {transformation: [-0.9659f,0.1627f,-0.2013f,0.7108f,0f,0.7778f,0.6285f,-2.1673f,0.2588f,0.6071f,-0.7513f,-0.3421f,0f,0f,0f,1f],start_interpolation: 0,interpolation_duration: 1}
$data merge entity $(bone_rearlegtipleft) {transformation: [-0.9659f,0.2259f,-0.1262f,0.8843f,0f,0.4878f,0.873f,-1.7341f,0.2588f,0.8432f,-0.4712f,0.5467f,0f,0f,0f,1f],start_interpolation: 0,interpolation_duration: 1}
$data merge entity $(bone_rearlegr) {transformation: [-1.0464f,0.0285f,0.2789f,-1.304f,0f,1.0777f,-0.1102f,-0.4688f,-0.2804f,-0.1065f,-1.041f,-0.8011f,0f,0f,0f,1f],start_interpolation: 0,interpolation_duration: 1}
$data merge entity $(bone_rearfootrightd) {transformation: [-0.9659f,0.0316f,0.2569f,-0.5722f,0f,0.9925f,-0.122f,-2.7626f,-0.2588f,-0.1179f,-0.9587f,-0.876f,0f,0f,0f,1f],start_interpolation: 0,interpolation_duration: 1}
$data merge entity $(bone_rearfootright) {transformation: [-0.9659f,-0.2306f,0.1175f,-0.5202f,0f,0.4541f,0.8909f,-2.0933f,-0.2588f,0.8606f,-0.4387f,-1.07f,0f,0f,0f,1f],start_interpolation: 0,interpolation_duration: 1}
$data merge entity $(bone_rearlegtipright) {transformation: [-0.9659f,-0.2573f,0.0284f,-0.8396f,0f,0.1098f,0.994f,-2.0457f,-0.2588f,0.9601f,-0.106f,-0.1194f,0f,0f,0f,1f],start_interpolation: 0,interpolation_duration: 1}
$data merge entity $(bone_tail11) {transformation: [-0.2864f,-0.0559f,0.0335f,0.0585f,-0.0339f,0.2565f,0.144f,-2.6047f,-0.0678f,0.1684f,-0.2765f,-6.7999f,0f,0f,0f,1f],start_interpolation: 0,interpolation_duration: 1}
$data merge entity $(bone_tail10) {transformation: [-0.3801f,-0.0634f,0.0702f,0.0191f,-0.042f,0.375f,0.116f,-2.67f,-0.1018f,0.1409f,-0.4053f,-6.5719f,0f,0f,0f,1f],start_interpolation: 0,interpolation_duration: 1}
$data merge entity $(bone_tail9) {transformation: [-0.4759f,-0.0591f,0.0986f,-0.0364f,-0.0528f,0.4888f,0.0432f,-2.6942f,-0.123f,0.0661f,-0.5333f,-6.2719f,0f,0f,0f,1f],start_interpolation: 0,interpolation_duration: 1}
$data merge entity $(bone_tail8) {transformation: [-0.5649f,-0.0441f,0.1039f,-0.0949f,-0.0591f,0.5732f,-0.0713f,-2.6542f,-0.1178f,-0.053f,-0.6355f,-5.9144f,0f,0f,0f,1f],start_interpolation: 0,interpolation_duration: 1}
$data merge entity $(bone_tail7) {transformation: [-0.672f,-0.0261f,0.0835f,-0.1419f,-0.0541f,0.6434f,-0.2229f,-2.5288f,-0.088f,-0.2124f,-0.7275f,-5.5052f,0f,0f,0f,1f],start_interpolation: 0,interpolation_duration: 1}
$data merge entity $(bone_tail6) {transformation: [-0.7957f,-0.0177f,0.0474f,-0.1685f,-0.0391f,0.7163f,-0.3622f,-2.325f,-0.0477f,-0.3593f,-0.8212f,-5.0433f,0f,0f,0f,1f],start_interpolation: 0,interpolation_duration: 1}
$data merge entity $(bone_tail5) {transformation: [-0.8857f,-0.0165f,0.0083f,-0.1732f,-0.0204f,0.7712f,-0.4495f,-2.0722f,-0.0074f,-0.4514f,-0.8893f,-4.543f,0f,0f,0f,1f],start_interpolation: 0,interpolation_duration: 1}
$data merge entity $(bone_tail4) {transformation: [-0.9835f,-0.0188f,-0.0338f,-0.1541f,-0.0032f,0.8804f,-0.4573f,-1.815f,0.0351f,-0.4524f,-1.011f,-3.9743f,0f,0f,0f,1f],start_interpolation: 0,interpolation_duration: 1}
$data merge entity $(bone_tail3) {transformation: [-1.0914f,-0.019f,-0.0679f,-0.116f,0.0087f,1.0029f,-0.4575f,-1.5576f,0.0697f,-0.4448f,-1.146f,-3.3297f,0f,0f,0f,1f],start_interpolation: 0,interpolation_duration: 1}
$data merge entity $(bone_tail2) {transformation: [-1.2123f,-0.0171f,-0.0814f,-0.0701f,0.0116f,1.1392f,-0.4497f,-1.3047f,0.0828f,-0.4274f,-1.297f,-2.6001f,0f,0f,0f,1f],start_interpolation: 0,interpolation_duration: 1}
$data merge entity $(bone_tail1) {transformation: [-1.3479f,-0.0143f,-0.0774f,-0.0266f,0.0084f,1.2902f,-0.4328f,-1.0613f,0.0769f,-0.3988f,-1.4649f,-1.7761f,0f,0f,0f,1f],start_interpolation: 0,interpolation_duration: 1}
$data merge entity $(bone_tail0) {transformation: [-1.4992f,-0.0113f,-0.0523f,0f,0f,1.4566f,-0.406f,-0.4687f,0.0475f,-0.358f,-1.65f,-0.9375f,0f,0f,0f,1f],start_interpolation: 0,interpolation_duration: 1}