# This file was generated by Animated Java via MC-Build. It is not recommended to edit this file directly.
$data merge entity $(bone_leftwing20) {transformation: [-0.4194f,-2.2551f,-1.8683f,1.1871f,-0.4493f,1.9145f,-2.2101f,0.4196f,2.8938f,-0.0296f,-0.6139f,3.52f,0f,0f,0f,1f],start_interpolation: 0,interpolation_duration: 1}
$data merge entity $(bone_leftwing21) {transformation: [-0.2549f,-2.255f,-1.8976f,1.1871f,-0.2549f,1.9144f,-2.2407f,0.4196f,2.9361f,-0.0296f,-0.3593f,3.52f,0f,0f,0f,1f],start_interpolation: 0,interpolation_duration: 1}
$data merge entity $(bone_leftwing22) {transformation: [-0.0887f,-2.2593f,-1.9163f,1.1871f,-0.0588f,1.9181f,-2.2588f,0.4196f,2.962f,-0.0296f,-0.1022f,3.52f,0f,0f,0f,1f],start_interpolation: 0,interpolation_duration: 1}
$data merge entity $(bone_leftwing23) {transformation: [0.0774f,-2.2233f,-1.8862f,1.1871f,0.1361f,1.8876f,-2.2194f,0.4196f,2.9125f,-0.0292f,0.1538f,3.52f,0f,0f,0f,1f],start_interpolation: 0,interpolation_duration: 1}
$data merge entity $(bone_leftwing1) {transformation: [-0.2325f,-1.5246f,1.2734f,0.8383f,-0.3042f,1.2943f,1.494f,-0.0367f,-1.963f,-0.02f,-0.3824f,0.5755f,0f,0f,0f,1f],start_interpolation: 0,interpolation_duration: 1}
$data merge entity $(bone_leftwing) {transformation: [-0.1005f,-0.8893f,-0.7484f,0.6875f,-0.1005f,0.755f,-0.8837f,-0.1875f,1.158f,-0.0117f,-0.1417f,2.3125f,0f,0f,0f,1f],start_interpolation: 0,interpolation_duration: 1}
$data merge entity $(bone_rightwing20) {transformation: [-0.4194f,2.2551f,1.8683f,-1.1871f,0.4493f,1.9145f,-2.2101f,0.4196f,-2.8938f,-0.0296f,-0.6139f,3.52f,0f,0f,0f,1f],start_interpolation: 0,interpolation_duration: 1}
$data merge entity $(bone_rightwing21) {transformation: [-0.2549f,2.2551f,1.8977f,-1.1871f,0.2549f,1.9145f,-2.2408f,0.4196f,-2.9363f,-0.0296f,-0.3593f,3.52f,0f,0f,0f,1f],start_interpolation: 0,interpolation_duration: 1}
$data merge entity $(bone_rightwing22) {transformation: [-0.0886f,2.2551f,1.9127f,-1.1871f,0.0587f,1.9145f,-2.2545f,0.4196f,-2.9564f,-0.0296f,-0.102f,3.52f,0f,0f,0f,1f],start_interpolation: 0,interpolation_duration: 1}
$data merge entity $(bone_rightwing23) {transformation: [0.0774f,2.2233f,1.8862f,-1.1871f,-0.1361f,1.8876f,-2.2194f,0.4196f,-2.9125f,-0.0292f,0.1538f,3.52f,0f,0f,0f,1f],start_interpolation: 0,interpolation_duration: 1}
$data merge entity $(bone_rightwing1) {transformation: [-0.2325f,1.5246f,-1.2734f,-0.8383f,0.3042f,1.2943f,1.494f,-0.0367f,1.963f,-0.02f,-0.3824f,0.5755f,0f,0f,0f,1f],start_interpolation: 0,interpolation_duration: 1}
$data merge entity $(bone_rightwing) {transformation: [-0.1005f,0.8893f,0.7484f,-0.6875f,0.1005f,0.755f,-0.8837f,-0.1875f,-1.158f,-0.0117f,-0.1417f,2.3125f,0f,0f,0f,1f],start_interpolation: 0,interpolation_duration: 1}
$data merge entity $(bone_eyebrow) {transformation: [-0.8923f,0f,0f,0f,0f,0.8907f,0.0531f,0.1389f,0f,0.0531f,-0.8907f,6.1146f,0f,0f,0f,1f],start_interpolation: 0,interpolation_duration: 1}
$data merge entity $(bone_head) {transformation: [-1.2269f,0f,0f,0f,0f,1.2247f,0.0731f,-0.1936f,0f,0.0731f,-1.2247f,4.4786f,0f,0f,0f,1f],start_interpolation: 0,interpolation_duration: 1}
$data merge entity $(bone_neck4) {transformation: [-1.0498f,0f,0f,0f,0f,0.9546f,-0.4368f,-0.1911f,0f,-0.4368f,-0.9546f,4.4053f,0f,0f,0f,1f],start_interpolation: 0,interpolation_duration: 1}
$data merge entity $(bone_neck3) {transformation: [-1.1664f,0f,0f,0f,0f,1.026f,-0.5548f,-0.4338f,0f,-0.5548f,-1.026f,3.9564f,0f,0f,0f,1f],start_interpolation: 0,interpolation_duration: 1}
$data merge entity $(bone_neck2) {transformation: [-1.296f,0f,0f,0f,0f,1.1071f,-0.6737f,-0.6022f,0f,-0.6737f,-1.1071f,3.6796f,0f,0f,0f,1f],start_interpolation: 0,interpolation_duration: 1}
$data merge entity $(bone_neck1) {transformation: [-1.44f,0f,0f,0f,0f,1.2824f,-0.6551f,-0.766f,0f,-0.6551f,-1.2824f,3.359f,0f,0f,0f,1f],start_interpolation: 0,interpolation_duration: 1}
$data merge entity $(bone_neck0) {transformation: [-1.6f,0f,0f,0f,0f,1.5424f,-0.4255f,-0.9687f,0f,-0.4255f,-1.5424f,3f,0f,0f,0f,1f],start_interpolation: 0,interpolation_duration: 1}
$data merge entity $(bone_frontlegl) {transformation: [-0.9659f,-0.1768f,0.189f,0.438f,0f,0.7304f,0.683f,-0.7493f,-0.2588f,0.6597f,-0.7055f,2.498f,0f,0f,0f,1f],start_interpolation: 0,interpolation_duration: 1}
$data merge entity $(bone_frontlegtipleft) {transformation: [-0.9659f,0.2349f,0.1087f,0.94f,0f,0.42f,-0.9075f,-1.4567f,-0.2588f,-0.8766f,-0.4056f,1.5906f,0f,0f,0f,1f],start_interpolation: 0,interpolation_duration: 1}
$data merge entity $(bone_frontfootleftd) {transformation: [-0.9659f,-0.0994f,0.239f,0.5146f,0f,0.9233f,0.3842f,-2.448f,-0.2588f,0.3711f,-0.8918f,3.1373f,0f,0f,0f,1f],start_interpolation: 0,interpolation_duration: 1}
$data merge entity $(bone_frontfootleft) {transformation: [0.9659f,0.1413f,0.2169f,0.6119f,0f,-0.8379f,0.5458f,-2.1499f,0.2588f,-0.5272f,-0.8094f,2.815f,0f,0f,0f,1f],start_interpolation: 0,interpolation_duration: 1}
$data merge entity $(bone_frontlegr) {transformation: [-0.9659f,0.1228f,-0.2278f,-0.8746f,0f,0.8803f,0.4745f,-0.8218f,0.2588f,0.4583f,-0.8503f,2.6263f,0f,0f,0f,1f],start_interpolation: 0,interpolation_duration: 1}
$data merge entity $(bone_frontlegtipright) {transformation: [-0.9659f,-0.2425f,-0.0905f,-0.8263f,0f,0.3497f,-0.9369f,-1.7374f,0.2588f,-0.905f,-0.3377f,1.8406f,0f,0f,0f,1f],start_interpolation: 0,interpolation_duration: 1}
$data merge entity $(bone_frontfootrightd) {transformation: [-0.9659f,0.0958f,-0.2404f,-0.397f,0f,0.929f,0.3702f,-2.4816f,0.2588f,0.3576f,-0.8973f,3.4838f,0f,0f,0f,1f],start_interpolation: 0,interpolation_duration: 1}
$data merge entity $(bone_frontfootright) {transformation: [0.9659f,-0.0814f,-0.2457f,-0.4947f,0f,-0.9493f,0.3144f,-2.2806f,-0.2588f,-0.3037f,-0.9169f,3.0782f,0f,0f,0f,1f],start_interpolation: 0,interpolation_duration: 1}
$data merge entity $(bone_rearlegl) {transformation: [-1.0464f,-0.1457f,-0.2395f,-0.0325f,0f,0.9255f,-0.5631f,-0.5621f,0.2804f,-0.5439f,-0.8939f,-0.4602f,0f,0f,0f,1f],start_interpolation: 0,interpolation_duration: 1}
$data merge entity $(bone_rearfootleftd) {transformation: [-0.9659f,-0.0559f,-0.2527f,0.8153f,0f,0.9764f,-0.2161f,-2.7282f,0.2588f,-0.2088f,-0.9431f,0.0477f,0f,0f,0f,1f],start_interpolation: 0,interpolation_duration: 1}
$data merge entity $(bone_rearfootleft) {transformation: [-0.9659f,0.1662f,-0.1984f,0.6997f,0f,0.7665f,0.6422f,-2.1909f,0.2588f,0.6203f,-0.7404f,-0.3837f,0f,0f,0f,1f],start_interpolation: 0,interpolation_duration: 1}
$data merge entity $(bone_rearlegtipleft) {transformation: [-0.9659f,0.2266f,-0.1251f,0.8737f,0f,0.4833f,0.8754f,-1.7622f,0.2588f,0.8456f,-0.4669f,0.5072f,0f,0f,0f,1f],start_interpolation: 0,interpolation_duration: 1}
$data merge entity $(bone_rearlegr) {transformation: [-1.0464f,0.0309f,0.2787f,-1.3037f,0f,1.0767f,-0.1194f,-0.4705f,-0.2804f,-0.1153f,-1.04f,-0.8023f,0f,0f,0f,1f],start_interpolation: 0,interpolation_duration: 1}
$data merge entity $(bone_rearfootrightd) {transformation: [-0.9659f,0.0302f,0.2571f,-0.5744f,0f,0.9932f,-0.1167f,-2.748f,-0.2588f,-0.1127f,-0.9593f,-0.868f,0f,0f,0f,1f],start_interpolation: 0,interpolation_duration: 1}
$data merge entity $(bone_rearfootright) {transformation: [-0.9659f,-0.2312f,0.1163f,-0.5233f,0f,0.4493f,0.8934f,-2.0777f,-0.2588f,0.8629f,-0.434f,-1.0585f,0f,0f,0f,1f],start_interpolation: 0,interpolation_duration: 1}
$data merge entity $(bone_rearlegtipright) {transformation: [-0.9659f,-0.2577f,0.0239f,-0.8429f,0f,0.0922f,0.9957f,-2.0477f,-0.2588f,0.9618f,-0.0891f,-0.1073f,0f,0f,0f,1f],start_interpolation: 0,interpolation_duration: 1}
$data merge entity $(bone_tail11) {transformation: [-0.287f,-0.0552f,0.0294f,0.1179f,-0.0358f,0.258f,0.1408f,-2.6016f,-0.0629f,0.1656f,-0.2794f,-6.8024f,0f,0f,0f,1f],start_interpolation: 0,interpolation_duration: 1}
$data merge entity $(bone_tail10) {transformation: [-0.3805f,-0.0637f,0.068f,0.0797f,-0.0436f,0.3759f,0.1125f,-2.6649f,-0.099f,0.1372f,-0.4073f,-6.5733f,0f,0f,0f,1f],start_interpolation: 0,interpolation_duration: 1}
$data merge entity $(bone_tail9) {transformation: [-0.4754f,-0.0602f,0.1005f,0.0231f,-0.0544f,0.4888f,0.0402f,-2.6875f,-0.1247f,0.0621f,-0.5334f,-6.2732f,0f,0f,0f,1f],start_interpolation: 0,interpolation_duration: 1}
$data merge entity $(bone_tail8) {transformation: [-0.5634f,-0.0452f,0.1113f,-0.0395f,-0.0615f,0.5726f,-0.0731f,-2.6464f,-0.1254f,-0.0565f,-0.6339f,-5.9167f,0f,0f,0f,1f],start_interpolation: 0,interpolation_duration: 1}
$data merge entity $(bone_tail7) {transformation: [-0.6703f,-0.0258f,0.0965f,-0.0938f,-0.0583f,0.6427f,-0.2236f,-2.5206f,-0.1016f,-0.2147f,-0.7251f,-5.5088f,0f,0f,0f,1f],start_interpolation: 0,interpolation_duration: 1}
$data merge entity $(bone_tail6) {transformation: [-0.7945f,-0.0155f,0.0643f,-0.1299f,-0.0449f,0.716f,-0.3619f,-2.317f,-0.0657f,-0.3603f,-0.8196f,-5.0477f,0f,0f,0f,1f],start_interpolation: 0,interpolation_duration: 1}
$data merge entity $(bone_tail5) {transformation: [-0.8854f,-0.0132f,0.0262f,-0.1446f,-0.0265f,0.7715f,-0.4485f,-2.0647f,-0.0267f,-0.4513f,-0.8892f,-4.5476f,0f,0f,0f,1f],start_interpolation: 0,interpolation_duration: 1}
$data merge entity $(bone_tail4) {transformation: [-0.984f,-0.0161f,-0.0169f,-0.1352f,-0.0085f,0.8811f,-0.4556f,-1.8085f,0.0168f,-0.4512f,-1.0122f,-3.9782f,0f,0f,0f,1f],start_interpolation: 0,interpolation_duration: 1}
$data merge entity $(bone_tail3) {transformation: [-1.0922f,-0.0169f,-0.0542f,-0.1047f,0.0049f,1.0039f,-0.4551f,-1.5525f,0.0551f,-0.4426f,-1.1478f,-3.3326f,0f,0f,0f,1f],start_interpolation: 0,interpolation_duration: 1}
$data merge entity $(bone_tail2) {transformation: [-1.213f,-0.0156f,-0.0708f,-0.0648f,0.009f,1.1403f,-0.4466f,-1.3013f,0.0715f,-0.4245f,-1.2988f,-2.602f,0f,0f,0f,1f],start_interpolation: 0,interpolation_duration: 1}
$data merge entity $(bone_tail1) {transformation: [-1.3482f,-0.0132f,-0.0707f,-0.0251f,0.0072f,1.2912f,-0.4295f,-1.0597f,0.0699f,-0.3957f,-1.4663f,-1.7772f,0f,0f,0f,1f],start_interpolation: 0,interpolation_duration: 1}
$data merge entity $(bone_tail0) {transformation: [-1.4993f,-0.0106f,-0.0493f,0f,0f,1.4573f,-0.4029f,-0.4687f,0.0448f,-0.3554f,-1.6508f,-0.9375f,0f,0f,0f,1f],start_interpolation: 0,interpolation_duration: 1}