# This file was generated by Animated Java via MC-Build. It is not recommended to edit this file directly.
$data merge entity $(bone_leftwing20) {transformation: [-0.4205f,-2.2436f,-1.8818f,1.1914f,-0.4483f,1.9281f,-2.1985f,0.416f,2.8938f,-0.0274f,-0.614f,3.5201f,0f,0f,0f,1f],start_interpolation: 0,interpolation_duration: 1}
$data merge entity $(bone_leftwing21) {transformation: [-0.2549f,-2.2434f,-1.9112f,1.1914f,-0.2549f,1.928f,-2.2291f,0.416f,2.9361f,-0.0274f,-0.3595f,3.5201f,0f,0f,0f,1f],start_interpolation: 0,interpolation_duration: 1}
$data merge entity $(bone_leftwing22) {transformation: [-0.0875f,-2.2478f,-1.9299f,1.1914f,-0.0598f,1.9317f,-2.2472f,0.416f,2.962f,-0.0274f,-0.1024f,3.5201f,0f,0f,0f,1f],start_interpolation: 0,interpolation_duration: 1}
$data merge entity $(bone_leftwing23) {transformation: [0.0797f,-2.212f,-1.8994f,1.1914f,0.1341f,1.9009f,-2.2081f,0.416f,2.9125f,-0.027f,0.1537f,3.5201f,0f,0f,0f,1f],start_interpolation: 0,interpolation_duration: 1}
$data merge entity $(bone_leftwing1) {transformation: [-0.2354f,-1.5168f,1.2822f,0.8383f,-0.3018f,1.3035f,1.4866f,-0.0367f,-1.963f,-0.0185f,-0.3823f,0.5755f,0f,0f,0f,1f],start_interpolation: 0,interpolation_duration: 1}
$data merge entity $(bone_leftwing) {transformation: [-0.1005f,-0.8848f,-0.7538f,0.6875f,-0.1005f,0.7604f,-0.8791f,-0.1875f,1.158f,-0.0108f,-0.1418f,2.3125f,0f,0f,0f,1f],start_interpolation: 0,interpolation_duration: 1}
$data merge entity $(bone_rightwing20) {transformation: [-0.4205f,2.2436f,1.8818f,-1.1914f,0.4483f,1.9281f,-2.1985f,0.416f,-2.8938f,-0.0274f,-0.614f,3.5201f,0f,0f,0f,1f],start_interpolation: 0,interpolation_duration: 1}
$data merge entity $(bone_rightwing21) {transformation: [-0.2549f,2.2436f,1.9113f,-1.1914f,0.2549f,1.9281f,-2.2292f,0.416f,-2.9363f,-0.0274f,-0.3595f,3.5201f,0f,0f,0f,1f],start_interpolation: 0,interpolation_duration: 1}
$data merge entity $(bone_rightwing22) {transformation: [-0.0874f,2.2436f,1.9263f,-1.1914f,0.0597f,1.9281f,-2.2429f,0.416f,-2.9564f,-0.0274f,-0.1022f,3.5201f,0f,0f,0f,1f],start_interpolation: 0,interpolation_duration: 1}
$data merge entity $(bone_rightwing23) {transformation: [0.0797f,2.212f,1.8994f,-1.1914f,-0.1341f,1.9009f,-2.2081f,0.416f,-2.9125f,-0.027f,0.1537f,3.5201f,0f,0f,0f,1f],start_interpolation: 0,interpolation_duration: 1}
$data merge entity $(bone_rightwing1) {transformation: [-0.2354f,1.5168f,-1.2822f,-0.8383f,0.3018f,1.3035f,1.4866f,-0.0367f,1.963f,-0.0185f,-0.3823f,0.5755f,0f,0f,0f,1f],start_interpolation: 0,interpolation_duration: 1}
$data merge entity $(bone_rightwing) {transformation: [-0.1005f,0.8848f,0.7538f,-0.6875f,0.1005f,0.7604f,-0.8791f,-0.1875f,-1.158f,-0.0108f,-0.1418f,2.3125f,0f,0f,0f,1f],start_interpolation: 0,interpolation_duration: 1}
$data merge entity $(bone_eyebrow) {transformation: [-0.8923f,0f,0f,0f,0f,0.8906f,0.0545f,0.1229f,0f,0.0545f,-0.8906f,6.1224f,0f,0f,0f,1f],start_interpolation: 0,interpolation_duration: 1}
$data merge entity $(bone_head) {transformation: [-1.2269f,0f,0f,0f,0f,1.2246f,0.0749f,-0.2072f,0f,0.0749f,-1.2246f,4.4859f,0f,0f,0f,1f],start_interpolation: 0,interpolation_duration: 1}
$data merge entity $(bone_neck4) {transformation: [-1.0498f,0f,0f,0f,0f,0.9552f,-0.4353f,-0.2045f,0f,-0.4353f,-0.9552f,4.4126f,0f,0f,0f,1f],start_interpolation: 0,interpolation_duration: 1}
$data merge entity $(bone_neck3) {transformation: [-1.1664f,0f,0f,0f,0f,1.0308f,-0.5458f,-0.4433f,0f,-0.5458f,-1.0308f,3.9616f,0f,0f,0f,1f],start_interpolation: 0,interpolation_duration: 1}
$data merge entity $(bone_neck2) {transformation: [-1.296f,0f,0f,0f,0f,1.1168f,-0.6576f,-0.6077f,0f,-0.6576f,-1.1168f,3.6825f,0f,0f,0f,1f],start_interpolation: 0,interpolation_duration: 1}
$data merge entity $(bone_neck1) {transformation: [-1.44f,0f,0f,0f,0f,1.2902f,-0.6395f,-0.7676f,0f,-0.6395f,-1.2902f,3.3599f,0f,0f,0f,1f],start_interpolation: 0,interpolation_duration: 1}
$data merge entity $(bone_neck0) {transformation: [-1.6f,0f,0f,0f,0f,1.5443f,-0.4187f,-0.9687f,0f,-0.4187f,-1.5443f,3f,0f,0f,0f,1f],start_interpolation: 0,interpolation_duration: 1}
$data merge entity $(bone_frontlegl) {transformation: [-0.9659f,-0.1713f,0.194f,0.4385f,0f,0.7497f,0.6618f,-0.7488f,-0.2588f,0.6392f,-0.7242f,2.4962f,0f,0f,0f,1f],start_interpolation: 0,interpolation_duration: 1}
$data merge entity $(bone_frontlegtipleft) {transformation: [-0.9659f,0.2384f,0.1007f,0.9353f,0f,0.389f,-0.9212f,-1.4853f,-0.2588f,-0.8898f,-0.3757f,1.608f,0f,0f,0f,1f],start_interpolation: 0,interpolation_duration: 1}
$data merge entity $(bone_frontfootleftd) {transformation: [-0.9659f,-0.1019f,0.2379f,0.5019f,0f,0.9192f,0.3938f,-2.4236f,-0.2588f,0.3804f,-0.8879f,3.1848f,0f,0f,0f,1f],start_interpolation: 0,interpolation_duration: 1}
$data merge entity $(bone_frontfootleft) {transformation: [0.9659f,0.135f,0.2208f,0.6014f,0f,-0.8532f,0.5215f,-2.1352f,0.2588f,-0.5038f,-0.8242f,2.8544f,0f,0f,0f,1f],start_interpolation: 0,interpolation_duration: 1}
$data merge entity $(bone_frontlegr) {transformation: [-0.9659f,0.1252f,-0.2265f,-0.8747f,0f,0.8753f,0.4836f,-0.8215f,0.2588f,0.4671f,-0.8455f,2.6262f,0f,0f,0f,1f],start_interpolation: 0,interpolation_duration: 1}
$data merge entity $(bone_frontlegtipright) {transformation: [-0.9659f,-0.2396f,-0.0978f,-0.8284f,0f,0.378f,-0.9258f,-1.7273f,0.2588f,-0.8942f,-0.3652f,1.8329f,0f,0f,0f,1f],start_interpolation: 0,interpolation_duration: 1}
$data merge entity $(bone_frontfootrightd) {transformation: [-0.9659f,0.0928f,-0.2416f,-0.4041f,0f,0.9335f,0.3586f,-2.5146f,0.2588f,0.3464f,-0.9017f,3.4574f,0f,0f,0f,1f],start_interpolation: 0,interpolation_duration: 1}
$data merge entity $(bone_frontfootright) {transformation: [0.9659f,-0.0839f,-0.2448f,-0.5013f,0f,-0.946f,0.3243f,-2.3092f,-0.2588f,-0.3132f,-0.9137f,3.0539f,0f,0f,0f,1f],start_interpolation: 0,interpolation_duration: 1}
$data merge entity $(bone_rearlegl) {transformation: [-1.0464f,-0.1376f,-0.2443f,-0.032f,0f,0.9438f,-0.5318f,-0.5546f,0.2804f,-0.5137f,-0.9117f,-0.458f,0f,0f,0f,1f],start_interpolation: 0,interpolation_duration: 1}
$data merge entity $(bone_rearfootleftd) {transformation: [-0.9659f,-0.0583f,-0.2522f,0.8015f,0f,0.9743f,-0.2254f,-2.7571f,0.2588f,-0.2177f,-0.9411f,-0.0038f,0f,0f,0f,1f],start_interpolation: 0,interpolation_duration: 1}
$data merge entity $(bone_rearfootleft) {transformation: [-0.9659f,0.1698f,-0.1954f,0.6884f,0f,0.7549f,0.6559f,-2.2118f,0.2588f,0.6335f,-0.7291f,-0.4259f,0f,0f,0f,1f],start_interpolation: 0,interpolation_duration: 1}
$data merge entity $(bone_rearlegtipleft) {transformation: [-0.9659f,0.2273f,-0.1237f,0.8631f,0f,0.478f,0.8783f,-1.7887f,0.2588f,0.8484f,-0.4617f,0.4676f,0f,0f,0f,1f],start_interpolation: 0,interpolation_duration: 1}
$data merge entity $(bone_rearlegr) {transformation: [-1.0464f,0.0338f,0.2783f,-1.3033f,0f,1.0754f,-0.1305f,-0.4727f,-0.2804f,-0.1261f,-1.0388f,-0.8039f,0f,0f,0f,1f],start_interpolation: 0,interpolation_duration: 1}
$data merge entity $(bone_rearfootrightd) {transformation: [-0.9659f,0.0291f,0.2572f,-0.5774f,0f,0.9937f,-0.1123f,-2.7331f,-0.2588f,-0.1084f,-0.9598f,-0.8565f,0f,0f,0f,1f],start_interpolation: 0,interpolation_duration: 1}
$data merge entity $(bone_rearfootright) {transformation: [-0.9659f,-0.2317f,0.1153f,-0.5272f,0f,0.4454f,0.8954f,-2.0619f,-0.2588f,0.8648f,-0.4302f,-1.0442f,0f,0f,0f,1f],start_interpolation: 0,interpolation_duration: 1}
$data merge entity $(bone_rearlegtipright) {transformation: [-0.9659f,-0.2581f,0.0194f,-0.8468f,0f,0.075f,0.9972f,-2.0492f,-0.2588f,0.9632f,-0.0725f,-0.0926f,0f,0f,0f,1f],start_interpolation: 0,interpolation_duration: 1}
$data merge entity $(bone_tail11) {transformation: [-0.2877f,-0.0537f,0.025f,0.1758f,-0.037f,0.2593f,0.1379f,-2.5928f,-0.0572f,0.1634f,-0.2819f,-6.8064f,0f,0f,0f,1f],start_interpolation: 0,interpolation_duration: 1}
$data merge entity $(bone_tail10) {transformation: [-0.3811f,-0.0631f,0.065f,0.1393f,-0.0444f,0.3766f,0.1096f,-2.6545f,-0.0951f,0.1344f,-0.4092f,-6.5762f,0f,0f,0f,1f],start_interpolation: 0,interpolation_duration: 1}
$data merge entity $(bone_tail9) {transformation: [-0.4752f,-0.0605f,0.1013f,0.0823f,-0.055f,0.4888f,0.0379f,-2.6758f,-0.125f,0.0592f,-0.5338f,-6.2759f,0f,0f,0f,1f],start_interpolation: 0,interpolation_duration: 1}
$data merge entity $(bone_tail8) {transformation: [-0.5621f,-0.0456f,0.1173f,0.0163f,-0.0629f,0.5722f,-0.0741f,-2.6341f,-0.1315f,-0.0588f,-0.6325f,-5.9201f,0f,0f,0f,1f],start_interpolation: 0,interpolation_duration: 1}
$data merge entity $(bone_tail7) {transformation: [-0.6685f,-0.0251f,0.1082f,-0.0445f,-0.0615f,0.6424f,-0.2233f,-2.5085f,-0.1141f,-0.2158f,-0.7231f,-5.5134f,0f,0f,0f,1f],start_interpolation: 0,interpolation_duration: 1}
$data merge entity $(bone_tail6) {transformation: [-0.7931f,-0.0131f,0.0803f,-0.0897f,-0.0498f,0.7162f,-0.3605f,-2.3057f,-0.0829f,-0.3601f,-0.8183f,-5.0531f,0f,0f,0f,1f],start_interpolation: 0,interpolation_duration: 1}
$data merge entity $(bone_tail5) {transformation: [-0.8847f,-0.0096f,0.0437f,-0.1143f,-0.032f,0.7724f,-0.4463f,-2.0547f,-0.0456f,-0.4498f,-0.8893f,-4.5529f,0f,0f,0f,1f],start_interpolation: 0,interpolation_duration: 1}
$data merge entity $(bone_tail4) {transformation: [-0.9842f,-0.0131f,0.0003f,-0.1145f,-0.0137f,0.8824f,-0.4527f,-1.8f,-0.0017f,-0.4488f,-1.0135f,-3.9828f,0f,0f,0f,1f],start_interpolation: 0,interpolation_duration: 1}
$data merge entity $(bone_tail3) {transformation: [-1.0928f,-0.0146f,-0.0399f,-0.0921f,0.0011f,1.0053f,-0.4515f,-1.546f,0.0397f,-0.4393f,-1.1499f,-3.336f,0f,0f,0f,1f],start_interpolation: 0,interpolation_duration: 1}
$data merge entity $(bone_tail2) {transformation: [-1.2136f,-0.0139f,-0.0593f,-0.0587f,0.0064f,1.1417f,-0.4425f,-1.2971f,0.0593f,-0.4206f,-1.3009f,-2.6043f,0f,0f,0f,1f],start_interpolation: 0,interpolation_duration: 1}
$data merge entity $(bone_tail1) {transformation: [-1.3486f,-0.012f,-0.063f,-0.0233f,0.006f,1.2924f,-0.4253f,-1.0579f,0.062f,-0.3918f,-1.4679f,-1.7786f,0f,0f,0f,1f],start_interpolation: 0,interpolation_duration: 1}
$data merge entity $(bone_tail0) {transformation: [-1.4994f,-0.0097f,-0.0457f,0f,0f,1.458f,-0.3993f,-0.4687f,0.0415f,-0.3522f,-1.6518f,-0.9375f,0f,0f,0f,1f],start_interpolation: 0,interpolation_duration: 1}