# This file was generated by Animated Java via MC-Build. It is not recommended to edit this file directly.
$data merge entity $(bone_leftwing20) {transformation: [-0.4219f,-2.2301f,-1.8974f,1.1963f,-0.4471f,1.9436f,-2.185f,0.4118f,2.8938f,-0.0249f,-0.6142f,3.5202f,0f,0f,0f,1f],start_interpolation: 0,interpolation_duration: 1}
$data merge entity $(bone_leftwing21) {transformation: [-0.2549f,-2.23f,-1.9269f,1.1963f,-0.2549f,1.9435f,-2.2155f,0.4118f,2.9361f,-0.0249f,-0.3597f,3.5202f,0f,0f,0f,1f],start_interpolation: 0,interpolation_duration: 1}
$data merge entity $(bone_leftwing22) {transformation: [-0.0862f,-2.2343f,-1.9455f,1.1963f,-0.061f,1.9473f,-2.2336f,0.4118f,2.962f,-0.0249f,-0.1026f,3.5202f,0f,0f,0f,1f],start_interpolation: 0,interpolation_duration: 1}
$data merge entity $(bone_leftwing23) {transformation: [0.0824f,-2.1987f,-1.9146f,1.1963f,0.1318f,1.9162f,-2.1949f,0.4118f,2.9125f,-0.0245f,0.1535f,3.5202f,0f,0f,0f,1f],start_interpolation: 0,interpolation_duration: 1}
$data merge entity $(bone_leftwing1) {transformation: [-0.2387f,-1.5077f,1.2922f,0.8383f,-0.299f,1.314f,1.4778f,-0.0367f,-1.9631f,-0.0168f,-0.3822f,0.5755f,0f,0f,0f,1f],start_interpolation: 0,interpolation_duration: 1}
$data merge entity $(bone_leftwing) {transformation: [-0.1005f,-0.8795f,-0.7599f,0.6875f,-0.1005f,0.7665f,-0.8738f,-0.1875f,1.158f,-0.0098f,-0.1418f,2.3125f,0f,0f,0f,1f],start_interpolation: 0,interpolation_duration: 1}
$data merge entity $(bone_rightwing20) {transformation: [-0.4219f,2.2301f,1.8974f,-1.1963f,0.4471f,1.9436f,-2.185f,0.4118f,-2.8938f,-0.0249f,-0.6142f,3.5202f,0f,0f,0f,1f],start_interpolation: 0,interpolation_duration: 1}
$data merge entity $(bone_rightwing21) {transformation: [-0.2549f,2.2301f,1.927f,-1.1963f,0.2549f,1.9436f,-2.2156f,0.4118f,-2.9363f,-0.0249f,-0.3597f,3.5202f,0f,0f,0f,1f],start_interpolation: 0,interpolation_duration: 1}
$data merge entity $(bone_rightwing22) {transformation: [-0.086f,2.2301f,1.9419f,-1.1963f,0.0609f,1.9436f,-2.2294f,0.4118f,-2.9565f,-0.0249f,-0.1024f,3.5202f,0f,0f,0f,1f],start_interpolation: 0,interpolation_duration: 1}
$data merge entity $(bone_rightwing23) {transformation: [0.0824f,2.1987f,1.9146f,-1.1963f,-0.1318f,1.9162f,-2.1949f,0.4118f,-2.9125f,-0.0245f,0.1535f,3.5202f,0f,0f,0f,1f],start_interpolation: 0,interpolation_duration: 1}
$data merge entity $(bone_rightwing1) {transformation: [-0.2387f,1.5077f,-1.2922f,-0.8383f,0.299f,1.314f,1.4778f,-0.0367f,1.9631f,-0.0168f,-0.3822f,0.5755f,0f,0f,0f,1f],start_interpolation: 0,interpolation_duration: 1}
$data merge entity $(bone_rightwing) {transformation: [-0.1005f,0.8795f,0.7599f,-0.6875f,0.1005f,0.7665f,-0.8738f,-0.1875f,-1.158f,-0.0098f,-0.1418f,2.3125f,0f,0f,0f,1f],start_interpolation: 0,interpolation_duration: 1}
$data merge entity $(bone_eyebrow) {transformation: [-0.8923f,0f,0f,0f,0f,0.8906f,0.0554f,0.1077f,0f,0.0554f,-0.8906f,6.13f,0f,0f,0f,1f],start_interpolation: 0,interpolation_duration: 1}
$data merge entity $(bone_head) {transformation: [-1.2269f,0f,0f,0f,0f,1.2245f,0.0761f,-0.2207f,0f,0.0761f,-1.2245f,4.4931f,0f,0f,0f,1f],start_interpolation: 0,interpolation_duration: 1}
$data merge entity $(bone_neck4) {transformation: [-1.0498f,0f,0f,0f,0f,0.9557f,-0.4344f,-0.218f,0f,-0.4344f,-0.9557f,4.4198f,0f,0f,0f,1f],start_interpolation: 0,interpolation_duration: 1}
$data merge entity $(bone_neck3) {transformation: [-1.1664f,0f,0f,0f,0f,1.0351f,-0.5376f,-0.4532f,0f,-0.5376f,-1.0351f,3.967f,0f,0f,0f,1f],start_interpolation: 0,interpolation_duration: 1}
$data merge entity $(bone_neck2) {transformation: [-1.296f,0f,0f,0f,0f,1.126f,-0.6417f,-0.6136f,0f,-0.6417f,-1.126f,3.6855f,0f,0f,0f,1f],start_interpolation: 0,interpolation_duration: 1}
$data merge entity $(bone_neck1) {transformation: [-1.44f,0f,0f,0f,0f,1.2982f,-0.6231f,-0.7694f,0f,-0.6231f,-1.2982f,3.3609f,0f,0f,0f,1f],start_interpolation: 0,interpolation_duration: 1}
$data merge entity $(bone_neck0) {transformation: [-1.6f,0f,0f,0f,0f,1.5464f,-0.4108f,-0.9687f,0f,-0.4108f,-1.5464f,3f,0f,0f,0f,1f],start_interpolation: 0,interpolation_duration: 1}
$data merge entity $(bone_frontlegl) {transformation: [-0.9659f,-0.1659f,0.1987f,0.439f,0f,0.7676f,0.6409f,-0.7484f,-0.2588f,0.6191f,-0.7415f,2.4945f,0f,0f,0f,1f],start_interpolation: 0,interpolation_duration: 1}
$data merge entity $(bone_frontlegtipleft) {transformation: [-0.9659f,0.2415f,0.0931f,0.9306f,0f,0.3599f,-0.933f,-1.5122f,-0.2588f,-0.9012f,-0.3476f,1.6256f,0f,0f,0f,1f],start_interpolation: 0,interpolation_duration: 1}
$data merge entity $(bone_frontfootleftd) {transformation: [-0.9659f,-0.1042f,0.2369f,0.49f,0f,0.9154f,0.4025f,-2.4f,-0.2588f,0.3888f,-0.8842f,3.229f,0f,0f,0f,1f],start_interpolation: 0,interpolation_duration: 1}
$data merge entity $(bone_frontfootleft) {transformation: [0.9659f,0.1289f,0.2245f,0.5915f,0f,-0.8672f,0.4979f,-2.1212f,0.2588f,-0.4809f,-0.8377f,2.8911f,0f,0f,0f,1f],start_interpolation: 0,interpolation_duration: 1}
$data merge entity $(bone_frontlegr) {transformation: [-0.9659f,0.1279f,-0.225f,-0.8747f,0f,0.8693f,0.4943f,-0.8211f,0.2588f,0.4774f,-0.8397f,2.6261f,0f,0f,0f,1f],start_interpolation: 0,interpolation_duration: 1}
$data merge entity $(bone_frontlegtipright) {transformation: [-0.9659f,-0.2363f,-0.1057f,-0.8309f,0f,0.4083f,-0.9128f,-1.7156f,0.2588f,-0.8817f,-0.3944f,1.8237f,0f,0f,0f,1f],start_interpolation: 0,interpolation_duration: 1}
$data merge entity $(bone_frontfootrightd) {transformation: [-0.9659f,0.0896f,-0.2428f,-0.4123f,0f,0.9382f,0.3462f,-2.5493f,0.2588f,0.3344f,-0.9062f,3.4266f,0f,0f,0f,1f],start_interpolation: 0,interpolation_duration: 1}
$data merge entity $(bone_frontfootright) {transformation: [0.9659f,-0.0869f,-0.2438f,-0.5089f,0f,-0.9419f,0.3358f,-2.3389f,-0.2588f,-0.3244f,-0.9098f,3.0255f,0f,0f,0f,1f],start_interpolation: 0,interpolation_duration: 1}
$data merge entity $(bone_rearlegl) {transformation: [-1.0464f,-0.1295f,-0.2487f,-0.0313f,0f,0.9608f,-0.5005f,-0.5473f,0.2804f,-0.4834f,-0.9281f,-0.4557f,0f,0f,0f,1f],start_interpolation: 0,interpolation_duration: 1}
$data merge entity $(bone_rearfootleftd) {transformation: [-0.9659f,-0.06f,-0.2518f,0.7876f,0f,0.9728f,-0.2318f,-2.7834f,0.2588f,-0.2239f,-0.9396f,-0.0559f,0f,0f,0f,1f],start_interpolation: 0,interpolation_duration: 1}
$data merge entity $(bone_rearfootleft) {transformation: [-0.9659f,0.1733f,-0.1923f,0.677f,0f,0.7428f,0.6695f,-2.2302f,0.2588f,0.6467f,-0.7175f,-0.4683f,0f,0f,0f,1f],start_interpolation: 0,interpolation_duration: 1}
$data merge entity $(bone_rearlegtipleft) {transformation: [-0.9659f,0.2282f,-0.1221f,0.8525f,0f,0.4719f,0.8817f,-1.8135f,0.2588f,0.8516f,-0.4558f,0.428f,0f,0f,0f,1f],start_interpolation: 0,interpolation_duration: 1}
$data merge entity $(bone_rearlegr) {transformation: [-1.0464f,0.0372f,0.2779f,-1.3028f,0f,1.0738f,-0.1437f,-0.4753f,-0.2804f,-0.1388f,-1.0372f,-0.8057f,0f,0f,0f,1f],start_interpolation: 0,interpolation_duration: 1}
$data merge entity $(bone_rearfootrightd) {transformation: [-0.9659f,0.0282f,0.2573f,-0.5814f,0f,0.9941f,-0.1089f,-2.7178f,-0.2588f,-0.1052f,-0.9602f,-0.8416f,0f,0f,0f,1f],start_interpolation: 0,interpolation_duration: 1}
$data merge entity $(bone_rearfootright) {transformation: [-0.9659f,-0.2321f,0.1145f,-0.5317f,0f,0.4423f,0.8969f,-2.0459f,-0.2588f,0.8663f,-0.4272f,-1.027f,0f,0f,0f,1f],start_interpolation: 0,interpolation_duration: 1}
$data merge entity $(bone_rearlegtipright) {transformation: [-0.9659f,-0.2584f,0.015f,-0.8514f,0f,0.0581f,0.9983f,-2.0502f,-0.2588f,0.9643f,-0.0562f,-0.0754f,0f,0f,0f,1f],start_interpolation: 0,interpolation_duration: 1}
$data merge entity $(bone_tail11) {transformation: [-0.2885f,-0.0516f,0.0202f,0.2315f,-0.0376f,0.2604f,0.1355f,-2.5784f,-0.0509f,0.1618f,-0.2841f,-6.8119f,0f,0f,0f,1f],start_interpolation: 0,interpolation_duration: 1}
$data merge entity $(bone_tail10) {transformation: [-0.3819f,-0.0617f,0.0613f,0.1971f,-0.0444f,0.3772f,0.1073f,-2.6388f,-0.0901f,0.1325f,-0.4111f,-6.5806f,0f,0f,0f,1f],start_interpolation: 0,interpolation_duration: 1}
$data merge entity $(bone_tail9) {transformation: [-0.4754f,-0.06f,0.1008f,0.1404f,-0.0548f,0.4889f,0.0364f,-2.6593f,-0.1239f,0.0574f,-0.5343f,-6.2801f,0f,0f,0f,1f],start_interpolation: 0,interpolation_duration: 1}
$data merge entity $(bone_tail8) {transformation: [-0.5611f,-0.0454f,0.1218f,0.0719f,-0.0633f,0.5721f,-0.0743f,-2.6175f,-0.1362f,-0.0598f,-0.6315f,-5.9249f,0f,0f,0f,1f],start_interpolation: 0,interpolation_duration: 1}
$data merge entity $(bone_tail7) {transformation: [-0.6668f,-0.024f,0.1186f,0.0052f,-0.0637f,0.6425f,-0.2219f,-2.4926f,-0.1252f,-0.2156f,-0.7214f,-5.5191f,0f,0f,0f,1f],start_interpolation: 0,interpolation_duration: 1}
$data merge entity $(bone_tail6) {transformation: [-0.7914f,-0.0105f,0.0953f,-0.0484f,-0.0539f,0.717f,-0.358f,-2.2913f,-0.0991f,-0.3585f,-0.8173f,-5.0594f,0f,0f,0f,1f],start_interpolation: 0,interpolation_duration: 1}
$data merge entity $(bone_tail5) {transformation: [-0.8837f,-0.0059f,0.0607f,-0.0826f,-0.037f,0.7739f,-0.443f,-2.0421f,-0.0641f,-0.4472f,-0.8896f,-4.559f,0f,0f,0f,1f],start_interpolation: 0,interpolation_duration: 1}
$data merge entity $(bone_tail4) {transformation: [-0.984f,-0.01f,0.0175f,-0.0924f,-0.0185f,0.8842f,-0.4487f,-1.7897f,-0.0202f,-0.4451f,-1.0151f,-3.9879f,0f,0f,0f,1f],start_interpolation: 0,interpolation_duration: 1}
$data merge entity $(bone_tail3) {transformation: [-1.0932f,-0.0121f,-0.025f,-0.0783f,-0.0027f,1.0072f,-0.4469f,-1.5383f,0.0238f,-0.4349f,-1.1522f,-3.3398f,0f,0f,0f,1f],start_interpolation: 0,interpolation_duration: 1}
$data merge entity $(bone_tail2) {transformation: [-1.2141f,-0.012f,-0.0471f,-0.0518f,0.0037f,1.1434f,-0.4375f,-1.2922f,0.0464f,-0.4158f,-1.3031f,-2.6068f,0f,0f,0f,1f],start_interpolation: 0,interpolation_duration: 1}
$data merge entity $(bone_tail1) {transformation: [-1.349f,-0.0106f,-0.0545f,-0.0212f,0.0046f,1.2937f,-0.4204f,-1.0557f,0.0533f,-0.3871f,-1.4696f,-1.7801f,0f,0f,0f,1f],start_interpolation: 0,interpolation_duration: 1}
$data merge entity $(bone_tail0) {transformation: [-1.4995f,-0.0088f,-0.0415f,0f,0f,1.4589f,-0.3951f,-0.4687f,0.0377f,-0.3485f,-1.6529f,-0.9375f,0f,0f,0f,1f],start_interpolation: 0,interpolation_duration: 1}