# This file was generated by Animated Java via MC-Build. It is not recommended to edit this file directly.
$data merge entity $(bone_leftwing20) {transformation: [-0.4234f,-2.2149f,-1.9148f,1.2018f,-0.4457f,1.961f,-2.1697f,0.4069f,2.8937f,-0.022f,-0.6144f,3.5202f,0f,0f,0f,1f],start_interpolation: 0,interpolation_duration: 1}
$data merge entity $(bone_leftwing21) {transformation: [-0.2549f,-2.2148f,-1.9444f,1.2018f,-0.2549f,1.9609f,-2.2002f,0.4069f,2.9361f,-0.022f,-0.3598f,3.5202f,0f,0f,0f,1f],start_interpolation: 0,interpolation_duration: 1}
$data merge entity $(bone_leftwing22) {transformation: [-0.0847f,-2.2191f,-1.963f,1.2018f,-0.0623f,1.9647f,-2.2183f,0.4069f,2.962f,-0.0221f,-0.1028f,3.5202f,0f,0f,0f,1f],start_interpolation: 0,interpolation_duration: 1}
$data merge entity $(bone_leftwing23) {transformation: [0.0854f,-2.1837f,-1.9316f,1.2018f,0.1292f,1.9334f,-2.18f,0.4069f,2.9126f,-0.0217f,0.1533f,3.5202f,0f,0f,0f,1f],start_interpolation: 0,interpolation_duration: 1}
$data merge entity $(bone_leftwing1) {transformation: [-0.2423f,-1.4974f,1.3035f,0.8383f,-0.2958f,1.3257f,1.468f,-0.0367f,-1.9631f,-0.0149f,-0.3821f,0.5755f,0f,0f,0f,1f],start_interpolation: 0,interpolation_duration: 1}
$data merge entity $(bone_leftwing) {transformation: [-0.1005f,-0.8735f,-0.7668f,0.6875f,-0.1005f,0.7733f,-0.8677f,-0.1875f,1.158f,-0.0087f,-0.1419f,2.3125f,0f,0f,0f,1f],start_interpolation: 0,interpolation_duration: 1}
$data merge entity $(bone_rightwing20) {transformation: [-0.4234f,2.2149f,1.9148f,-1.2018f,0.4457f,1.961f,-2.1697f,0.4069f,-2.8937f,-0.022f,-0.6144f,3.5202f,0f,0f,0f,1f],start_interpolation: 0,interpolation_duration: 1}
$data merge entity $(bone_rightwing21) {transformation: [-0.2549f,2.2149f,1.9445f,-1.2018f,0.2549f,1.961f,-2.2003f,0.4069f,-2.9363f,-0.022f,-0.3599f,3.5202f,0f,0f,0f,1f],start_interpolation: 0,interpolation_duration: 1}
$data merge entity $(bone_rightwing22) {transformation: [-0.0845f,2.2149f,1.9593f,-1.2018f,0.0622f,1.961f,-2.2141f,0.4069f,-2.9565f,-0.022f,-0.1026f,3.5202f,0f,0f,0f,1f],start_interpolation: 0,interpolation_duration: 1}
$data merge entity $(bone_rightwing23) {transformation: [0.0854f,2.1837f,1.9316f,-1.2018f,-0.1292f,1.9334f,-2.18f,0.4069f,-2.9126f,-0.0217f,0.1533f,3.5202f,0f,0f,0f,1f],start_interpolation: 0,interpolation_duration: 1}
$data merge entity $(bone_rightwing1) {transformation: [-0.2423f,1.4974f,-1.3035f,-0.8383f,0.2958f,1.3257f,1.468f,-0.0367f,1.9631f,-0.0149f,-0.3821f,0.5755f,0f,0f,0f,1f],start_interpolation: 0,interpolation_duration: 1}
$data merge entity $(bone_rightwing) {transformation: [-0.1005f,0.8735f,0.7668f,-0.6875f,0.1005f,0.7733f,-0.8677f,-0.1875f,-1.158f,-0.0087f,-0.1419f,2.3125f,0f,0f,0f,1f],start_interpolation: 0,interpolation_duration: 1}
$data merge entity $(bone_eyebrow) {transformation: [-0.8923f,0f,0f,0f,0f,0.8906f,0.0557f,0.0937f,0f,0.0557f,-0.8906f,6.137f,0f,0f,0f,1f],start_interpolation: 0,interpolation_duration: 1}
$data merge entity $(bone_head) {transformation: [-1.2269f,0f,0f,0f,0f,1.2245f,0.0766f,-0.234f,0f,0.0766f,-1.2245f,4.5f,0f,0f,0f,1f],start_interpolation: 0,interpolation_duration: 1}
$data merge entity $(bone_neck4) {transformation: [-1.0498f,0f,0f,0f,0f,0.9559f,-0.434f,-0.2313f,0f,-0.434f,-0.9559f,4.4267f,0f,0f,0f,1f],start_interpolation: 0,interpolation_duration: 1}
$data merge entity $(bone_neck3) {transformation: [-1.1664f,0f,0f,0f,0f,1.0388f,-0.5304f,-0.4633f,0f,-0.5304f,-1.0388f,3.9722f,0f,0f,0f,1f],start_interpolation: 0,interpolation_duration: 1}
$data merge entity $(bone_neck2) {transformation: [-1.296f,0f,0f,0f,0f,1.1346f,-0.6263f,-0.6199f,0f,-0.6263f,-1.1346f,3.6886f,0f,0f,0f,1f],start_interpolation: 0,interpolation_duration: 1}
$data merge entity $(bone_neck1) {transformation: [-1.44f,0f,0f,0f,0f,1.3062f,-0.6062f,-0.7715f,0f,-0.6062f,-1.3062f,3.3621f,0f,0f,0f,1f],start_interpolation: 0,interpolation_duration: 1}
$data merge entity $(bone_neck0) {transformation: [-1.6f,0f,0f,0f,0f,1.5487f,-0.402f,-0.9687f,0f,-0.402f,-1.5487f,3f,0f,0f,0f,1f],start_interpolation: 0,interpolation_duration: 1}
$data merge entity $(bone_frontlegl) {transformation: [-0.9659f,-0.1606f,0.203f,0.4394f,0f,0.7842f,0.6205f,-0.748f,-0.2588f,0.5994f,-0.7574f,2.4929f,0f,0f,0f,1f],start_interpolation: 0,interpolation_duration: 1}
$data merge entity $(bone_frontlegtipleft) {transformation: [-0.9659f,0.2441f,0.0861f,0.9259f,0f,0.3328f,-0.943f,-1.5372f,-0.2588f,-0.9109f,-0.3215f,1.6433f,0f,0f,0f,1f],start_interpolation: 0,interpolation_duration: 1}
$data merge entity $(bone_frontfootleftd) {transformation: [-0.9659f,-0.1062f,0.236f,0.479f,0f,0.912f,0.4102f,-2.3777f,-0.2588f,0.3963f,-0.8809f,3.2701f,0f,0f,0f,1f],start_interpolation: 0,interpolation_duration: 1}
$data merge entity $(bone_frontfootleft) {transformation: [0.9659f,0.1229f,0.2278f,0.5824f,0f,-0.88f,0.475f,-2.1082f,0.2588f,-0.4588f,-0.85f,2.9252f,0f,0f,0f,1f],start_interpolation: 0,interpolation_duration: 1}
$data merge entity $(bone_frontlegr) {transformation: [-0.9659f,0.1311f,-0.2232f,-0.8747f,0f,0.8623f,0.5064f,-0.8206f,0.2588f,0.4892f,-0.8329f,2.626f,0f,0f,0f,1f],start_interpolation: 0,interpolation_duration: 1}
$data merge entity $(bone_frontlegtipright) {transformation: [-0.9659f,-0.2324f,-0.114f,-0.8337f,0f,0.4403f,-0.8978f,-1.7023f,0.2588f,-0.8672f,-0.4253f,1.8132f,0f,0f,0f,1f],start_interpolation: 0,interpolation_duration: 1}
$data merge entity $(bone_frontfootrightd) {transformation: [-0.9659f,0.0862f,-0.2441f,-0.4218f,0f,0.9429f,0.333f,-2.5854f,0.2588f,0.3216f,-0.9108f,3.3912f,0f,0f,0f,1f],start_interpolation: 0,interpolation_duration: 1}
$data merge entity $(bone_frontfootright) {transformation: [0.9659f,-0.0903f,-0.2425f,-0.5176f,0f,-0.9371f,0.349f,-2.3692f,-0.2588f,-0.3371f,-0.9052f,2.993f,0f,0f,0f,1f],start_interpolation: 0,interpolation_duration: 1}
$data merge entity $(bone_rearlegl) {transformation: [-1.0464f,-0.1215f,-0.2527f,-0.0307f,0f,0.9764f,-0.4693f,-0.5403f,0.2804f,-0.4533f,-0.9431f,-0.4532f,0f,0f,0f,1f],start_interpolation: 0,interpolation_duration: 1}
$data merge entity $(bone_rearfootleftd) {transformation: [-0.9659f,-0.061f,-0.2515f,0.7735f,0f,0.9719f,-0.2355f,-2.8069f,0.2588f,-0.2275f,-0.9388f,-0.1082f,0f,0f,0f,1f],start_interpolation: 0,interpolation_duration: 1}
$data merge entity $(bone_rearfootleft) {transformation: [-0.9659f,0.1768f,-0.189f,0.6657f,0f,0.7304f,0.683f,-2.2461f,0.2588f,0.6597f,-0.7055f,-0.5108f,0f,0f,0f,1f],start_interpolation: 0,interpolation_duration: 1}
$data merge entity $(bone_rearlegtipleft) {transformation: [-0.9659f,0.2292f,-0.1203f,0.842f,0f,0.4649f,0.8854f,-1.8365f,0.2588f,0.8552f,-0.449f,0.3887f,0f,0f,0f,1f],start_interpolation: 0,interpolation_duration: 1}
$data merge entity $(bone_rearlegr) {transformation: [-1.0464f,0.0411f,0.2774f,-1.3023f,0f,1.0716f,-0.1587f,-0.4783f,-0.2804f,-0.1533f,-1.0351f,-0.8077f,0f,0f,0f,1f],start_interpolation: 0,interpolation_duration: 1}
$data merge entity $(bone_rearfootrightd) {transformation: [-0.9659f,0.0276f,0.2573f,-0.5863f,0f,0.9943f,-0.1065f,-2.702f,-0.2588f,-0.1029f,-0.9604f,-0.8233f,0f,0f,0f,1f],start_interpolation: 0,interpolation_duration: 1}
$data merge entity $(bone_rearfootright) {transformation: [-0.9659f,-0.2324f,0.1139f,-0.537f,0f,0.4402f,0.8979f,-2.0297f,-0.2588f,0.8673f,-0.4252f,-1.0072f,0f,0f,0f,1f],start_interpolation: 0,interpolation_duration: 1}
$data merge entity $(bone_rearlegtipright) {transformation: [-0.9659f,-0.2586f,0.0108f,-0.8567f,0f,0.0417f,0.9991f,-2.0505f,-0.2588f,0.9651f,-0.0402f,-0.0558f,0f,0f,0f,1f],start_interpolation: 0,interpolation_duration: 1}
$data merge entity $(bone_tail11) {transformation: [-0.2893f,-0.0489f,0.0152f,0.2843f,-0.0376f,0.2614f,0.1336f,-2.5586f,-0.044f,0.1608f,-0.2859f,-6.8189f,0f,0f,0f,1f],start_interpolation: 0,interpolation_duration: 1}
$data merge entity $(bone_tail10) {transformation: [-0.3829f,-0.0596f,0.0567f,0.2524f,-0.0438f,0.3776f,0.1056f,-2.6181f,-0.084f,0.1315f,-0.4127f,-6.5867f,0f,0f,0f,1f],start_interpolation: 0,interpolation_duration: 1}
$data merge entity $(bone_tail9) {transformation: [-0.4759f,-0.0587f,0.099f,0.1967f,-0.0536f,0.489f,0.0356f,-2.6381f,-0.1213f,0.0568f,-0.535f,-6.2857f,0f,0f,0f,1f],start_interpolation: 0,interpolation_duration: 1}
$data merge entity $(bone_tail8) {transformation: [-0.5605f,-0.0446f,0.1248f,0.1265f,-0.0627f,0.5721f,-0.0736f,-2.5967f,-0.1393f,-0.0596f,-0.631f,-5.9308f,0f,0f,0f,1f],start_interpolation: 0,interpolation_duration: 1}
$data merge entity $(bone_tail7) {transformation: [-0.6652f,-0.0226f,0.1275f,0.0548f,-0.0649f,0.6431f,-0.2196f,-2.4732f,-0.1349f,-0.2142f,-0.7202f,-5.5257f,0f,0f,0f,1f],start_interpolation: 0,interpolation_duration: 1}
$data merge entity $(bone_tail6) {transformation: [-0.7897f,-0.0077f,0.1091f,-0.0065f,-0.0571f,0.7184f,-0.3544f,-2.2738f,-0.1142f,-0.3557f,-0.8167f,-5.0663f,0f,0f,0f,1f],start_interpolation: 0,interpolation_duration: 1}
$data merge entity $(bone_tail5) {transformation: [-0.8825f,-0.0021f,0.0768f,-0.0498f,-0.0413f,0.776f,-0.4386f,-2.0271f,-0.0818f,-0.4433f,-0.8903f,-4.5655f,0f,0f,0f,1f],start_interpolation: 0,interpolation_duration: 1}
$data merge entity $(bone_tail4) {transformation: [-0.9836f,-0.0067f,0.0344f,-0.0691f,-0.023f,0.8865f,-0.4435f,-1.7776f,-0.0385f,-0.4403f,-1.0169f,-3.9935f,0f,0f,0f,1f],start_interpolation: 0,interpolation_duration: 1}
$data merge entity $(bone_tail3) {transformation: [-1.0935f,-0.0095f,-0.0099f,-0.0636f,-0.0063f,1.0094f,-0.4413f,-1.5294f,0.0076f,-0.4295f,-1.1547f,-3.344f,0f,0f,0f,1f],start_interpolation: 0,interpolation_duration: 1}
$data merge entity $(bone_tail2) {transformation: [-1.2146f,-0.0099f,-0.0342f,-0.0443f,0.0011f,1.1454f,-0.4317f,-1.2866f,0.0329f,-0.4101f,-1.3056f,-2.6097f,0f,0f,0f,1f],start_interpolation: 0,interpolation_duration: 1}
$data merge entity $(bone_tail1) {transformation: [-1.3493f,-0.0091f,-0.0454f,-0.0188f,0.0033f,1.2953f,-0.4147f,-1.0533f,0.044f,-0.3818f,-1.4716f,-1.7819f,0f,0f,0f,1f],start_interpolation: 0,interpolation_duration: 1}
$data merge entity $(bone_tail0) {transformation: [-1.4996f,-0.0077f,-0.0368f,0f,0f,1.4599f,-0.3904f,-0.4687f,0.0334f,-0.3443f,-1.6542f,-0.9375f,0f,0f,0f,1f],start_interpolation: 0,interpolation_duration: 1}