# This file was generated by Animated Java via MC-Build. It is not recommended to edit this file directly.
$data merge entity $(bone_leftwing20) {transformation: [-0.4251f,-2.1981f,-1.9338f,1.2077f,-0.4443f,1.9799f,-2.1528f,0.4016f,2.8937f,-0.0189f,-0.6146f,3.5203f,0f,0f,0f,1f],start_interpolation: 0,interpolation_duration: 1}
$data merge entity $(bone_leftwing21) {transformation: [-0.2549f,-2.1979f,-1.9634f,1.2077f,-0.2549f,1.9798f,-2.1832f,0.4016f,2.9361f,-0.0189f,-0.36f,3.5203f,0f,0f,0f,1f],start_interpolation: 0,interpolation_duration: 1}
$data merge entity $(bone_leftwing22) {transformation: [-0.083f,-2.2022f,-1.982f,1.2077f,-0.0638f,1.9836f,-2.2013f,0.4016f,2.962f,-0.019f,-0.1029f,3.5203f,0f,0f,0f,1f],start_interpolation: 0,interpolation_duration: 1}
$data merge entity $(bone_leftwing23) {transformation: [0.0886f,-2.1671f,-1.9501f,1.2077f,0.1263f,1.952f,-2.1635f,0.4016f,2.9126f,-0.0187f,0.1531f,3.5203f,0f,0f,0f,1f],start_interpolation: 0,interpolation_duration: 1}
$data merge entity $(bone_leftwing1) {transformation: [-0.2463f,-1.486f,1.3157f,0.8383f,-0.2922f,1.3385f,1.4571f,-0.0367f,-1.9632f,-0.0128f,-0.3819f,0.5755f,0f,0f,0f,1f],start_interpolation: 0,interpolation_duration: 1}
$data merge entity $(bone_leftwing) {transformation: [-0.1005f,-0.8668f,-0.7743f,0.6875f,-0.1005f,0.7808f,-0.861f,-0.1875f,1.158f,-0.0075f,-0.142f,2.3125f,0f,0f,0f,1f],start_interpolation: 0,interpolation_duration: 1}
$data merge entity $(bone_rightwing20) {transformation: [-0.4251f,2.1981f,1.9338f,-1.2077f,0.4443f,1.9799f,-2.1528f,0.4016f,-2.8937f,-0.0189f,-0.6146f,3.5203f,0f,0f,0f,1f],start_interpolation: 0,interpolation_duration: 1}
$data merge entity $(bone_rightwing21) {transformation: [-0.2549f,2.1981f,1.9635f,-1.2077f,0.2549f,1.9799f,-2.1833f,0.4016f,-2.9363f,-0.0189f,-0.36f,3.5203f,0f,0f,0f,1f],start_interpolation: 0,interpolation_duration: 1}
$data merge entity $(bone_rightwing22) {transformation: [-0.0828f,2.1981f,1.9782f,-1.2077f,0.0637f,1.9799f,-2.1972f,0.4016f,-2.9565f,-0.0189f,-0.1027f,3.5203f,0f,0f,0f,1f],start_interpolation: 0,interpolation_duration: 1}
$data merge entity $(bone_rightwing23) {transformation: [0.0886f,2.1671f,1.9501f,-1.2077f,-0.1263f,1.952f,-2.1635f,0.4016f,-2.9126f,-0.0187f,0.1531f,3.5203f,0f,0f,0f,1f],start_interpolation: 0,interpolation_duration: 1}
$data merge entity $(bone_rightwing1) {transformation: [-0.2463f,1.486f,-1.3157f,-0.8383f,0.2922f,1.3385f,1.4571f,-0.0367f,1.9632f,-0.0128f,-0.3819f,0.5755f,0f,0f,0f,1f],start_interpolation: 0,interpolation_duration: 1}
$data merge entity $(bone_rightwing) {transformation: [-0.1005f,0.8668f,0.7743f,-0.6875f,0.1005f,0.7808f,-0.861f,-0.1875f,-1.158f,-0.0075f,-0.142f,2.3125f,0f,0f,0f,1f],start_interpolation: 0,interpolation_duration: 1}
$data merge entity $(bone_eyebrow) {transformation: [-0.8923f,0f,0f,0f,0f,0.8906f,0.0556f,0.081f,0f,0.0556f,-0.8906f,6.1435f,0f,0f,0f,1f],start_interpolation: 0,interpolation_duration: 1}
$data merge entity $(bone_head) {transformation: [-1.2269f,0f,0f,0f,0f,1.2245f,0.0765f,-0.247f,0f,0.0765f,-1.2245f,4.5066f,0f,0f,0f,1f],start_interpolation: 0,interpolation_duration: 1}
$data merge entity $(bone_neck4) {transformation: [-1.0498f,0f,0f,0f,0f,0.9558f,-0.4341f,-0.2443f,0f,-0.4341f,-0.9558f,4.4333f,0f,0f,0f,1f],start_interpolation: 0,interpolation_duration: 1}
$data merge entity $(bone_neck3) {transformation: [-1.1664f,0f,0f,0f,0f,1.0419f,-0.5243f,-0.4736f,0f,-0.5243f,-1.0419f,3.9775f,0f,0f,0f,1f],start_interpolation: 0,interpolation_duration: 1}
$data merge entity $(bone_neck2) {transformation: [-1.296f,0f,0f,0f,0f,1.1426f,-0.6116f,-0.6265f,0f,-0.6116f,-1.1426f,3.6918f,0f,0f,0f,1f],start_interpolation: 0,interpolation_duration: 1}
$data merge entity $(bone_neck1) {transformation: [-1.44f,0f,0f,0f,0f,1.314f,-0.589f,-0.7737f,0f,-0.589f,-1.314f,3.3633f,0f,0f,0f,1f],start_interpolation: 0,interpolation_duration: 1}
$data merge entity $(bone_neck0) {transformation: [-1.6f,0f,0f,0f,0f,1.5512f,-0.3922f,-0.9687f,0f,-0.3922f,-1.5512f,3f,0f,0f,0f,1f],start_interpolation: 0,interpolation_duration: 1}
$data merge entity $(bone_frontlegl) {transformation: [-0.9659f,-0.1555f,0.2069f,0.4398f,0f,0.7994f,0.6008f,-0.7477f,-0.2588f,0.5804f,-0.7721f,2.4913f,0f,0f,0f,1f],start_interpolation: 0,interpolation_duration: 1}
$data merge entity $(bone_frontlegtipleft) {transformation: [-0.9659f,0.2462f,0.0797f,0.9212f,0f,0.308f,-0.9514f,-1.5604f,-0.2588f,-0.919f,-0.2975f,1.6608f,0f,0f,0f,1f],start_interpolation: 0,interpolation_duration: 1}
$data merge entity $(bone_frontfootleftd) {transformation: [-0.9659f,-0.1079f,0.2352f,0.4689f,0f,0.9089f,0.4171f,-2.3568f,-0.2588f,0.4029f,-0.8779f,3.3079f,0f,0f,0f,1f],start_interpolation: 0,interpolation_duration: 1}
$data merge entity $(bone_frontfootleft) {transformation: [0.9659f,0.1172f,0.2308f,0.574f,0f,-0.8916f,0.4529f,-2.0964f,0.2588f,-0.4375f,-0.8612f,2.9567f,0f,0f,0f,1f],start_interpolation: 0,interpolation_duration: 1}
$data merge entity $(bone_frontlegr) {transformation: [-0.9659f,0.1346f,-0.2211f,-0.8748f,0f,0.8542f,0.52f,-0.8201f,0.2588f,0.5023f,-0.8251f,2.6259f,0f,0f,0f,1f],start_interpolation: 0,interpolation_duration: 1}
$data merge entity $(bone_frontlegtipright) {transformation: [-0.9659f,-0.2279f,-0.1226f,-0.8369f,0f,0.4738f,-0.8806f,-1.6874f,0.2588f,-0.8506f,-0.4577f,1.8014f,0f,0f,0f,1f],start_interpolation: 0,interpolation_duration: 1}
$data merge entity $(bone_frontfootrightd) {transformation: [-0.9659f,0.0826f,-0.2453f,-0.4326f,0f,0.9478f,0.319f,-2.6224f,0.2588f,0.3081f,-0.9155f,3.351f,0f,0f,0f,1f],start_interpolation: 0,interpolation_duration: 1}
$data merge entity $(bone_frontfootright) {transformation: [0.9659f,-0.0942f,-0.2411f,-0.5274f,0f,-0.9315f,0.3638f,-2.3998f,-0.2588f,-0.3514f,-0.8997f,2.9562f,0f,0f,0f,1f],start_interpolation: 0,interpolation_duration: 1}
$data merge entity $(bone_rearlegl) {transformation: [-1.0464f,-0.1135f,-0.2564f,-0.0299f,0f,0.9906f,-0.4385f,-0.5336f,0.2804f,-0.4236f,-0.9569f,-0.4505f,0f,0f,0f,1f],start_interpolation: 0,interpolation_duration: 1}
$data merge entity $(bone_rearfootleftd) {transformation: [-0.9659f,-0.0612f,-0.2515f,0.7595f,0f,0.9716f,-0.2364f,-2.8278f,0.2588f,-0.2284f,-0.9385f,-0.1606f,0f,0f,0f,1f],start_interpolation: 0,interpolation_duration: 1}
$data merge entity $(bone_rearfootleft) {transformation: [-0.9659f,0.1802f,-0.1857f,0.6543f,0f,0.7177f,0.6964f,-2.2593f,0.2588f,0.6726f,-0.6932f,-0.5531f,0f,0f,0f,1f],start_interpolation: 0,interpolation_duration: 1}
$data merge entity $(bone_rearlegtipleft) {transformation: [-0.9659f,0.2302f,-0.1183f,0.8315f,0f,0.457f,0.8895f,-1.8579f,0.2588f,0.8592f,-0.4414f,0.3498f,0f,0f,0f,1f],start_interpolation: 0,interpolation_duration: 1}
$data merge entity $(bone_rearlegr) {transformation: [-1.0464f,0.0455f,0.2767f,-1.3017f,0f,1.069f,-0.1757f,-0.4817f,-0.2804f,-0.1697f,-1.0326f,-0.8099f,0f,0f,0f,1f],start_interpolation: 0,interpolation_duration: 1}
$data merge entity $(bone_rearfootrightd) {transformation: [-0.9659f,0.0272f,0.2574f,-0.5921f,0f,0.9945f,-0.1052f,-2.6857f,-0.2588f,-0.1016f,-0.9606f,-0.8018f,0f,0f,0f,1f],start_interpolation: 0,interpolation_duration: 1}
$data merge entity $(bone_rearfootright) {transformation: [-0.9659f,-0.2326f,0.1136f,-0.5431f,0f,0.4389f,0.8985f,-2.0131f,-0.2588f,0.8679f,-0.424f,-0.9848f,0f,0f,0f,1f],start_interpolation: 0,interpolation_duration: 1}
$data merge entity $(bone_rearlegtipright) {transformation: [-0.9659f,-0.2587f,0.0066f,-0.8626f,0f,0.0256f,0.9997f,-2.05f,-0.2588f,0.9656f,-0.0248f,-0.0338f,0f,0f,0f,1f],start_interpolation: 0,interpolation_duration: 1}
$data merge entity $(bone_tail11) {transformation: [-0.29f,-0.0456f,0.0099f,0.3334f,-0.0371f,0.262f,0.1323f,-2.5336f,-0.0366f,0.1605f,-0.2872f,-6.8273f,0f,0f,0f,1f],start_interpolation: 0,interpolation_duration: 1}
$data merge entity $(bone_tail10) {transformation: [-0.3841f,-0.0569f,0.0514f,0.3045f,-0.0424f,0.378f,0.1047f,-2.5925f,-0.0769f,0.1316f,-0.4142f,-6.5943f,0f,0f,0f,1f],start_interpolation: 0,interpolation_duration: 1}
$data merge entity $(bone_tail9) {transformation: [-0.4767f,-0.0568f,0.096f,0.2506f,-0.0517f,0.4891f,0.0357f,-2.6126f,-0.1173f,0.0575f,-0.536f,-6.2929f,0f,0f,0f,1f],start_interpolation: 0,interpolation_duration: 1}
$data merge entity $(bone_tail8) {transformation: [-0.5603f,-0.0433f,0.1262f,0.1795f,-0.0611f,0.5724f,-0.072f,-2.5721f,-0.1407f,-0.0581f,-0.6309f,-5.938f,0f,0f,0f,1f],start_interpolation: 0,interpolation_duration: 1}
$data merge entity $(bone_tail7) {transformation: [-0.6638f,-0.021f,0.1347f,0.1038f,-0.0651f,0.644f,-0.2164f,-2.4504f,-0.1429f,-0.2115f,-0.7196f,-5.5332f,0f,0f,0f,1f],start_interpolation: 0,interpolation_duration: 1}
$data merge entity $(bone_tail6) {transformation: [-0.7879f,-0.0049f,0.1215f,0.0355f,-0.0594f,0.7203f,-0.3498f,-2.2537f,-0.1279f,-0.3517f,-0.8166f,-5.0739f,0f,0f,0f,1f],start_interpolation: 0,interpolation_duration: 1}
$data merge entity $(bone_tail5) {transformation: [-0.881f,0.0017f,0.0921f,-0.0163f,-0.0448f,0.7787f,-0.4332f,-2.01f,-0.0986f,-0.4382f,-0.8913f,-4.5725f,0f,0f,0f,1f],start_interpolation: 0,interpolation_duration: 1}
$data merge entity $(bone_tail4) {transformation: [-0.9829f,-0.0035f,0.0509f,-0.045f,-0.027f,0.8892f,-0.4374f,-1.764f,-0.0564f,-0.4345f,-1.0188f,-3.9995f,0f,0f,0f,1f],start_interpolation: 0,interpolation_duration: 1}
$data merge entity $(bone_tail3) {transformation: [-1.0935f,-0.0068f,0.0054f,-0.048f,-0.0097f,1.012f,-0.4347f,-1.5194f,-0.0088f,-0.4231f,-1.1572f,-3.3485f,0f,0f,0f,1f],start_interpolation: 0,interpolation_duration: 1}
$data merge entity $(bone_tail2) {transformation: [-1.2149f,-0.0078f,-0.0209f,-0.0363f,-0.0015f,1.1477f,-0.425f,-1.2804f,0.0189f,-0.4036f,-1.3081f,-2.6127f,0f,0f,0f,1f],start_interpolation: 0,interpolation_duration: 1}
$data merge entity $(bone_tail1) {transformation: [-1.3496f,-0.0075f,-0.0357f,-0.0162f,0.0019f,1.297f,-0.4084f,-1.0507f,0.0341f,-0.3759f,-1.4737f,-1.7838f,0f,0f,0f,1f],start_interpolation: 0,interpolation_duration: 1}
$data merge entity $(bone_tail0) {transformation: [-1.4997f,-0.0065f,-0.0316f,0f,0f,1.461f,-0.3852f,-0.4687f,0.0287f,-0.3398f,-1.6555f,-0.9375f,0f,0f,0f,1f],start_interpolation: 0,interpolation_duration: 1}