# This file was generated by Animated Java via MC-Build. It is not recommended to edit this file directly.
$data merge entity $(bone_leftwing20) { transformation: [-0.4268637371770912f,-2.1797336371862928f,-1.954043175549848f,1.214100342933674f,-0.4426406190386091f,2.000063510091074f,-2.134373760401491f,0.33332627976173723f,2.8937160785694642f,-0.015599283057176491f,-0.6147357400605387f,2.4578199820595605f,0f,0f,0f,1f], start_interpolation: 0, interpolation_duration: 1 }
$data merge entity $(bone_leftwing21) { transformation: [-0.25491962723344347f,-2.179616668381255f,-1.9837046221766743f,1.214100342933674f,-0.25491962723344314f,1.9999561827393353f,-2.164714326707617f,0.33332627976173723f,2.9361247985706718f,-0.015598445968888491f,-0.3601731822068811f,2.4578199820595605f,0f,0f,0f,1f], start_interpolation: 0, interpolation_duration: 1 }
$data merge entity $(bone_leftwing22) { transformation: [-0.081214850830361f,-2.1838253963294503f,-2.002232493791759f,1.214100342933674f,-0.06540835287286331f,2.003817995508326f,-2.1829015921694443f,0.33332627976173723f,2.9620516653535103f,-0.015628565767681565f,-0.10310117629292165f,2.4578199820595605f,0f,0f,0f,1f], start_interpolation: 0, interpolation_duration: 1 }
$data merge entity $(bone_leftwing23) { transformation: [0.09210903734859284f,-2.1490331634231055f,-1.9698012164152094f,1.214100342933674f,0.12310000141621338f,1.9718936014982418f,-2.1455597075043293f,0.33332627976173723f,2.9126116732812988f,-0.015379574845103581f,0.1529743566338488f,2.4578199820595605f,0f,0f,0f,1f], start_interpolation: 0, interpolation_duration: 1 }
$data merge entity $(bone_leftwing1) { transformation: [-0.25052981629182897f,-1.4736227406329867f,1.328785471563453f,0.8383056184959308f,-0.2883471075105377f,1.3521556124559373f,1.4451751261678343f,-0.09919438150406934f,-1.9631838316212493f,-0.010545994179499599f,-0.38183507600491207f,-0.48695576537231355f,0f,0f,0f,1f], start_interpolation: 0, interpolation_duration: 1 }
$data merge entity $(bone_leftwing) { transformation: [-0.10053707899728725f,-0.8596132653692423f,-0.7823480305203261f,0.6874999999999999f,-0.10053707899728712f,0.7887574405992968f,-0.8537359701670366f,-0.25f,1.157970510248209f,-0.006151829938041433f,-0.14204775075666268f,1.25f,0f,0f,0f,1f], start_interpolation: 0, interpolation_duration: 1 }
$data merge entity $(bone_rightwing20) { transformation: [-0.42686373717709025f,2.1797336371862928f,1.954043175549848f,-1.2141003429336747f,0.4426406190386091f,2.000063510091074f,-2.134373760401491f,0.33332627976173723f,-2.8937160785694642f,-0.015599283057175957f,-0.6147357400605382f,2.45781998205956f,0f,0f,0f,1f], start_interpolation: 0, interpolation_duration: 1 }
$data merge entity $(bone_rightwing21) { transformation: [-0.2549333074574063f,2.1797336371862928f,1.9838110773908275f,-1.2141003429336747f,0.25493330745740667f,2.000063510091074f,-2.1648304957807003f,0.33332627976173723f,-2.9362823652722447f,-0.015599283057175957f,-0.36019251084725146f,2.45781998205956f,0f,0f,0f,1f], start_interpolation: 0, interpolation_duration: 1 }
$data merge entity $(bone_rightwing22) { transformation: [-0.08106268133503168f,2.1797336371862928f,1.9984809790749827f,-1.2141003429336747f,0.0652857994735136f,2.000063510091074f,-2.178811563926626f,0.33332627976173723f,-2.956501770199536f,-0.015599283057175957f,-0.10290799913623268f,2.45781998205956f,0f,0f,0f,1f], start_interpolation: 0, interpolation_duration: 1 }
$data merge entity $(bone_rightwing23) { transformation: [0.09210903734859362f,2.1490331634231055f,1.9698012164152092f,-1.2141003429336747f,-0.12310000141621338f,1.9718936014982418f,-2.1455597075043293f,0.33332627976173723f,-2.9126116732812983f,-0.015379574845103055f,0.1529743566338494f,2.45781998205956f,0f,0f,0f,1f], start_interpolation: 0, interpolation_duration: 1 }
$data merge entity $(bone_rightwing1) { transformation: [-0.25052981629182947f,1.4736227406329867f,-1.3287854715634528f,-0.8383056184959305f,0.2883471075105377f,1.3521556124559373f,1.4451751261678343f,-0.09919438150406934f,1.963183831621249f,-0.010545994179499238f,-0.3818350760049124f,-0.48695576537231355f,0f,0f,0f,1f], start_interpolation: 0, interpolation_duration: 1 }
$data merge entity $(bone_rightwing) { transformation: [-0.10053707899728696f,0.8596132653692423f,0.7823480305203261f,-0.6875000000000001f,0.10053707899728712f,0.7887574405992968f,-0.8537359701670366f,-0.25f,-1.157970510248209f,-0.006151829938041222f,-0.14204775075666248f,1.25f,0f,0f,0f,1f], start_interpolation: 0, interpolation_duration: 1 }
$data merge entity $(bone_head) { transformation: [-1.2269070000000002f,-9.25780554944758e-18f,1.4996729257629115e-16f,-4.225325472864302e-16f,0f,1.224575875107045f,0.07559571915668434f,-0.321873469031434f,-1.5025277304014817e-16f,0.07559571915668434f,-1.224575875107045f,3.450240082125015f,0f,0f,0f,1f], start_interpolation: 0, interpolation_duration: 1 }
$data merge entity $(bone_neck4) { transformation: [-1.0497600000000002f,5.324596542247662e-17f,1.170135071033786e-16f,-4.1355526667301663e-16f,0f,0.9554877960310513f,-0.4347863029532152f,-0.31918861934003956f,-1.2855852238729257e-16f,-0.4347863029532152f,-0.9554877960310513f,3.3769350229057866f,0f,0f,0f,1f], start_interpolation: 0, interpolation_duration: 1 }
$data merge entity $(bone_neck3) { transformation: [-1.1664000000000003f,6.360114909172214e-17f,1.279021505051698e-16f,-3.5759807582700483e-16f,0f,1.0444003168441731f,-0.5193427944775894f,-0.5464010919239849f,-1.428428026525473e-16f,-0.5193427944775894f,-1.0444003168441731f,2.920009884286461f,0f,0f,0f,1f], start_interpolation: 0, interpolation_duration: 1 }
$data merge entity $(bone_neck2) { transformation: [-1.2960000000000003f,7.319095003860655e-17f,1.4083071434740363e-16f,-3.2239039724015393e-16f,0f,1.149970052144467f,-0.5976494617841238f,-0.6958134573700159f,-1.58714225169497e-16f,-0.5976494617841238f,-1.149970052144467f,2.6325173712503442f,0f,0f,0f,1f], start_interpolation: 0, interpolation_duration: 1 }
$data merge entity $(bone_neck1) { transformation: [-1.4400000000000002f,6.999463643352622e-17f,1.6186342923531175e-16f,-2.81924539931326e-16f,0f,1.3217152026854384f,-0.5715495805179029f,-0.8387008524994917f,-1.7634913907721887e-16f,-0.5715495805179029f,-1.3217152026854384f,2.302088570578985f,0f,0f,0f,1f], start_interpolation: 0, interpolation_duration: 1 }
$data merge entity $(bone_neck0) { transformation: [-1.6f,4.6750735312464334e-17f,1.9028457421422122e-16f,-2.372753173347997e-16f,0f,1.5537914633566572f,-0.381748724162869f,-1.03125f,-1.9594348786357652e-16f,-0.381748724162869f,-1.5537914633566572f,1.9375f,0f,0f,0f,1f], start_interpolation: 0, interpolation_duration: 1 }
$data merge entity $(bone_frontlegl) { transformation: [-0.9659258262890683f,-0.1506080188979509f,0.21048639564450522f,0.4402177139508871f,-1.3877787807814457e-17f,0.8132569825421054f,0.5819047003990512f,-0.809986531850847f,-0.25881904510252085f,0.5620767785544463f,-0.7855459228473378f,1.427356913124972f,0f,0f,0f,1f], start_interpolation: 0, interpolation_duration: 1 }
$data merge entity $(bone_frontlegtipleft) { transformation: [-0.9659258262890683f,0.2480399035736824f,0.07391552166452639f,0.9165724756274441f,-1.3877787807814457e-17f,0.28558764535758063f,-0.9583525952482794f,-1.6441984347410719f,-0.25881904510252085f,-0.9256975224414676f,-0.2758564823199705f,0.6155025664097658f,0f,0f,0f,1f], start_interpolation: 0, interpolation_duration: 1 }
$data merge entity $(bone_frontfootleftd) { transformation: [-0.9659258262890681f,-0.10947440377374067f,0.23452644419375107f,0.4595497755132993f,1.7265779386046494e-16f,0.9061405975779439f,0.42297661569061507f,-2.4003061575825093f,-0.25881904510252063f,0.4085640370119112f,-0.8752646054495459f,2.280256522479515f,0f,0f,0f,1f], start_interpolation: 0, interpolation_duration: 1 }
$data merge entity $(bone_frontfootleft) { transformation: [0.9659258262890683f,0.1117693656491622f,0.23344144235795955f,0.5661818046073992f,-6.220096288854973e-17f,-0.9019484723988956f,0.43184366747388836f,-2.1485800684412806f,0.25881904510252074f,-0.4171289513324174f,-0.8712153234720664f,1.9231783531547249f,0f,0f,0f,1f], start_interpolation: 0, interpolation_duration: 1 }
$data merge entity $(bone_frontlegr) { transformation: [-0.9659258262890683f,0.13844498063969168f,-0.21867849789921273f,-0.8747962291185579f,-1.3877787807814457e-17f,0.8449088350997978f,0.5349103292798734f,-0.8820918934690724f,0.25881904510252063f,0.5166837018002193f,-0.8161192646827065f,1.5632600842156703f,0f,0f,0f,1f], start_interpolation: 0, interpolation_duration: 1 }
$data merge entity $(bone_frontlegtipright) { transformation: [-0.9659258262890683f,-0.22286459758338745f,-0.1316004150896774f,-0.8402833725060416f,-1.3877787807814457e-17f,0.5084649587419243f,-0.8610826822852572f,-1.733479249490205f,0.25881904510252063f,-0.8317420013895943f,-0.49113943541183025f,0.7261379923188522f,0f,0f,0f,1f], start_interpolation: 0, interpolation_duration: 1 }
$data merge entity $(bone_frontfootrightd) { transformation: [-0.9659258262890683f,0.07875865060519659f,-0.24654487028252942f,-0.44463268135876305f,1.5006238437253866e-16f,0.9525762301799335f,0.3043000586529455f,-2.7225533613163715f,0.2588190451025208f,0.29393128559415826f,-0.920117982239878f,2.243604454698792f,0f,0f,0f,1f], start_interpolation: 0, interpolation_duration: 1 }
$data merge entity $(bone_frontfootright) { transformation: [0.9659258262890683f,-0.09836856764445351f,-0.2393969987434246f,-0.5384551666230513f,-3.678757952945315e-17f,-0.9249589752894618f,0.3800669599313633f,-2.492820623513182f,-0.25881904510252074f,-0.36711649231687626f,-0.8934417624899633f,1.8525761918315322f,0f,0f,0f,1f], start_interpolation: 0, interpolation_duration: 1 }
$data merge entity $(bone_rearlegl) { transformation: [-1.0464196451464907f,-0.10565401293399115f,-0.2597195928565029f,-0.029195662277703982f,0f,1.0034794493335124f,-0.4082157589760855f,-0.5895896645604224f,0.280387298861064f,-0.3943061442931945f,-0.9692867162615723f,-1.510220321790467f,0f,0f,0f,1f], start_interpolation: 0, interpolation_duration: 1 }
$data merge entity $(bone_rearfootleftd) { transformation: [-0.9659258262890683f,-0.060708422793116126f,-0.25159846086523036f,0.7455210152255537f,0f,0.9721018048172225f,-0.23455933379658733f,-2.9084494162921857f,0.25881904510252063f,-0.22656691831128195f,-0.9389782390551702f,-1.2752343421722945f,0f,0f,0f,1f], start_interpolation: 0, interpolation_duration: 1 }
$data merge entity $(bone_rearfootleft) { transformation: [-0.9659258262890683f,0.18363966209026328f,-0.1823835864740973f,0.6430872572858948f,0f,0.7046760658662251f,0.7095291693759318f,-2.3325636041129543f,0.25881904510252063f,0.6853525492056433f,-0.6806648111879633f,-1.6575223312133138f,0f,0f,0f,1f], start_interpolation: 0, interpolation_duration: 1 }
$data merge entity $(bone_rearlegtipleft) { transformation: [-0.9659258262890683f,0.23134915025068892f,-0.1160382212293207f,0.8213184322203495f,0f,0.4483372588881814f,0.8938644764686825f,-1.9400928750040656f,0.25881904510252063f,0.8634067830234575f,-0.43306053724774246f,-0.7508730742929648f,0f,0f,0f,1f], start_interpolation: 0, interpolation_duration: 1 }
$data merge entity $(bone_rearlegr) { transformation: [-1.0464196451464907f,0.05031600561390101f,0.2758357064298704f,-1.3010320513740221f,-3.758567531283082e-18f,1.0657473306132053f,-0.19440611719269085f,-0.5480295650359633f,-0.2803872988610642f,-0.18778188938499935f,-1.0294328709379292f,-1.8747919146613157f,0f,0f,0f,1f], start_interpolation: 0, interpolation_duration: 1 }
$data merge entity $(bone_rearfootrightd) { transformation: [-0.9659258262890683f,-0.17469993745652568f,0.19096394937387207f,-0.5987089323223131f,-3.469446951953614e-18f,0.7378280423615243f,0.674988725761372f,-2.73137771308806f,-0.25881904510252085f,0.6519890426668586f,-0.712687161477301f,-1.8396014559976002f,0f,0f,0f,1f], start_interpolation: 0, interpolation_duration: 1 }
$data merge entity $(bone_rearfootright) { transformation: [-0.9659258262890683f,-0.23258946983521733f,0.11353165474682939f,-0.5497296034132702f,-3.469446951953614e-18f,0.43865262968518537f,0.8986567033468741f,-2.058719650826436f,-0.25881904510252085f,0.8680357187305394f,-0.4237059037825353f,-2.0223948000067757f,0f,0f,0f,1f], start_interpolation: 0, interpolation_duration: 1 }
$data merge entity $(bone_rearlegtipright) { transformation: [-0.9659258262890683f,-0.2588058216217411f,0.0026162573413708126f,-0.8690693052619137f,-3.469446951953614e-18f,0.010108442136993773f,0.9999489083936054f,-2.1111080154640423f,-0.25881904510252085f,0.9658764755869451f,-0.009764005323670936f,-1.072084264406009f,0f,0f,0f,1f], start_interpolation: 0, interpolation_duration: 1 }
$data merge entity $(bone_tail11) { transformation: [-0.29071436129540157f,-0.04185493143549089f,0.0043373177647273164f,0.378377182949754f,-0.036109225229161226f,0.26243783349859867f,0.13162721669321958f,-2.56620108404804f,-0.028711033151800756f,0.16081520109373448f,-0.28793465223392245f,-7.89959221750066f,0f,0f,0f,1f], start_interpolation: 0, interpolation_duration: 1 }
$data merge entity $(bone_tail10) { transformation: [-0.38533659284835636f,-0.053492565930202844f,0.0452844098854842f,0.3529047023891691f,-0.04059180796364331f,0.3781278474364145f,0.10456055844129196f,-2.6250163981712666f,-0.06890609862802081f,0.13256359428057513f,-0.4153425691779465f,-7.665962022338065f,0f,0f,0f,1f], start_interpolation: 0, interpolation_duration: 1 }
$data merge entity $(bone_tail9) { transformation: [-0.47783681503722497f,-0.054295129108342215f,0.09168384154745053f,0.3013325415187282f,-0.049045879941970225f,0.4892002888618258f,0.03663427456528581f,-2.64562317761424f,-0.11191103874262745f,0.05932017844730571f,-0.5370101105650754f,-7.36389383514521f,0f,0f,0f,1f], start_interpolation: 0, interpolation_duration: 1 }
$data merge entity $(bone_tail8) { transformation: [-0.5604559972020953f,-0.041522704653822f,0.12611347087071056f,0.2303937141539535f,-0.05867781503832355f,0.5728297923597547f,-0.06960160835704297f,-2.606472272913403f,-0.1404817060449178f,-0.05525284478699474f,-0.6313148828018761f,-7.008779213569155f,0f,0f,0f,1f], start_interpolation: 0, interpolation_duration: 1 }
$data merge entity $(bone_tail7) { transformation: [-0.6626515273414657f,-0.019211340745447784f,0.14028231038731576f,0.15148491456108837f,-0.06431760153580983f,0.6453274056330748f,-0.21225220366374897f,-2.4870804083525444f,-0.14926967249889855f,-0.20752080292791164f,-0.7196055748960318f,-6.604001077690137f,0f,0f,0f,1f], start_interpolation: 0, interpolation_duration: 1 }
$data merge entity $(bone_tail6) { transformation: [-0.7861283100082825f,-0.002130567285396342f,0.13231302247348972f,0.07705883941975042f,-0.0606745476593383f,0.7227302355179802f,-0.3441764204735182f,-2.2934811718361905f,-0.14001505663706576f,-0.3464180349652156f,-0.8170421078838829f,-6.144414892005453f,0f,0f,0f,1f], start_interpolation: 0, interpolation_duration: 1 }
$data merge entity $(bone_tail5) { transformation: [-0.8793691873496836f,0.005360278737940918f,0.10611364644132942f,0.017369913296502615f,-0.04760081063615269f,0.7818317281547724f,-0.4267609631535585f,-2.053428130062314f,-0.11414158900122345f,-0.4320754023374516f,-0.8926284795425752f,-5.642311372262754f,0f,0f,0f,1f], start_interpolation: 0, interpolation_duration: 1 }
$data merge entity $(bone_tail4) { transformation: [-0.9819108500023795f,-0.00021970562482490042f,0.06683630320058448f,-0.020225507253826158f,-0.03044798970602588f,0.8923163482234161f,-0.43026781242815015f,-1.8114024855714796f,-0.07358299698206795f,-0.4275461852607865f,-1.0208038455452608f,-5.068109209143545f,0f,0f,0f,1f], start_interpolation: 0, interpolation_duration: 1 }
$data merge entity $(bone_tail3) { transformation: [-1.0933333920011237f,-0.004085110988538574f,0.02068087174105379f,-0.03185849760816892f,-0.012939955561609531f,1.0148643657291723f,-0.4272956387451392f,-1.5710486887773387f,-0.025037747419584963f,-0.4157461342712257f,-1.159894941028202f,-4.415668304815181f,0f,0f,0f,1f], start_interpolation: 0, interpolation_duration: 1 }
$data merge entity $(bone_tail2) { transformation: [-1.2150049670070127f,-0.005691564838544449f,-0.007372538735798783f,-0.027711444569282106f,-0.00403772154575638f,1.1501260752837754f,-0.4175554808270366f,-1.3361737308121306f,0.004642868976965992f,-0.39638786265922615f,-1.310706456916666f,-3.678395922799557f,0f,0f,0f,1f], start_interpolation: 0, interpolation_duration: 1 }
$data merge entity $(bone_tail1) { transformation: [-1.3497908187503156f,-0.005919960352061579f,-0.025528363207593986f,-0.013351740265010488f,0.0005825200517323869f,1.298880610668043f,-0.4015633276187082f,-1.1102943590266072f,0.0237889386870003f,-0.36940871820581844f,-1.4757726794737713f,-2.8482737905955604f,0f,0f,0f,1f], start_interpolation: 0, interpolation_duration: 1 }
$data merge entity $(bone_tail0) { transformation: [-1.4998142263002334f,-0.005270952101921187f,-0.0260790725164285f,2.4492935982947064e-16f,-3.2526065174565133e-19f,1.4621315327217066f,-0.3795759570598765f,-0.53125f,0.023606918211240963f,-0.33487848256466435f,-1.6568771755319587f,-2f,0f,0f,0f,1f], start_interpolation: 0, interpolation_duration: 1 }