# This file was generated by Animated Java via MC-Build. It is not recommended to edit this file directly.
$data merge entity $(bone_leftwing20) {transformation: [-0.4287f,-2.1601f,-1.9753f,1.2208f,-0.4409f,2.0212f,-2.1147f,0.3896f,2.8937f,-0.0121f,-0.6149f,3.5204f,0f,0f,0f,1f],start_interpolation: 0,interpolation_duration: 1}
$data merge entity $(bone_leftwing21) {transformation: [-0.2549f,-2.16f,-2.005f,1.2208f,-0.2549f,2.0211f,-2.145f,0.3896f,2.9361f,-0.0121f,-0.3603f,3.5204f,0f,0f,0f,1f],start_interpolation: 0,interpolation_duration: 1}
$data merge entity $(bone_leftwing22) {transformation: [-0.0794f,-2.1642f,-2.0235f,1.2208f,-0.0671f,2.025f,-2.1632f,0.3896f,2.9621f,-0.0121f,-0.1032f,3.5204f,0f,0f,0f,1f],start_interpolation: 0,interpolation_duration: 1}
$data merge entity $(bone_leftwing23) {transformation: [0.0958f,-2.1297f,-1.9905f,1.2208f,0.1197f,1.9928f,-2.1264f,0.3896f,2.9126f,-0.0119f,0.1528f,3.5204f,0f,0f,0f,1f],start_interpolation: 0,interpolation_duration: 1}
$data merge entity $(bone_leftwing1) {transformation: [-0.255f,-1.4604f,1.3425f,0.8383f,-0.2842f,1.3665f,1.4325f,-0.0367f,-1.9632f,-0.0082f,-0.3817f,0.5755f,0f,0f,0f,1f],start_interpolation: 0,interpolation_duration: 1}
$data merge entity $(bone_leftwing) {transformation: [-0.1005f,-0.8519f,-0.7908f,0.6875f,-0.1005f,0.7971f,-0.8459f,-0.1875f,1.158f,-0.0048f,-0.1421f,2.3125f,0f,0f,0f,1f],start_interpolation: 0,interpolation_duration: 1}
$data merge entity $(bone_rightwing20) {transformation: [-0.4287f,2.1601f,1.9753f,-1.2208f,0.4409f,2.0212f,-2.1147f,0.3896f,-2.8937f,-0.0121f,-0.6149f,3.5204f,0f,0f,0f,1f],start_interpolation: 0,interpolation_duration: 1}
$data merge entity $(bone_rightwing21) {transformation: [-0.2549f,2.1601f,2.0051f,-1.2208f,0.2549f,2.0212f,-2.1451f,0.3896f,-2.9363f,-0.0121f,-0.3603f,3.5204f,0f,0f,0f,1f],start_interpolation: 0,interpolation_duration: 1}
$data merge entity $(bone_rightwing22) {transformation: [-0.0792f,2.1601f,2.0197f,-1.2208f,0.067f,2.0212f,-2.1591f,0.3896f,-2.9565f,-0.0121f,-0.103f,3.5204f,0f,0f,0f,1f],start_interpolation: 0,interpolation_duration: 1}
$data merge entity $(bone_rightwing23) {transformation: [0.0958f,2.1297f,1.9905f,-1.2208f,-0.1197f,1.9928f,-2.1264f,0.3896f,-2.9126f,-0.0119f,0.1528f,3.5204f,0f,0f,0f,1f],start_interpolation: 0,interpolation_duration: 1}
$data merge entity $(bone_rightwing1) {transformation: [-0.255f,1.4604f,-1.3425f,-0.8383f,0.2842f,1.3665f,1.4325f,-0.0367f,1.9632f,-0.0082f,-0.3817f,0.5755f,0f,0f,0f,1f],start_interpolation: 0,interpolation_duration: 1}
$data merge entity $(bone_rightwing) {transformation: [-0.1005f,0.8519f,0.7908f,-0.6875f,0.1005f,0.7971f,-0.8459f,-0.1875f,-1.158f,-0.0048f,-0.1421f,2.3125f,0f,0f,0f,1f],start_interpolation: 0,interpolation_duration: 1}
$data merge entity $(bone_eyebrow) {transformation: [-0.8923f,0f,0f,0f,0f,0.8907f,0.0539f,0.0601f,0f,0.0539f,-0.8907f,6.1547f,0f,0f,0f,1f],start_interpolation: 0,interpolation_duration: 1}
$data merge entity $(bone_head) {transformation: [-1.2269f,0f,0f,0f,0f,1.2247f,0.0741f,-0.271f,0f,0.0741f,-1.2247f,4.5184f,0f,0f,0f,1f],start_interpolation: 0,interpolation_duration: 1}
$data merge entity $(bone_neck4) {transformation: [-1.0498f,0f,0f,0f,0f,0.9549f,-0.436f,-0.2684f,0f,-0.436f,-0.9549f,4.4451f,0f,0f,0f,1f],start_interpolation: 0,interpolation_duration: 1}
$data merge entity $(bone_neck3) {transformation: [-1.1664f,0f,0f,0f,0f,1.0462f,-0.5157f,-0.4941f,0f,-0.5157f,-1.0462f,3.9874f,0f,0f,0f,1f],start_interpolation: 0,interpolation_duration: 1}
$data merge entity $(bone_neck2) {transformation: [-1.296f,0f,0f,0f,0f,1.1566f,-0.5848f,-0.6403f,0f,-0.5848f,-1.1566f,3.6982f,0f,0f,0f,1f],start_interpolation: 0,interpolation_duration: 1}
$data merge entity $(bone_neck1) {transformation: [-1.44f,0f,0f,0f,0f,1.3291f,-0.5542f,-0.7788f,0f,-0.5542f,-1.3291f,3.366f,0f,0f,0f,1f],start_interpolation: 0,interpolation_duration: 1}
$data merge entity $(bone_neck0) {transformation: [-1.6f,0f,0f,0f,0f,1.5565f,-0.3706f,-0.9687f,0f,-0.3706f,-1.5565f,3f,0f,0f,0f,1f],start_interpolation: 0,interpolation_duration: 1}
$data merge entity $(bone_frontlegl) {transformation: [-0.9659f,-0.1459f,0.2137f,0.4406f,0f,0.8259f,0.5639f,-0.7473f,-0.2588f,0.5447f,-0.7977f,2.4885f,0f,0f,0f,1f],start_interpolation: 0,interpolation_duration: 1}
$data merge entity $(bone_frontlegtipleft) {transformation: [-0.9659f,0.2495f,0.0688f,0.9121f,0f,0.2657f,-0.9641f,-1.6011f,-0.2588f,-0.9312f,-0.2567f,1.6947f,0f,0f,0f,1f],start_interpolation: 0,interpolation_duration: 1}
$data merge entity $(bone_frontfootleftd) {transformation: [-0.9659f,-0.1108f,0.2339f,0.451f,0f,0.9038f,0.4279f,-2.3208f,-0.2588f,0.4133f,-0.873f,3.3745f,0f,0f,0f,1f],start_interpolation: 0,interpolation_duration: 1}
$data merge entity $(bone_frontfootleft) {transformation: [0.9659f,0.1066f,0.2358f,0.5591f,0f,-0.9112f,0.4119f,-2.0774f,0.2588f,-0.3979f,-0.8802f,3.0122f,0f,0f,0f,1f],start_interpolation: 0,interpolation_duration: 1}
$data merge entity $(bone_frontlegr) {transformation: [-0.9659f,0.1426f,-0.216f,-0.8748f,0f,0.8345f,0.551f,-0.819f,0.2588f,0.5323f,-0.806f,2.6256f,0f,0f,0f,1f],start_interpolation: 0,interpolation_duration: 1}
$data merge entity $(bone_frontlegtipright) {transformation: [-0.9659f,-0.2172f,-0.1408f,-0.844f,0f,0.544f,-0.8391f,-1.6529f,0.2588f,-0.8105f,-0.5255f,1.7749f,0f,0f,0f,1f],start_interpolation: 0,interpolation_duration: 1}
$data merge entity $(bone_frontfootrightd) {transformation: [-0.9659f,0.0748f,-0.2478f,-0.458f,0f,0.9574f,0.2889f,-2.6978f,0.2588f,0.2791f,-0.9247f,3.2563f,0f,0f,0f,1f],start_interpolation: 0,interpolation_duration: 1}
$data merge entity $(bone_frontfootright) {transformation: [0.9659f,-0.1029f,-0.2375f,-0.5506f,0f,-0.9175f,0.3978f,-2.4604f,-0.2588f,-0.3842f,-0.8862f,2.8696f,0f,0f,0f,1f],start_interpolation: 0,interpolation_duration: 1}
$data merge entity $(bone_rearlegl) {transformation: [-1.0464f,-0.098f,-0.2627f,-0.0284f,0f,1.015f,-0.3786f,-0.5209f,0.2804f,-0.3657f,-0.9804f,-0.4449f,0f,0f,0f,1f],start_interpolation: 0,interpolation_duration: 1}
$data merge entity $(bone_rearfootleftd) {transformation: [-0.9659f,-0.0595f,-0.2519f,0.7317f,0f,0.9732f,-0.2299f,-2.8615f,0.2588f,-0.2221f,-0.9401f,-0.2643f,0f,0f,0f,1f],start_interpolation: 0,interpolation_duration: 1}
$data merge entity $(bone_rearfootleft) {transformation: [-0.9659f,0.187f,-0.179f,0.632f,0f,0.6914f,0.7224f,-2.2784f,0.2588f,0.6978f,-0.6679f,-0.6363f,0f,0f,0f,1f],start_interpolation: 0,interpolation_duration: 1}
$data merge entity $(bone_rearlegtipleft) {transformation: [-0.9659f,0.2326f,-0.1136f,0.8113f,0f,0.4389f,0.8986f,-1.8957f,0.2588f,0.8679f,-0.4239f,0.2743f,0f,0f,0f,1f],start_interpolation: 0,interpolation_duration: 1}
$data merge entity $(bone_rearlegr) {transformation: [-1.0464f,0.0556f,0.2748f,-1.3003f,0f,1.0618f,-0.2148f,-0.4898f,-0.2804f,-0.2075f,-1.0256f,-0.8148f,0f,0f,0f,1f],start_interpolation: 0,interpolation_duration: 1}
$data merge entity $(bone_rearfootrightd) {transformation: [-0.9659f,0.0273f,0.2574f,-0.6061f,0f,0.9944f,-0.1055f,-2.6514f,-0.2588f,-0.1019f,-0.9605f,-0.7494f,0f,0f,0f,1f],start_interpolation: 0,interpolation_duration: 1}
$data merge entity $(bone_rearfootright) {transformation: [-0.9659f,-0.2325f,0.1137f,-0.557f,0f,0.4393f,0.8983f,-1.9789f,-0.2588f,0.8677f,-0.4243f,-0.9326f,0f,0f,0f,1f],start_interpolation: 0,interpolation_duration: 1}
$data merge entity $(bone_rearlegtipright) {transformation: [-0.9659f,-0.2588f,-0.0013f,-0.8761f,0f,-0.0048f,1f,-2.0462f,-0.2588f,0.9659f,0.0047f,0.0168f,0f,0f,0f,1f],start_interpolation: 0,interpolation_duration: 1}
$data merge entity $(bone_tail11) {transformation: [-0.2913f,-0.0377f,-0.0014f,0.4186f,-0.0348f,0.2626f,0.1316f,-2.4691f,-0.0205f,0.1618f,-0.2882f,-6.8481f,0f,0f,0f,1f],start_interpolation: 0,interpolation_duration: 1}
$data merge entity $(bone_tail10) {transformation: [-0.3866f,-0.0496f,0.0385f,0.3969f,-0.0383f,0.3781f,0.1052f,-2.5283f,-0.06f,0.1345f,-0.4162f,-6.614f,0f,0f,0f,1f],start_interpolation: 0,interpolation_duration: 1}
$data merge entity $(bone_tail9) {transformation: [-0.4792f,-0.0513f,0.0862f,0.3484f,-0.0458f,0.4893f,0.0385f,-2.55f,-0.1051f,0.0623f,-0.5381f,-6.3113f,0f,0f,0f,1f],start_interpolation: 0,interpolation_duration: 1}
$data merge entity $(bone_tail8) {transformation: [-0.561f,-0.0394f,0.1244f,0.2784f,-0.0554f,0.5734f,-0.0663f,-2.5127f,-0.1385f,-0.0512f,-0.6322f,-5.9557f,0f,0f,0f,1f],start_interpolation: 0,interpolation_duration: 1}
$data merge entity $(bone_tail7) {transformation: [-0.6619f,-0.0173f,0.1441f,0.1974f,-0.0626f,0.647f,-0.2073f,-2.3961f,-0.1538f,-0.2024f,-0.7203f,-5.5505f,0f,0f,0f,1f],start_interpolation: 0,interpolation_duration: 1}
$data merge entity $(bone_tail6) {transformation: [-0.7845f,0.0005f,0.1415f,0.1178f,-0.0611f,0.7255f,-0.3377f,-2.2061f,-0.1505f,-0.34f,-0.818f,-5.0904f,0f,0f,0f,1f],start_interpolation: 0,interpolation_duration: 1}
$data merge entity $(bone_tail5) {transformation: [-0.8777f,0.0088f,0.1189f,0.0509f,-0.0496f,0.7854f,-0.4195f,-1.9701f,-0.1283f,-0.4249f,-0.8944f,-4.5873f,0f,0f,0f,1f],start_interpolation: 0,interpolation_duration: 1}
$data merge entity $(bone_tail4) {transformation: [-0.9808f,0.0029f,0.0819f,0.0048f,-0.0334f,0.8958f,-0.4223f,-1.7326f,-0.0899f,-0.4197f,-1.023f,-4.0119f,0f,0f,0f,1f],start_interpolation: 0,interpolation_duration: 1}
$data merge entity $(bone_tail3) {transformation: [-1.0929f,-0.0014f,0.0357f,-0.0153f,-0.0158f,1.018f,-0.4191f,-1.4969f,-0.041f,-0.4076f,-1.1626f,-3.3579f,0f,0f,0f,1f],start_interpolation: 0,interpolation_duration: 1}
$data merge entity $(bone_tail2) {transformation: [-1.215f,-0.0036f,0.0063f,-0.0188f,-0.0064f,1.1527f,-0.4095f,-1.2665f,-0.0097f,-0.3885f,-1.3133f,-2.6192f,0f,0f,0f,1f],start_interpolation: 0,interpolation_duration: 1}
$data merge entity $(bone_tail1) {transformation: [-1.3499f,-0.0043f,-0.015f,-0.0103f,-0.0007f,1.3008f,-0.3942f,-1.0448f,0.0132f,-0.3624f,-1.4779f,-1.7879f,0f,0f,0f,1f],start_interpolation: 0,interpolation_duration: 1}
$data merge entity $(bone_tail0) {transformation: [-1.4999f,-0.004f,-0.0202f,0f,0f,1.4633f,-0.3737f,-0.4687f,0.0183f,-0.3297f,-1.6583f,-0.9375f,0f,0f,0f,1f],start_interpolation: 0,interpolation_duration: 1}