# This file was generated by Animated Java via MC-Build. It is not recommended to edit this file directly.
$data merge entity $(bone_leftwing20) { transformation: [-0.45000744354266214f,-1.9045066893388345f,-2.2185769497880714f,1.2973137710865954f,-0.41848052874419894f,2.2635411828768834f,-1.8582226646969426f,0.2464584330078215f,2.893804322847225f,0.031172019425475834f,-0.6137271033503118f,2.457502698874604f,0f,0f,0f,1f], start_interpolation: 0, interpolation_duration: 1 }
$data merge entity $(bone_leftwing21) { transformation: [-0.25491962723344386f,-1.9044044897545191f,-2.249234622829138f,1.2973137710865954f,-0.25491962723344325f,2.2634197167936896f,-1.8875232540978344f,0.2464584330078215f,2.9361247985706718f,0.031170346673447504f,-0.359160747000466f,2.457502698874604f,0f,0f,0f,1f], start_interpolation: 0, interpolation_duration: 1 }
$data merge entity $(bone_leftwing22) { transformation: [-0.05802769949036251f,-1.9080817971072155f,-2.267262846359989f,1.2973137710865954f,-0.08961379608043493f,2.2677902641283456f,-1.9062321102953819f,0.2464584330078215f,2.961963255425083f,0.0312305350134903f,-0.10209064618690962f,2.457502698874604f,0f,0f,0f,1f], start_interpolation: 0, interpolation_duration: 1 }
$data merge entity $(bone_leftwing23) { transformation: [0.13757085792014617f,-1.8776826514608225f,-2.2276280129093844f,1.2973137710865954f,0.07564166986777199f,2.231660321146223f,-1.876410134604265f,0.2464584330078215f,2.912438332613272f,0.03073297689835645f,0.15395742041303218f,2.457502698874604f,0f,0f,0f,1f], start_interpolation: 0, interpolation_duration: 1 }
$data merge entity $(bone_leftwing1) { transformation: [-0.306005435060443f,-1.287553818144564f,1.4995218701622275f,0.838305618495931f,-0.23043520967459383f,1.5302813630716958f,1.266940631591575f,-0.09919438150406923f,-1.962972309497945f,0.02107404130173014f,-0.3824860741615542f,-0.48695576537231355f,0f,0f,0f,1f], start_interpolation: 0, interpolation_duration: 1 }
$data merge entity $(bone_leftwing) { transformation: [-0.1005370789972874f,-0.7510730605843291f,-0.8870697066873003f,0.6874999999999999f,-0.10053707899728717f,0.8926641284584893f,-0.7444153146068734f,-0.25f,1.157970510248209f,0.012293190759342583f,-0.14164845910763724f,1.25f,0f,0f,0f,1f], start_interpolation: 0, interpolation_duration: 1 }
$data merge entity $(bone_rightwing20) { transformation: [-0.4500074435426613f,1.9045066893388345f,2.2185769497880714f,-1.2973137710865958f,0.41848052874419894f,2.2635411828768834f,-1.8582226646969426f,0.2464584330078215f,-2.893804322847225f,0.031172019425476295f,-0.6137271033503111f,2.457502698874604f,0f,0f,0f,1f], start_interpolation: 0, interpolation_duration: 1 }
$data merge entity $(bone_rightwing21) { transformation: [-0.25493330745740667f,1.9045066893388345f,2.249355327671369f,-1.2973137710865958f,0.25493330745740683f,2.2635411828768834f,-1.8876245477531435f,0.2464584330078215f,-2.936282365272245f,0.031172019425476295f,-0.35918002130865107f,2.457502698874604f,0f,0f,0f,1f], start_interpolation: 0, interpolation_duration: 1 }
$data merge entity $(bone_rightwing22) { transformation: [-0.05791897496946136f,1.9045066893388345f,2.263014753313206f,-1.2973137710865958f,0.08944588976792411f,2.2635411828768834f,-1.9026604682220774f,0.2464584330078215f,-2.9564135259217754f,0.031172019425476295f,-0.10189936242600571f,2.457502698874604f,0f,0f,0f,1f], start_interpolation: 0, interpolation_duration: 1 }
$data merge entity $(bone_rightwing23) { transformation: [0.13757085792014692f,1.8776826514608225f,2.2276280129093844f,-1.2973137710865958f,-0.07564166986777199f,2.231660321146223f,-1.876410134604265f,0.2464584330078215f,-2.9124383326132715f,0.03073297689835691f,0.15395742041303268f,2.457502698874604f,0f,0f,0f,1f], start_interpolation: 0, interpolation_duration: 1 }
$data merge entity $(bone_rightwing1) { transformation: [-0.3060054350604434f,1.287553818144564f,-1.4995218701622273f,-0.8383056184959308f,0.23043520967459383f,1.5302813630716958f,1.266940631591575f,-0.09919438150406923f,1.9629723094979448f,0.02107404130173045f,-0.38248607416155456f,-0.48695576537231355f,0f,0f,0f,1f], start_interpolation: 0, interpolation_duration: 1 }
$data merge entity $(bone_rightwing) { transformation: [-0.1005370789972871f,0.7510730605843291f,0.8870697066873003f,-0.6875000000000001f,0.10053707899728717f,0.8926641284584893f,-0.7444153146068734f,-0.25f,-1.157970510248209f,0.012293190759342765f,-0.14164845910763701f,1.25f,0f,0f,0f,1f], start_interpolation: 0, interpolation_duration: 1 }
$data merge entity $(bone_head) { transformation: [-1.2269070000000002f,3.4414458397928757e-18f,1.5021335578698075e-16f,-4.190410490294783e-16f,0f,1.2265851337019384f,-0.028101537865357927f,-0.28015429773281747f,-1.5025277304014817e-16f,-0.028101537865357927f,-1.2265851337019384f,3.4217298352572425f,0f,0f,0f,1f], start_interpolation: 0, interpolation_duration: 1 }
$data merge entity $(bone_neck4) { transformation: [-1.0497600000000002f,6.293862264199047e-17f,1.1209827589366902e-16f,-4.1006807482856177e-16f,0f,0.9153518873500194f,-0.5139328554633938f,-0.28367035471959146f,-1.2855852238729257e-16f,-0.5139328554633938f,-0.9153518873500194f,3.348459940564635f,0f,0f,0f,1f], start_interpolation: 0, interpolation_duration: 1 }
$data merge entity $(bone_neck3) { transformation: [-1.1664000000000003f,8.216952433456905e-17f,1.1684278129292045e-16f,-3.589493580129091e-16f,0f,0.9540937139938709f,-0.6709650847230293f,-0.5772175792859168f,-1.428428026525473e-16f,-0.6709650847230293f,-0.9540937139938709f,2.9310439406923168f,0f,0f,0f,1f], start_interpolation: 0, interpolation_duration: 1 }
$data merge entity $(bone_neck2) { transformation: [-1.2960000000000003f,8.398257491840081e-17f,1.346741711733508e-16f,-3.252808152195714e-16f,0f,1.0996980620625978f,-0.6857697662450328f,-0.748660020847175f,-1.58714225169497e-16f,-0.6857697662450328f,-1.0996980620625978f,2.6561194251766675f,0f,0f,0f,1f], start_interpolation: 0, interpolation_duration: 1 }
$data merge entity $(bone_neck1) { transformation: [-1.4400000000000002f,6.136866353856804e-17f,1.6532666448206812e-16f,-2.8394914909905435e-16f,0f,1.3499946645610388f,-0.501113166517034f,-0.8739383124764335f,-1.7634913907721887e-16f,-0.501113166517034f,-1.3499946645610388f,2.318620759036408f,0f,0f,0f,1f], start_interpolation: 0, interpolation_duration: 1 }
$data merge entity $(bone_neck0) { transformation: [-1.6f,2.8599218892637254e-17f,1.9384513178017803e-16f,-2.372753173347997e-16f,0f,1.5828656222768929f,-0.233530344525043f,-1.03125f,-1.9594348786357652e-16f,-0.233530344525043f,-1.5828656222768929f,1.9375f,0f,0f,0f,1f], start_interpolation: 0, interpolation_duration: 1 }
$data merge entity $(bone_frontlegl) { transformation: [-0.9659258262890683f,-0.13744974708431804f,0.2193054151958809f,0.4412519167612953f,1.3877787807814457e-17f,0.8473310575309936f,0.5310650421025733f,-0.8094959623324256f,-0.25881904510252085f,0.5129694396061669f,-0.818458951886015f,1.4234972156911978f,0f,0f,0f,1f], start_interpolation: 0, interpolation_duration: 1 }
$data merge entity $(bone_frontlegtipleft) { transformation: [-0.9659258262890683f,0.22418800990819704f,0.12933303646471328f,0.8916532780526516f,1.3877787807814457e-17f,0.4997044804546094f,-0.8661959548587082f,-1.6643290971784381f,-0.25881904510252085f,-0.8366810434251462f,-0.48267746318346816f,0.7085022778427383f,0f,0f,0f,1f], start_interpolation: 0, interpolation_duration: 1 }
$data merge entity $(bone_frontfootleftd) { transformation: [-0.9659258262890683f,-0.07972610449569485f,0.24623372305539745f,0.470568726189194f,1.7915662727247223e-16f,0.9513740496100738f,0.30803801344725135f,-2.6969045429877285f,-0.2588190451025207f,0.29754187266747945f,-0.9189567649795874f,2.2391332387109806f,0f,0f,0f,1f], start_interpolation: 0, interpolation_duration: 1 }
$data merge entity $(bone_frontfootleft) { transformation: [0.9659258262890683f,0.09727959087694915f,0.23984157126443706f,0.5810057387328933f,-6.5671465299512e-17f,-0.9266766716082795f,0.37585947679551873f,-2.4684376327310797f,0.25881904510252074f,-0.3630523756922883f,-0.8951009297260308f,1.8678546778303267f,0f,0f,0f,1f], start_interpolation: 0, interpolation_duration: 1 }
$data merge entity $(bone_frontlegr) { transformation: [-0.9659258262890683f,0.21207497287142654f,-0.14836274461388305f,-0.8748720680774331f,6.938893903907228e-18f,0.5732296267267164f,0.8193947736242582f,-0.8693687904346727f,0.25881904510252063f,0.7914745737699557f,-0.5536973008493777f,1.5629770493679551f,0f,0f,0f,1f], start_interpolation: 0, interpolation_duration: 1 }
$data merge entity $(bone_frontlegtipright) { transformation: [-0.9659258262890683f,-0.19706320662611557f,-0.1677897216816736f,-0.9157099464981069f,6.938893903907228e-18f,0.6482897022327339f,-0.7613937627660167f,-1.3596547989047745f,0.25881904510252063f,-0.7354498994311076f,-0.6261997663038475f,0.44464218593961075f,0f,0f,0f,1f], start_interpolation: 0, interpolation_duration: 1 }
$data merge entity $(bone_frontfootrightd) { transformation: [-0.9659258262890683f,0.07806589160457376f,-0.24676510019807024f,-0.589116448586637f,1.243410002967439e-16f,0.9534271332325028f,0.30162344341256236f,-2.674319432529842f,0.25881904510252085f,0.29134587380643345f,-0.9209398914740228f,1.7043836945354103f,0f,0f,0f,1f], start_interpolation: 0, interpolation_duration: 1 }
$data merge entity $(bone_frontfootright) { transformation: [0.9659258262890683f,-0.18309015726776962f,-0.18293521372180932f,-0.651956484878015f,-3.778205953293344e-17f,-0.7068073898864241f,0.7074060457770631f,-2.3073197628138558f,-0.25881904510252074f,-0.6833017692890923f,-0.6827235121032638f,1.4289835053779618f,0f,0f,0f,1f], start_interpolation: 0, interpolation_duration: 1 }
$data merge entity $(bone_rearlegl) { transformation: [-1.0464196451464907f,-0.028795548859409815f,-0.278904739523173f,-0.019922792326886762f,0f,1.0776051639194335f,-0.11125745730189072f,-0.5343302857964412f,0.280387298861064f,-0.10746645137514954f,-1.0408866583722456f,-1.475613500002039f,0f,0f,0f,1f], start_interpolation: 0, interpolation_duration: 1 }
$data merge entity $(bone_rearfootleftd) { transformation: [-0.9659258262890683f,0.11072650822547318f,-0.2339378945018845f,0.5766631862658919f,0f,0.9038666161882312f,0.4278143757991741f,-2.8261637125737336f,0.25881904510252063f,0.4132369544421592f,-0.8730681080967213f,-1.9054203391055278f,0f,0f,0f,1f], start_interpolation: 0, interpolation_duration: 1 }
$data merge entity $(bone_rearfootleft) { transformation: [-0.9659258262890683f,0.23067650568067186f,-0.11736970577936878f,0.5248060767526598f,0f,0.45348172014496674f,0.891265577420312f,-2.1567334130791482f,0.25881904510252063f,0.8608964393127183f,-0.438029705238015f,-2.098953706542573f,0f,0f,0f,1f], start_interpolation: 0, interpolation_duration: 1 }
$data merge entity $(bone_rearlegtipleft) { transformation: [-0.9659258262890683f,0.2573176543270852f,-0.027837436652596633f,0.7234932067274655f,0f,0.10755559600171608f,0.9941990714986189f,-2.111315259046096f,0.25881904510252063f,0.9603225596331278f,-0.10389072793997081f,-1.1159617860942896f,0f,0f,0f,1f], start_interpolation: 0, interpolation_duration: 1 }
$data merge entity $(bone_rearlegr) { transformation: [-1.0464196451464907f,0.15280939749230416f,0.23508790994145734f,-1.2915032066026766f,0f,0.9083099346430885f,-0.5904101741499541f,-0.6434416736884746f,-0.2803872988610642f,-0.5702924353152671f,-0.877360024146695f,-1.9103540474854142f,0f,0f,0f,1f], start_interpolation: 0, interpolation_duration: 1 }
$data merge entity $(bone_rearfootrightd) { transformation: [-0.9659258262890683f,0.05325510112024946f,0.2532808565850423f,-0.8235715871016047f,0f,0.9786020827204394f,-0.20576191021473927f,-2.7753942042966684f,-0.25881904510252085f,-0.19875074314298913f,-0.9452570253599435f,-1.000402603636465f,0f,0f,0f,1f], start_interpolation: 0, interpolation_duration: 1 }
$data merge entity $(bone_rearfootright) { transformation: [-0.9659258262890683f,-0.16312174037791535f,0.20094426073879473f,-0.7058126253909227f,0f,0.7763890043686648f,0.6302540074409947f,-2.2450459486349015f,-0.25881904510252085f,0.6087786229094395f,-0.7499341905665495f,-1.4398850317872878f,0f,0f,0f,1f], start_interpolation: 0, interpolation_duration: 1 }
$data merge entity $(bone_rearlegtipright) { transformation: [-0.9659258262890683f,-0.2260145813897124f,0.126113865641387f,-1.0000796875262885f,0f,0.48726655950466086f,0.8732532851289428f,-1.8123577194507994f,-0.25881904510252085f,0.8434979009978175f,-0.47066335411257104f,-0.5831468614763422f,0f,0f,0f,1f], start_interpolation: 0, interpolation_duration: 1 }
$data merge entity $(bone_tail11) { transformation: [-0.2867620588392264f,0.05427723391878246f,-0.03353753160298546f,-0.054872590388432604f,0.015605052400421694f,0.2085559974057351f,0.20810970438108642f,-1.6891247180870728f,0.07315633232149524f,0.23593264248075357f,-0.2213884063700799f,-8.056442554101498f,0f,0f,0f,1f], start_interpolation: 0, interpolation_duration: 1 }
$data merge entity $(bone_tail10) { transformation: [-0.380473849301661f,0.061780005668508484f,-0.0696484255834676f,-0.01569535099773208f,0.014498352120291748f,0.32863273935265264f,0.21573986806459833f,-1.8104783938734093f,0.1078297769884072f,0.24807240075653292f,-0.3499138948284227f,-7.85961598826051f,0f,0f,0f,1f], start_interpolation: 0, interpolation_duration: 1 }
$data merge entity $(bone_tail9) { transformation: [-0.4762587601319242f,0.05757202701283275f,-0.09795070152848909f,0.03940191861204303f,0.019320839345992796f,0.4576434553020467f,0.1788611584979723f,-1.9110877955285186f,0.13149014586781102f,0.21303429923787232f,-0.49291229110880785f,-7.582352824511805f,0f,0f,0f,1f], start_interpolation: 0, interpolation_duration: 1 }
$data merge entity $(bone_tail8) { transformation: [-0.5650873591957296f,0.04199995135084128f,-0.10353881998680188f,0.09764250485461909f,0.026551901576771272f,0.570603638016531f,0.09154631860069652f,-1.9625825997414104f,0.1288505006267715f,0.12315448093836245f,-0.625504474836676f,-7.230506557416175f,0f,0f,0f,1f], start_interpolation: 0, interpolation_duration: 1 }
$data merge entity $(bone_tail7) { transformation: [-0.6721705591315332f,0.022248021556361616f,-0.08331627217816169f,0.14450790795483504f,0.0285240033667482f,0.678809326914565f,-0.0402644402212244f,-1.9399338521169716f,0.09942295956837696f,-0.015668582107679116f,-0.7585326305330281f,-6.803831952741346f,0f,0f,0f,1f], start_interpolation: 0, interpolation_duration: 1 }
$data merge entity $(bone_tail6) { transformation: [-0.7958047320604983f,0.011356286802341046f,-0.04696567816565608f,0.17092610192301658f,0.022278060199524885f,0.7827564668702324f,-0.16711290500488507f,-1.8459328430517237f,0.057045276137963646f,-0.1505033127179797f,-0.8857077569762355f,-6.305621339442213f,0f,0f,0f,1f], start_interpolation: 0, interpolation_duration: 1 }
$data merge entity $(bone_tail5) { transformation: [-0.8857855456399506f,0.008309390162441593f,-0.0074533854644143055f,0.17511863124674962f,0.011533910414867982f,0.8516368438833f,-0.25710127226908996f,-1.7013133774003606f,0.013513544195030897f,-0.24712567188127824f,-0.969133591319456f,-5.7604836943250195f,0f,0f,0f,1f], start_interpolation: 0, interpolation_duration: 1 }
$data merge entity $(bone_tail4) { transformation: [-0.983637224837397f,0.00940052107181927f,0.034424336062440795f,0.15575494221162667f,0.0013062345817700565f,0.9519216195914364f,-0.2665107495919122f,-1.55140108075491f,-0.031739347737791176f,-0.25244712012473375f,-1.0818575214453707f,-5.151938838511998f,0f,0f,0f,1f], start_interpolation: 0, interpolation_duration: 1 }
$data merge entity $(bone_tail3) { transformation: [-1.0914644755208216f,0.009725278836841017f,0.06840579783687456f,0.11727668092838472f,-0.006126522858009917f,1.0630623369882641f,-0.27615484069570423f,-1.3960639828635764f,-0.06836677718946449f,-0.2578857187470207f,-1.205695123838532f,-4.473735331352824f,0f,0f,0f,1f], start_interpolation: 0, interpolation_duration: 1 }
$data merge entity $(bone_tail2) { transformation: [-1.212373661248707f,0.00945587965244159f,0.08178408753528321f,0.07127313168978791f,-0.00812677256392373f,1.1864375563171259f,-0.2858028887200372f,-1.2352998579585555f,-0.08216945259628235f,-0.2627302236662655f,-1.3441683878279347f,-3.717640613199611f,0f,0f,0f,1f], start_interpolation: 0, interpolation_duration: 1 }
$data merge entity $(bone_tail1) { transformation: [-1.3479136686667141f,0.008918391977314357f,0.07776031906765121f,0.02753295221423411f,-0.006126942652721422f,1.3236073421172014f,-0.2945692039488198f,-1.0696046807373443f,-0.07652770492044117f,-0.2658022877519846f,-1.4992165419451664f,-2.8743313083554547f,0f,0f,0f,1f], start_interpolation: 0, interpolation_duration: 1 }
$data merge entity $(bone_tail0) { transformation: [-1.4992568235919677f,0.00835755989193925f,0.05266194166616653f,2.4492935982947064e-16f,-6.505213034913027e-19f,1.4763104003663043f,-0.3009370322591433f,-0.53125f,-0.047212042032972655f,-0.26540111710943337f,-1.672322822458334f,-2f,0f,0f,0f,1f], start_interpolation: 0, interpolation_duration: 1 }