# This file was generated by Animated Java via MC-Build. It is not recommended to edit this file directly.
$data merge entity $(bone_leftwing20) {transformation: [-0.45f,-1.9045f,-2.2186f,1.2973f,-0.4185f,2.2635f,-1.8582f,0.309f,2.8938f,0.0312f,-0.6137f,3.52f,0f,0f,0f,1f],start_interpolation: 0,interpolation_duration: 1}
$data merge entity $(bone_leftwing21) {transformation: [-0.2549f,-1.9044f,-2.2492f,1.2973f,-0.2549f,2.2634f,-1.8875f,0.309f,2.9361f,0.0312f,-0.3592f,3.52f,0f,0f,0f,1f],start_interpolation: 0,interpolation_duration: 1}
$data merge entity $(bone_leftwing22) {transformation: [-0.058f,-1.9081f,-2.2673f,1.2973f,-0.0896f,2.2678f,-1.9062f,0.309f,2.962f,0.0312f,-0.1021f,3.52f,0f,0f,0f,1f],start_interpolation: 0,interpolation_duration: 1}
$data merge entity $(bone_leftwing23) {transformation: [0.1376f,-1.8777f,-2.2276f,1.2973f,0.0756f,2.2317f,-1.8764f,0.309f,2.9124f,0.0307f,0.154f,3.52f,0f,0f,0f,1f],start_interpolation: 0,interpolation_duration: 1}
$data merge entity $(bone_leftwing1) {transformation: [-0.306f,-1.2876f,1.4995f,0.8383f,-0.2304f,1.5303f,1.2669f,-0.0367f,-1.963f,0.0211f,-0.3825f,0.5755f,0f,0f,0f,1f],start_interpolation: 0,interpolation_duration: 1}
$data merge entity $(bone_leftwing) {transformation: [-0.1005f,-0.7511f,-0.8871f,0.6875f,-0.1005f,0.8927f,-0.7444f,-0.1875f,1.158f,0.0123f,-0.1416f,2.3125f,0f,0f,0f,1f],start_interpolation: 0,interpolation_duration: 1}
$data merge entity $(bone_rightwing20) {transformation: [-0.45f,1.9045f,2.2186f,-1.2973f,0.4185f,2.2635f,-1.8582f,0.309f,-2.8938f,0.0312f,-0.6137f,3.52f,0f,0f,0f,1f],start_interpolation: 0,interpolation_duration: 1}
$data merge entity $(bone_rightwing21) {transformation: [-0.2549f,1.9045f,2.2494f,-1.2973f,0.2549f,2.2635f,-1.8876f,0.309f,-2.9363f,0.0312f,-0.3592f,3.52f,0f,0f,0f,1f],start_interpolation: 0,interpolation_duration: 1}
$data merge entity $(bone_rightwing22) {transformation: [-0.0579f,1.9045f,2.263f,-1.2973f,0.0894f,2.2635f,-1.9027f,0.309f,-2.9564f,0.0312f,-0.1019f,3.52f,0f,0f,0f,1f],start_interpolation: 0,interpolation_duration: 1}
$data merge entity $(bone_rightwing23) {transformation: [0.1376f,1.8777f,2.2276f,-1.2973f,-0.0756f,2.2317f,-1.8764f,0.309f,-2.9124f,0.0307f,0.154f,3.52f,0f,0f,0f,1f],start_interpolation: 0,interpolation_duration: 1}
$data merge entity $(bone_rightwing1) {transformation: [-0.306f,1.2876f,-1.4995f,-0.8383f,0.2304f,1.5303f,1.2669f,-0.0367f,1.963f,0.0211f,-0.3825f,0.5755f,0f,0f,0f,1f],start_interpolation: 0,interpolation_duration: 1}
$data merge entity $(bone_rightwing) {transformation: [-0.1005f,0.7511f,0.8871f,-0.6875f,0.1005f,0.8927f,-0.7444f,-0.1875f,-1.158f,0.0123f,-0.1416f,2.3125f,0f,0f,0f,1f],start_interpolation: 0,interpolation_duration: 1}
$data merge entity $(bone_eyebrow) {transformation: [-0.8923f,0f,0f,0f,0f,0.8921f,-0.0204f,0.2485f,0f,-0.0204f,-0.8921f,6.0873f,0f,0f,0f,1f],start_interpolation: 0,interpolation_duration: 1}
$data merge entity $(bone_head) {transformation: [-1.2269f,0f,0f,0f,0f,1.2266f,-0.0281f,-0.2177f,0f,-0.0281f,-1.2266f,4.4842f,0f,0f,0f,1f],start_interpolation: 0,interpolation_duration: 1}
$data merge entity $(bone_neck4) {transformation: [-1.0498f,0f,0f,0f,0f,0.9154f,-0.5139f,-0.2212f,0f,-0.5139f,-0.9154f,4.411f,0f,0f,0f,1f],start_interpolation: 0,interpolation_duration: 1}
$data merge entity $(bone_neck3) {transformation: [-1.1664f,0f,0f,0f,0f,0.9541f,-0.671f,-0.5147f,0f,-0.671f,-0.9541f,3.9935f,0f,0f,0f,1f],start_interpolation: 0,interpolation_duration: 1}
$data merge entity $(bone_neck2) {transformation: [-1.296f,0f,0f,0f,0f,1.0997f,-0.6858f,-0.6862f,0f,-0.6858f,-1.0997f,3.7186f,0f,0f,0f,1f],start_interpolation: 0,interpolation_duration: 1}
$data merge entity $(bone_neck1) {transformation: [-1.44f,0f,0f,0f,0f,1.35f,-0.5011f,-0.8114f,0f,-0.5011f,-1.35f,3.3811f,0f,0f,0f,1f],start_interpolation: 0,interpolation_duration: 1}
$data merge entity $(bone_neck0) {transformation: [-1.6f,0f,0f,0f,0f,1.5829f,-0.2335f,-0.9687f,0f,-0.2335f,-1.5829f,3f,0f,0f,0f,1f],start_interpolation: 0,interpolation_duration: 1}
$data merge entity $(bone_frontlegl) {transformation: [-0.9659f,-0.1374f,0.2193f,0.4413f,0f,0.8473f,0.5311f,-0.747f,-0.2588f,0.513f,-0.8185f,2.486f,0f,0f,0f,1f],start_interpolation: 0,interpolation_duration: 1}
$data merge entity $(bone_frontlegtipleft) {transformation: [-0.9659f,0.2242f,0.1293f,0.8917f,0f,0.4997f,-0.8662f,-1.6018f,-0.2588f,-0.8367f,-0.4827f,1.771f,0f,0f,0f,1f],start_interpolation: 0,interpolation_duration: 1}
$data merge entity $(bone_frontfootleftd) {transformation: [-0.9659f,-0.0797f,0.2462f,0.4706f,0f,0.9514f,0.308f,-2.6344f,-0.2588f,0.2975f,-0.919f,3.3016f,0f,0f,0f,1f],start_interpolation: 0,interpolation_duration: 1}
$data merge entity $(bone_frontfootleft) {transformation: [0.9659f,0.0973f,0.2398f,0.581f,0f,-0.9267f,0.3759f,-2.4059f,0.2588f,-0.3631f,-0.8951f,2.9304f,0f,0f,0f,1f],start_interpolation: 0,interpolation_duration: 1}
$data merge entity $(bone_frontlegr) {transformation: [-0.9659f,0.2121f,-0.1484f,-0.8749f,0f,0.5732f,0.8194f,-0.8069f,0.2588f,0.7915f,-0.5537f,2.6255f,0f,0f,0f,1f],start_interpolation: 0,interpolation_duration: 1}
$data merge entity $(bone_frontlegtipright) {transformation: [-0.9659f,-0.1971f,-0.1678f,-0.9157f,0f,0.6483f,-0.7614f,-1.2972f,0.2588f,-0.7354f,-0.6262f,1.5071f,0f,0f,0f,1f],start_interpolation: 0,interpolation_duration: 1}
$data merge entity $(bone_frontfootrightd) {transformation: [-0.9659f,0.0781f,-0.2468f,-0.5891f,0f,0.9534f,0.3016f,-2.6118f,0.2588f,0.2913f,-0.9209f,2.7669f,0f,0f,0f,1f],start_interpolation: 0,interpolation_duration: 1}
$data merge entity $(bone_frontfootright) {transformation: [0.9659f,-0.1831f,-0.1829f,-0.652f,0f,-0.7068f,0.7074f,-2.2448f,-0.2588f,-0.6833f,-0.6827f,2.4915f,0f,0f,0f,1f],start_interpolation: 0,interpolation_duration: 1}
$data merge entity $(bone_rearlegl) {transformation: [-1.0464f,-0.0288f,-0.2789f,-0.0199f,0f,1.0776f,-0.1113f,-0.4718f,0.2804f,-0.1075f,-1.0409f,-0.4131f,0f,0f,0f,1f],start_interpolation: 0,interpolation_duration: 1}
$data merge entity $(bone_rearfootleftd) {transformation: [-0.9659f,0.1107f,-0.2339f,0.5767f,0f,0.9039f,0.4278f,-2.7637f,0.2588f,0.4132f,-0.8731f,-0.8429f,0f,0f,0f,1f],start_interpolation: 0,interpolation_duration: 1}
$data merge entity $(bone_rearfootleft) {transformation: [-0.9659f,0.2307f,-0.1174f,0.5248f,0f,0.4535f,0.8913f,-2.0942f,0.2588f,0.8609f,-0.438f,-1.0365f,0f,0f,0f,1f],start_interpolation: 0,interpolation_duration: 1}
$data merge entity $(bone_rearlegtipleft) {transformation: [-0.9659f,0.2573f,-0.0278f,0.7235f,0f,0.1076f,0.9942f,-2.0488f,0.2588f,0.9603f,-0.1039f,-0.0535f,0f,0f,0f,1f],start_interpolation: 0,interpolation_duration: 1}
$data merge entity $(bone_rearlegr) {transformation: [-1.0464f,0.1528f,0.2351f,-1.2915f,0f,0.9083f,-0.5904f,-0.5809f,-0.2804f,-0.5703f,-0.8774f,-0.8479f,0f,0f,0f,1f],start_interpolation: 0,interpolation_duration: 1}
$data merge entity $(bone_rearfootrightd) {transformation: [-0.9659f,0.133f,0.222f,-0.8236f,0f,0.8578f,-0.514f,-2.7129f,-0.2588f,-0.4965f,-0.8286f,0.0621f,0f,0f,0f,1f],start_interpolation: 0,interpolation_duration: 1}
$data merge entity $(bone_rearfootright) {transformation: [-0.9659f,-0.1631f,0.2009f,-0.7058f,0f,0.7764f,0.6303f,-2.1825f,-0.2588f,0.6088f,-0.7499f,-0.3774f,0f,0f,0f,1f],start_interpolation: 0,interpolation_duration: 1}
$data merge entity $(bone_rearlegtipright) {transformation: [-0.9659f,-0.226f,0.1261f,-1.0001f,0f,0.4873f,0.8733f,-1.7499f,-0.2588f,0.8435f,-0.4707f,0.4794f,0f,0f,0f,1f],start_interpolation: 0,interpolation_duration: 1}
$data merge entity $(bone_tail11) {transformation: [-0.2868f,0.0543f,-0.0335f,-0.0549f,0.0156f,0.2086f,0.2081f,-1.6266f,0.0732f,0.2359f,-0.2214f,-6.9939f,0f,0f,0f,1f],start_interpolation: 0,interpolation_duration: 1}
$data merge entity $(bone_tail10) {transformation: [-0.3805f,0.0618f,-0.0696f,-0.0157f,0.0145f,0.3286f,0.2157f,-1.748f,0.1078f,0.2481f,-0.3499f,-6.7971f,0f,0f,0f,1f],start_interpolation: 0,interpolation_duration: 1}
$data merge entity $(bone_tail9) {transformation: [-0.4763f,0.0576f,-0.098f,0.0394f,0.0193f,0.4576f,0.1789f,-1.8486f,0.1315f,0.213f,-0.4929f,-6.5199f,0f,0f,0f,1f],start_interpolation: 0,interpolation_duration: 1}
$data merge entity $(bone_tail8) {transformation: [-0.5651f,0.042f,-0.1035f,0.0976f,0.0266f,0.5706f,0.0915f,-1.9001f,0.1289f,0.1232f,-0.6255f,-6.168f,0f,0f,0f,1f],start_interpolation: 0,interpolation_duration: 1}
$data merge entity $(bone_tail7) {transformation: [-0.6722f,0.0222f,-0.0833f,0.1445f,0.0285f,0.6788f,-0.0403f,-1.8774f,0.0994f,-0.0157f,-0.7585f,-5.7413f,0f,0f,0f,1f],start_interpolation: 0,interpolation_duration: 1}
$data merge entity $(bone_tail6) {transformation: [-0.7958f,0.0114f,-0.047f,0.1709f,0.0223f,0.7828f,-0.1671f,-1.7834f,0.057f,-0.1505f,-0.8857f,-5.2431f,0f,0f,0f,1f],start_interpolation: 0,interpolation_duration: 1}
$data merge entity $(bone_tail5) {transformation: [-0.8858f,0.0083f,-0.0075f,0.1751f,0.0115f,0.8516f,-0.2571f,-1.6388f,0.0135f,-0.2471f,-0.9691f,-4.698f,0f,0f,0f,1f],start_interpolation: 0,interpolation_duration: 1}
$data merge entity $(bone_tail4) {transformation: [-0.9836f,0.0094f,0.0344f,0.1558f,0.0013f,0.9519f,-0.2665f,-1.4889f,-0.0317f,-0.2524f,-1.0819f,-4.0894f,0f,0f,0f,1f],start_interpolation: 0,interpolation_duration: 1}
$data merge entity $(bone_tail3) {transformation: [-1.0915f,0.0097f,0.0684f,0.1173f,-0.0061f,1.0631f,-0.2762f,-1.3336f,-0.0684f,-0.2579f,-1.2057f,-3.4112f,0f,0f,0f,1f],start_interpolation: 0,interpolation_duration: 1}
$data merge entity $(bone_tail2) {transformation: [-1.2124f,0.0095f,0.0818f,0.0713f,-0.0081f,1.1864f,-0.2858f,-1.1728f,-0.0822f,-0.2627f,-1.3442f,-2.6551f,0f,0f,0f,1f],start_interpolation: 0,interpolation_duration: 1}
$data merge entity $(bone_tail1) {transformation: [-1.3479f,0.0089f,0.0778f,0.0275f,-0.0061f,1.3236f,-0.2946f,-1.0071f,-0.0765f,-0.2658f,-1.4992f,-1.8118f,0f,0f,0f,1f],start_interpolation: 0,interpolation_duration: 1}
$data merge entity $(bone_tail0) {transformation: [-1.4993f,0.0084f,0.0527f,0f,0f,1.4763f,-0.3009f,-0.4687f,-0.0472f,-0.2654f,-1.6723f,-0.9375f,0f,0f,0f,1f],start_interpolation: 0,interpolation_duration: 1}