# This file was generated by Animated Java via MC-Build. It is not recommended to edit this file directly.
$data merge entity $(bone_leftwing20) {transformation: [-0.4306f,-2.1395f,-1.9972f,1.2277f,-0.4391f,2.0431f,-2.094f,0.3831f,2.8937f,-0.0084f,-0.615f,3.5204f,0f,0f,0f,1f],start_interpolation: 0,interpolation_duration: 1}
$data merge entity $(bone_leftwing21) {transformation: [-0.2549f,-2.1394f,-2.027f,1.2277f,-0.2549f,2.043f,-2.1242f,0.3831f,2.9361f,-0.0084f,-0.3604f,3.5204f,0f,0f,0f,1f],start_interpolation: 0,interpolation_duration: 1}
$data merge entity $(bone_leftwing22) {transformation: [-0.0774f,-2.1435f,-2.0455f,1.2277f,-0.0689f,2.0469f,-2.1424f,0.3831f,2.9621f,-0.0084f,-0.1033f,3.5204f,0f,0f,0f,1f],start_interpolation: 0,interpolation_duration: 1}
$data merge entity $(bone_leftwing23) {transformation: [0.0995f,-2.1094f,-2.0119f,1.2277f,0.1162f,2.0143f,-2.1062f,0.3831f,2.9127f,-0.0083f,0.1527f,3.5204f,0f,0f,0f,1f],start_interpolation: 0,interpolation_duration: 1}
$data merge entity $(bone_leftwing1) {transformation: [-0.2596f,-1.4464f,1.3566f,0.8383f,-0.2799f,1.3812f,1.4191f,-0.0367f,-1.9632f,-0.0057f,-0.3817f,0.5755f,0f,0f,0f,1f],start_interpolation: 0,interpolation_duration: 1}
$data merge entity $(bone_leftwing) {transformation: [-0.1005f,-0.8437f,-0.7994f,0.6875f,-0.1005f,0.8057f,-0.8377f,-0.1875f,1.158f,-0.0033f,-0.1421f,2.3125f,0f,0f,0f,1f],start_interpolation: 0,interpolation_duration: 1}
$data merge entity $(bone_rightwing20) {transformation: [-0.4306f,2.1395f,1.9972f,-1.2277f,0.4391f,2.0431f,-2.094f,0.3831f,-2.8937f,-0.0084f,-0.615f,3.5204f,0f,0f,0f,1f],start_interpolation: 0,interpolation_duration: 1}
$data merge entity $(bone_rightwing21) {transformation: [-0.2549f,2.1395f,2.0271f,-1.2277f,0.2549f,2.0431f,-2.1243f,0.3831f,-2.9363f,-0.0084f,-0.3604f,3.5204f,0f,0f,0f,1f],start_interpolation: 0,interpolation_duration: 1}
$data merge entity $(bone_rightwing22) {transformation: [-0.0773f,2.1395f,2.0416f,-1.2277f,0.0688f,2.0431f,-2.1384f,0.3831f,-2.9565f,-0.0084f,-0.1031f,3.5204f,0f,0f,0f,1f],start_interpolation: 0,interpolation_duration: 1}
$data merge entity $(bone_rightwing23) {transformation: [0.0995f,2.1094f,2.0119f,-1.2277f,-0.1162f,2.0143f,-2.1062f,0.3831f,-2.9127f,-0.0083f,0.1527f,3.5204f,0f,0f,0f,1f],start_interpolation: 0,interpolation_duration: 1}
$data merge entity $(bone_rightwing1) {transformation: [-0.2596f,1.4464f,-1.3566f,-0.8383f,0.2799f,1.3812f,1.4191f,-0.0367f,1.9632f,-0.0057f,-0.3817f,0.5755f,0f,0f,0f,1f],start_interpolation: 0,interpolation_duration: 1}
$data merge entity $(bone_rightwing) {transformation: [-0.1005f,0.8437f,0.7994f,-0.6875f,0.1005f,0.8057f,-0.8377f,-0.1875f,-1.158f,-0.0033f,-0.1421f,2.3125f,0f,0f,0f,1f],start_interpolation: 0,interpolation_duration: 1}
$data merge entity $(bone_eyebrow) {transformation: [-0.8923f,0f,0f,0f,0f,0.8908f,0.0523f,0.0523f,0f,0.0523f,-0.8908f,6.1592f,0f,0f,0f,1f],start_interpolation: 0,interpolation_duration: 1}
$data merge entity $(bone_head) {transformation: [-1.2269f,0f,0f,0f,0f,1.2248f,0.0719f,-0.2818f,0f,0.0719f,-1.2248f,4.5235f,0f,0f,0f,1f],start_interpolation: 0,interpolation_duration: 1}
$data merge entity $(bone_neck4) {transformation: [-1.0498f,0f,0f,0f,0f,0.9542f,-0.4377f,-0.2794f,0f,-0.4377f,-0.9542f,4.4502f,0f,0f,0f,1f],start_interpolation: 0,interpolation_duration: 1}
$data merge entity $(bone_neck3) {transformation: [-1.1664f,0f,0f,0f,0f,1.0474f,-0.5133f,-0.5039f,0f,-0.5133f,-1.0474f,3.992f,0f,0f,0f,1f],start_interpolation: 0,interpolation_duration: 1}
$data merge entity $(bone_neck2) {transformation: [-1.296f,0f,0f,0f,0f,1.1624f,-0.5732f,-0.6472f,0f,-0.5732f,-1.1624f,3.7014f,0f,0f,0f,1f],start_interpolation: 0,interpolation_duration: 1}
$data merge entity $(bone_neck1) {transformation: [-1.44f,0f,0f,0f,0f,1.3361f,-0.5372f,-0.7815f,0f,-0.5372f,-1.3361f,3.3674f,0f,0f,0f,1f],start_interpolation: 0,interpolation_duration: 1}
$data merge entity $(bone_neck0) {transformation: [-1.6f,0f,0f,0f,0f,1.5592f,-0.359f,-0.9687f,0f,-0.359f,-1.5592f,3f,0f,0f,0f,1f],start_interpolation: 0,interpolation_duration: 1}
$data merge entity $(bone_frontlegl) {transformation: [-0.9659f,-0.1415f,0.2167f,0.4409f,0f,0.8372f,0.5469f,-0.7471f,-0.2588f,0.5283f,-0.8087f,2.4872f,0f,0f,0f,1f],start_interpolation: 0,interpolation_duration: 1}
$data merge entity $(bone_frontlegtipleft) {transformation: [-0.9659f,0.2507f,0.0643f,0.9078f,0f,0.2485f,-0.9686f,-1.6185f,-0.2588f,-0.9356f,-0.24f,1.7108f,0f,0f,0f,1f],start_interpolation: 0,interpolation_duration: 1}
$data merge entity $(bone_frontfootleftd) {transformation: [-0.9659f,-0.1118f,0.2334f,0.4433f,0f,0.9019f,0.4319f,-2.3061f,-0.2588f,0.4172f,-0.8712f,3.4034f,0f,0f,0f,1f],start_interpolation: 0,interpolation_duration: 1}
$data merge entity $(bone_frontfootleft) {transformation: [0.9659f,0.1018f,0.238f,0.5526f,0f,-0.9194f,0.3932f,-2.0704f,0.2588f,-0.3798f,-0.8881f,3.0363f,0f,0f,0f,1f],start_interpolation: 0,interpolation_duration: 1}
$data merge entity $(bone_frontlegr) {transformation: [-0.9659f,0.1471f,-0.213f,-0.8749f,0f,0.8228f,0.5683f,-0.8183f,0.2588f,0.5489f,-0.7948f,2.6255f,0f,0f,0f,1f],start_interpolation: 0,interpolation_duration: 1}
$data merge entity $(bone_frontlegtipright) {transformation: [-0.9659f,-0.2108f,-0.1502f,-0.8479f,0f,0.5802f,-0.8145f,-1.6333f,0.2588f,-0.7867f,-0.5604f,1.7603f,0f,0f,0f,1f],start_interpolation: 0,interpolation_duration: 1}
$data merge entity $(bone_frontfootrightd) {transformation: [-0.9659f,0.0706f,-0.249f,-0.4726f,0f,0.962f,0.2729f,-2.7352f,0.2588f,0.2636f,-0.9293f,3.2017f,0f,0f,0f,1f],start_interpolation: 0,interpolation_duration: 1}
$data merge entity $(bone_frontfootright) {transformation: [0.9659f,-0.1079f,-0.2353f,-0.564f,0f,-0.909f,0.4168f,-2.4895f,-0.2588f,-0.4026f,-0.878f,2.8199f,0f,0f,0f,1f],start_interpolation: 0,interpolation_duration: 1}
$data merge entity $(bone_rearlegl) {transformation: [-1.0464f,-0.0905f,-0.2654f,-0.0276f,0f,1.0253f,-0.3498f,-0.5151f,0.2804f,-0.3379f,-0.9904f,-0.4419f,0f,0f,0f,1f],start_interpolation: 0,interpolation_duration: 1}
$data merge entity $(bone_rearfootleftd) {transformation: [-0.9659f,-0.0576f,-0.2523f,0.7181f,0f,0.9749f,-0.2225f,-2.8744f,0.2588f,-0.2149f,-0.9417f,-0.3151f,0f,0f,0f,1f],start_interpolation: 0,interpolation_duration: 1}
$data merge entity $(bone_rearfootleft) {transformation: [-0.9659f,0.1902f,-0.1755f,0.6212f,0f,0.678f,0.735f,-2.2843f,0.2588f,0.71f,-0.6549f,-0.6766f,0f,0f,0f,1f],start_interpolation: 0,interpolation_duration: 1}
$data merge entity $(bone_rearlegtipleft) {transformation: [-0.9659f,0.2338f,-0.1109f,0.8016f,0f,0.4286f,0.9035f,-1.9122f,0.2588f,0.8727f,-0.414f,0.2381f,0f,0f,0f,1f],start_interpolation: 0,interpolation_duration: 1}
$data merge entity $(bone_rearlegr) {transformation: [-1.0464f,0.0613f,0.2736f,-1.2996f,0f,1.0571f,-0.2369f,-0.4944f,-0.2804f,-0.2288f,-1.0211f,-0.8175f,0f,0f,0f,1f],start_interpolation: 0,interpolation_duration: 1}
$data merge entity $(bone_rearfootrightd) {transformation: [-0.9659f,0.0278f,0.2573f,-0.6143f,0f,0.9942f,-0.1073f,-2.6332f,-0.2588f,-0.1036f,-0.9604f,-0.7187f,0f,0f,0f,1f],start_interpolation: 0,interpolation_duration: 1}
$data merge entity $(bone_rearfootright) {transformation: [-0.9659f,-0.2323f,0.1141f,-0.5649f,0f,0.4409f,0.8976f,-1.961f,-0.2588f,0.867f,-0.4258f,-0.9031f,0f,0f,0f,1f],start_interpolation: 0,interpolation_duration: 1}
$data merge entity $(bone_rearlegtipright) {transformation: [-0.9659f,-0.2588f,-0.005f,-0.8838f,0f,-0.0192f,0.9998f,-2.0427f,-0.2588f,0.9657f,0.0185f,0.0453f,0f,0f,0f,1f],start_interpolation: 0,interpolation_duration: 1}
$data merge entity $(bone_tail11) {transformation: [-0.2918f,-0.0331f,-0.0072f,0.4535f,-0.0332f,0.2624f,0.1323f,-2.4303f,-0.0121f,0.1633f,-0.2878f,-6.8602f,0f,0f,0f,1f],start_interpolation: 0,interpolation_duration: 1}
$data merge entity $(bone_tail10) {transformation: [-0.3878f,-0.0452f,0.0312f,0.436f,-0.0356f,0.3778f,0.1067f,-2.4903f,-0.0504f,0.1373f,-0.4166f,-6.6258f,0f,0f,0f,1f],start_interpolation: 0,interpolation_duration: 1}
$data merge entity $(bone_tail9) {transformation: [-0.4807f,-0.0478f,0.0796f,0.3913f,-0.0421f,0.4893f,0.0412f,-2.5135f,-0.097f,0.0665f,-0.5393f,-6.3225f,0f,0f,0f,1f],start_interpolation: 0,interpolation_duration: 1}
$data merge entity $(bone_tail8) {transformation: [-0.5619f,-0.037f,0.1211f,0.3231f,-0.0515f,0.5741f,-0.0621f,-2.4786f,-0.1349f,-0.046f,-0.6335f,-5.9661f,0f,0f,0f,1f],start_interpolation: 0,interpolation_duration: 1}
$data merge entity $(bone_tail7) {transformation: [-0.6615f,-0.0154f,0.1462f,0.2409f,-0.06f,0.6489f,-0.2015f,-2.3652f,-0.1565f,-0.1961f,-0.7216f,-5.5603f,0f,0f,0f,1f],start_interpolation: 0,interpolation_duration: 1}
$data merge entity $(bone_tail6) {transformation: [-0.7831f,0.003f,0.149f,0.1571f,-0.0605f,0.7287f,-0.3305f,-2.1793f,-0.1591f,-0.3326f,-0.8197f,-5.0992f,0f,0f,0f,1f],start_interpolation: 0,interpolation_duration: 1}
$data merge entity $(bone_tail5) {transformation: [-0.876f,0.012f,0.1302f,0.0838f,-0.0508f,0.7894f,-0.4115f,-1.9479f,-0.141f,-0.4167f,-0.8965f,-4.5949f,0f,0f,0f,1f],start_interpolation: 0,interpolation_duration: 1}
$data merge entity $(bone_tail4) {transformation: [-0.9795f,0.0058f,0.096f,0.0299f,-0.0357f,0.8995f,-0.4136f,-1.7152f,-0.1052f,-0.4109f,-1.0253f,-4.0182f,0f,0f,0f,1f],start_interpolation: 0,interpolation_duration: 1}
$data merge entity $(bone_tail3) {transformation: [-1.0924f,0.0011f,0.0503f,0.0016f,-0.0184f,1.0213f,-0.4102f,-1.4845f,-0.0565f,-0.3987f,-1.1652f,-3.3627f,0f,0f,0f,1f],start_interpolation: 0,interpolation_duration: 1}
$data merge entity $(bone_tail2) {transformation: [-1.2148f,-0.0015f,0.0199f,-0.0096f,-0.0086f,1.1554f,-0.4009f,-1.259f,-0.0239f,-0.38f,-1.3159f,-2.6226f,0f,0f,0f,1f],start_interpolation: 0,interpolation_duration: 1}
$data merge entity $(bone_tail1) {transformation: [-1.35f,-0.0027f,-0.0043f,-0.0072f,-0.002f,1.3028f,-0.3865f,-1.0416f,0.0023f,-0.3551f,-1.48f,-1.79f,0f,0f,0f,1f],start_interpolation: 0,interpolation_duration: 1}
$data merge entity $(bone_tail0) {transformation: [-1.4999f,-0.0027f,-0.014f,0f,0f,1.4645f,-0.3675f,-0.4687f,0.0127f,-0.3242f,-1.6597f,-0.9375f,0f,0f,0f,1f],start_interpolation: 0,interpolation_duration: 1}