# This file was generated by Animated Java via MC-Build. It is not recommended to edit this file directly.
$data merge entity $(bone_leftwing20) {transformation: [-0.4326f,-2.118f,-2.0195f,1.2347f,-0.4372f,2.0653f,-2.0724f,0.3763f,2.8937f,-0.0046f,-0.615f,3.5204f,0f,0f,0f,1f],start_interpolation: 0,interpolation_duration: 1}
$data merge entity $(bone_leftwing21) {transformation: [-0.2549f,-2.1179f,-2.0494f,1.2347f,-0.2549f,2.0652f,-2.1025f,0.3763f,2.9361f,-0.0046f,-0.3605f,3.5204f,0f,0f,0f,1f],start_interpolation: 0,interpolation_duration: 1}
$data merge entity $(bone_leftwing22) {transformation: [-0.0755f,-2.122f,-2.0678f,1.2347f,-0.0708f,2.0692f,-2.1208f,0.3763f,2.9621f,-0.0046f,-0.1034f,3.5204f,0f,0f,0f,1f],start_interpolation: 0,interpolation_duration: 1}
$data merge entity $(bone_leftwing23) {transformation: [0.1034f,-2.0882f,-2.0336f,1.2347f,0.1125f,2.0362f,-2.0852f,0.3763f,2.9127f,-0.0045f,0.1527f,3.5204f,0f,0f,0f,1f],start_interpolation: 0,interpolation_duration: 1}
$data merge entity $(bone_leftwing1) {transformation: [-0.2643f,-1.4319f,1.371f,0.8383f,-0.2754f,1.3963f,1.4052f,-0.0367f,-1.9632f,-0.0031f,-0.3816f,0.5755f,0f,0f,0f,1f],start_interpolation: 0,interpolation_duration: 1}
$data merge entity $(bone_leftwing) {transformation: [-0.1005f,-0.8353f,-0.8083f,0.6875f,-0.1005f,0.8145f,-0.8292f,-0.1875f,1.158f,-0.0018f,-0.1422f,2.3125f,0f,0f,0f,1f],start_interpolation: 0,interpolation_duration: 1}
$data merge entity $(bone_rightwing20) {transformation: [-0.4326f,2.118f,2.0195f,-1.2347f,0.4372f,2.0653f,-2.0724f,0.3763f,-2.8937f,-0.0046f,-0.615f,3.5204f,0f,0f,0f,1f],start_interpolation: 0,interpolation_duration: 1}
$data merge entity $(bone_rightwing21) {transformation: [-0.2549f,2.118f,2.0495f,-1.2347f,0.2549f,2.0653f,-2.1027f,0.3763f,-2.9363f,-0.0046f,-0.3605f,3.5204f,0f,0f,0f,1f],start_interpolation: 0,interpolation_duration: 1}
$data merge entity $(bone_rightwing22) {transformation: [-0.0753f,2.118f,2.064f,-1.2347f,0.0707f,2.0653f,-2.1169f,0.3763f,-2.9565f,-0.0046f,-0.1032f,3.5204f,0f,0f,0f,1f],start_interpolation: 0,interpolation_duration: 1}
$data merge entity $(bone_rightwing23) {transformation: [0.1034f,2.0882f,2.0336f,-1.2347f,-0.1125f,2.0362f,-2.0852f,0.3763f,-2.9127f,-0.0045f,0.1527f,3.5204f,0f,0f,0f,1f],start_interpolation: 0,interpolation_duration: 1}
$data merge entity $(bone_rightwing1) {transformation: [-0.2643f,1.4319f,-1.371f,-0.8383f,0.2754f,1.3963f,1.4052f,-0.0367f,1.9632f,-0.0031f,-0.3816f,0.5755f,0f,0f,0f,1f],start_interpolation: 0,interpolation_duration: 1}
$data merge entity $(bone_rightwing) {transformation: [-0.1005f,0.8353f,0.8083f,-0.6875f,0.1005f,0.8145f,-0.8292f,-0.1875f,-1.158f,-0.0018f,-0.1422f,2.3125f,0f,0f,0f,1f],start_interpolation: 0,interpolation_duration: 1}
$data merge entity $(bone_eyebrow) {transformation: [-0.8923f,0f,0f,0f,0f,0.8909f,0.0502f,0.0463f,0f,0.0502f,-0.8909f,6.1629f,0f,0f,0f,1f],start_interpolation: 0,interpolation_duration: 1}
$data merge entity $(bone_head) {transformation: [-1.2269f,0f,0f,0f,0f,1.225f,0.0691f,-0.2916f,0f,0.0691f,-1.225f,4.528f,0f,0f,0f,1f],start_interpolation: 0,interpolation_duration: 1}
$data merge entity $(bone_neck4) {transformation: [-1.0498f,0f,0f,0f,0f,0.9532f,-0.4399f,-0.2893f,0f,-0.4399f,-0.9532f,4.4547f,0f,0f,0f,1f],start_interpolation: 0,interpolation_duration: 1}
$data merge entity $(bone_neck3) {transformation: [-1.1664f,0f,0f,0f,0f,1.0479f,-0.5123f,-0.5134f,0f,-0.5123f,-1.0479f,3.9963f,0f,0f,0f,1f],start_interpolation: 0,interpolation_duration: 1}
$data merge entity $(bone_neck2) {transformation: [-1.296f,0f,0f,0f,0f,1.1673f,-0.563f,-0.6542f,0f,-0.563f,-1.1673f,3.7044f,0f,0f,0f,1f],start_interpolation: 0,interpolation_duration: 1}
$data merge entity $(bone_neck1) {transformation: [-1.44f,0f,0f,0f,0f,1.3426f,-0.5207f,-0.7844f,0f,-0.5207f,-1.3426f,3.3688f,0f,0f,0f,1f],start_interpolation: 0,interpolation_duration: 1}
$data merge entity $(bone_neck0) {transformation: [-1.6f,0f,0f,0f,0f,1.5619f,-0.3471f,-0.9687f,0f,-0.3471f,-1.5619f,3f,0f,0f,0f,1f],start_interpolation: 0,interpolation_duration: 1}
$data merge entity $(bone_frontlegl) {transformation: [-0.9659f,-0.1374f,0.2193f,0.4413f,0f,0.8473f,0.5311f,-0.747f,-0.2588f,0.513f,-0.8185f,2.486f,0f,0f,0f,1f],start_interpolation: 0,interpolation_duration: 1}
$data merge entity $(bone_frontlegtipleft) {transformation: [-0.9659f,0.2516f,0.0606f,0.9037f,0f,0.234f,-0.9722f,-1.6341f,-0.2588f,-0.9391f,-0.2261f,1.7262f,0f,0f,0f,1f],start_interpolation: 0,interpolation_duration: 1}
$data merge entity $(bone_frontfootleftd) {transformation: [-0.9659f,-0.1126f,0.2331f,0.4364f,0f,0.9005f,0.4349f,-2.294f,-0.2588f,0.4201f,-0.8698f,3.4293f,0f,0f,0f,1f],start_interpolation: 0,interpolation_duration: 1}
$data merge entity $(bone_frontfootleft) {transformation: [0.9659f,0.0973f,0.2398f,0.5468f,0f,-0.9267f,0.3759f,-2.0655f,0.2588f,-0.3631f,-0.8951f,3.058f,0f,0f,0f,1f],start_interpolation: 0,interpolation_duration: 1}
$data merge entity $(bone_frontlegr) {transformation: [-0.9659f,0.1518f,-0.2096f,-0.8749f,0f,0.8099f,0.5866f,-0.8176f,0.2588f,0.5666f,-0.7823f,2.6254f,0f,0f,0f,1f],start_interpolation: 0,interpolation_duration: 1}
$data merge entity $(bone_frontlegtipright) {transformation: [-0.9659f,-0.2038f,-0.1596f,-0.852f,0f,0.6166f,-0.7872f,-1.6121f,0.2588f,-0.7604f,-0.5956f,1.7449f,0f,0f,0f,1f],start_interpolation: 0,interpolation_duration: 1}
$data merge entity $(bone_frontfootrightd) {transformation: [-0.9659f,0.0663f,-0.2502f,-0.4885f,0f,0.9666f,0.2563f,-2.7717f,0.2588f,0.2476f,-0.9337f,3.1423f,0f,0f,0f,1f],start_interpolation: 0,interpolation_duration: 1}
$data merge entity $(bone_frontfootright) {transformation: [0.9659f,-0.1131f,-0.2328f,-0.5784f,0f,-0.8995f,0.437f,-2.5173f,-0.2588f,-0.4221f,-0.8688f,2.7659f,0f,0f,0f,1f],start_interpolation: 0,interpolation_duration: 1}
$data merge entity $(bone_rearlegl) {transformation: [-1.0464f,-0.0833f,-0.2677f,-0.0269f,0f,1.0344f,-0.3219f,-0.5096f,0.2804f,-0.311f,-0.9992f,-0.439f,0f,0f,0f,1f],start_interpolation: 0,interpolation_duration: 1}
$data merge entity $(bone_rearfootleftd) {transformation: [-0.9659f,-0.0549f,-0.2529f,0.7048f,0f,0.9772f,-0.2122f,-2.8848f,0.2588f,-0.205f,-0.9439f,-0.3649f,0f,0f,0f,1f],start_interpolation: 0,interpolation_duration: 1}
$data merge entity $(bone_rearfootleft) {transformation: [-0.9659f,0.1934f,-0.172f,0.6107f,0f,0.6645f,0.7473f,-2.2879f,0.2588f,0.7219f,-0.6418f,-0.7159f,0f,0f,0f,1f],start_interpolation: 0,interpolation_duration: 1}
$data merge entity $(bone_rearlegtipleft) {transformation: [-0.9659f,0.2352f,-0.1081f,0.7923f,0f,0.4176f,0.9087f,-1.9271f,0.2588f,0.8777f,-0.4033f,0.2032f,0f,0f,0f,1f],start_interpolation: 0,interpolation_duration: 1}
$data merge entity $(bone_rearlegr) {transformation: [-1.0464f,0.0674f,0.2722f,-1.2989f,0f,1.0516f,-0.2605f,-0.4995f,-0.2804f,-0.2516f,-1.0157f,-0.8203f,0f,0f,0f,1f],start_interpolation: 0,interpolation_duration: 1}
$data merge entity $(bone_rearfootrightd) {transformation: [-0.9659f,0.0285f,0.2572f,-0.6233f,0f,0.9939f,-0.11f,-2.6142f,-0.2588f,-0.1063f,-0.9601f,-0.6854f,0f,0f,0f,1f],start_interpolation: 0,interpolation_duration: 1}
$data merge entity $(bone_rearfootright) {transformation: [-0.9659f,-0.232f,0.1147f,-0.5734f,0f,0.4433f,0.8964f,-1.9426f,-0.2588f,0.8658f,-0.4282f,-0.8715f,0f,0f,0f,1f],start_interpolation: 0,interpolation_duration: 1}
$data merge entity $(bone_rearlegtipright) {transformation: [-0.9659f,-0.2587f,-0.0085f,-0.8919f,0f,-0.0329f,0.9995f,-2.0379f,-0.2588f,0.9654f,0.0317f,0.0757f,0f,0f,0f,1f],start_interpolation: 0,interpolation_duration: 1}
$data merge entity $(bone_tail11) {transformation: [-0.2921f,-0.0283f,-0.0131f,0.4828f,-0.0314f,0.2618f,0.1336f,-2.3876f,-0.0035f,0.1654f,-0.2869f,-6.8731f,0f,0f,0f,1f],start_interpolation: 0,interpolation_duration: 1}
$data merge entity $(bone_tail10) {transformation: [-0.3889f,-0.0404f,0.0233f,0.4697f,-0.0328f,0.3773f,0.1091f,-2.449f,-0.0401f,0.141f,-0.4166f,-6.6388f,0f,0f,0f,1f],start_interpolation: 0,interpolation_duration: 1}
$data merge entity $(bone_tail9) {transformation: [-0.4823f,-0.0439f,0.0718f,0.4293f,-0.038f,0.4892f,0.0448f,-2.4742f,-0.0876f,0.0716f,-0.5403f,-6.3348f,0f,0f,0f,1f],start_interpolation: 0,interpolation_duration: 1}
$data merge entity $(bone_tail8) {transformation: [-0.563f,-0.0344f,0.1163f,0.3639f,-0.0471f,0.5749f,-0.0571f,-2.4421f,-0.1295f,-0.0397f,-0.6352f,-5.9776f,0f,0f,0f,1f],start_interpolation: 0,interpolation_duration: 1}
$data merge entity $(bone_tail7) {transformation: [-0.6614f,-0.0135f,0.1465f,0.2815f,-0.0567f,0.651f,-0.195f,-2.3324f,-0.1572f,-0.1888f,-0.7235f,-5.5706f,0f,0f,0f,1f],start_interpolation: 0,interpolation_duration: 1}
$data merge entity $(bone_tail6) {transformation: [-0.782f,0.0052f,0.1547f,0.1945f,-0.0592f,0.7322f,-0.3225f,-2.151f,-0.1658f,-0.3241f,-0.8219f,-5.1083f,0f,0f,0f,1f],start_interpolation: 0,interpolation_duration: 1}
$data merge entity $(bone_tail5) {transformation: [-0.8745f,0.0148f,0.1399f,0.1158f,-0.0512f,0.7936f,-0.4028f,-1.9244f,-0.1519f,-0.4077f,-0.8991f,-4.6025f,0f,0f,0f,1f],start_interpolation: 0,interpolation_duration: 1}
$data merge entity $(bone_tail4) {transformation: [-0.9781f,0.0085f,0.1089f,0.0546f,-0.0374f,0.9034f,-0.4042f,-1.6971f,-0.1191f,-0.4015f,-1.0277f,-4.0244f,0f,0f,0f,1f],start_interpolation: 0,interpolation_duration: 1}
$data merge entity $(bone_tail3) {transformation: [-1.0916f,0.0035f,0.0643f,0.0184f,-0.0206f,1.0247f,-0.4007f,-1.4716f,-0.0714f,-0.3892f,-1.1679f,-3.3675f,0f,0f,0f,1f],start_interpolation: 0,interpolation_duration: 1}
$data merge entity $(bone_tail2) {transformation: [-1.2145f,0.0005f,0.0333f,-0.0003f,-0.0106f,1.1582f,-0.3919f,-1.2512f,-0.0378f,-0.3711f,-1.3183f,-2.626f,0f,0f,0f,1f],start_interpolation: 0,interpolation_duration: 1}
$data merge entity $(bone_tail1) {transformation: [-1.35f,-0.0011f,0.0065f,-0.0039f,-0.0032f,1.3049f,-0.3785f,-1.0383f,-0.0085f,-0.3475f,-1.4821f,-1.7923f,0f,0f,0f,1f],start_interpolation: 0,interpolation_duration: 1}
$data merge entity $(bone_tail0) {transformation: [-1.5f,-0.0015f,-0.0077f,0f,0f,1.4658f,-0.3611f,-0.4687f,0.0069f,-0.3186f,-1.6612f,-0.9375f,0f,0f,0f,1f],start_interpolation: 0,interpolation_duration: 1}