# This file was generated by Animated Java via MC-Build. It is not recommended to edit this file directly.
$data merge entity $(bone_leftwing20) {transformation: [-0.4346f,-2.096f,-2.042f,1.2418f,-0.4353f,2.0877f,-2.0503f,0.3694f,2.8937f,-0.0007f,-0.6151f,3.5204f,0f,0f,0f,1f],start_interpolation: 0,interpolation_duration: 1}
$data merge entity $(bone_leftwing21) {transformation: [-0.2549f,-2.0959f,-2.0719f,1.2418f,-0.2549f,2.0876f,-2.0804f,0.3694f,2.9361f,-0.0007f,-0.3605f,3.5204f,0f,0f,0f,1f],start_interpolation: 0,interpolation_duration: 1}
$data merge entity $(bone_leftwing22) {transformation: [-0.0735f,-2.1f,-2.0903f,1.2418f,-0.0728f,2.0916f,-2.0987f,0.3694f,2.9621f,-0.0007f,-0.1034f,3.5204f,0f,0f,0f,1f],start_interpolation: 0,interpolation_duration: 1}
$data merge entity $(bone_leftwing23) {transformation: [0.1072f,-2.0665f,-2.0555f,1.2418f,0.1087f,2.0583f,-2.0636f,0.3694f,2.9127f,-0.0007f,0.1526f,3.5204f,0f,0f,0f,1f],start_interpolation: 0,interpolation_duration: 1}
$data merge entity $(bone_leftwing1) {transformation: [-0.269f,-1.417f,1.3855f,0.8383f,-0.2707f,1.4114f,1.3909f,-0.0367f,-1.9633f,-0.0005f,-0.3816f,0.5755f,0f,0f,0f,1f],start_interpolation: 0,interpolation_duration: 1}
$data merge entity $(bone_leftwing) {transformation: [-0.1005f,-0.8266f,-0.8171f,0.6875f,-0.1005f,0.8233f,-0.8205f,-0.1875f,1.158f,-0.0003f,-0.1422f,2.3125f,0f,0f,0f,1f],start_interpolation: 0,interpolation_duration: 1}
$data merge entity $(bone_rightwing20) {transformation: [-0.4346f,2.096f,2.042f,-1.2418f,0.4353f,2.0877f,-2.0503f,0.3694f,-2.8937f,-0.0007f,-0.6151f,3.5204f,0f,0f,0f,1f],start_interpolation: 0,interpolation_duration: 1}
$data merge entity $(bone_rightwing21) {transformation: [-0.2549f,2.096f,2.0721f,-1.2418f,0.2549f,2.0877f,-2.0805f,0.3694f,-2.9363f,-0.0007f,-0.3605f,3.5204f,0f,0f,0f,1f],start_interpolation: 0,interpolation_duration: 1}
$data merge entity $(bone_rightwing22) {transformation: [-0.0734f,2.096f,2.0864f,-1.2418f,0.0726f,2.0877f,-2.0948f,0.3694f,-2.9565f,-0.0007f,-0.1032f,3.5204f,0f,0f,0f,1f],start_interpolation: 0,interpolation_duration: 1}
$data merge entity $(bone_rightwing23) {transformation: [0.1072f,2.0665f,2.0555f,-1.2418f,-0.1087f,2.0583f,-2.0636f,0.3694f,-2.9127f,-0.0007f,0.1526f,3.5204f,0f,0f,0f,1f],start_interpolation: 0,interpolation_duration: 1}
$data merge entity $(bone_rightwing1) {transformation: [-0.269f,1.417f,-1.3855f,-0.8383f,0.2707f,1.4114f,1.3909f,-0.0367f,1.9633f,-0.0005f,-0.3816f,0.5755f,0f,0f,0f,1f],start_interpolation: 0,interpolation_duration: 1}
$data merge entity $(bone_rightwing) {transformation: [-0.1005f,0.8266f,0.8171f,-0.6875f,0.1005f,0.8233f,-0.8205f,-0.1875f,-1.158f,-0.0003f,-0.1422f,2.3125f,0f,0f,0f,1f],start_interpolation: 0,interpolation_duration: 1}
$data merge entity $(bone_eyebrow) {transformation: [-0.8923f,0f,0f,0f,0f,0.891f,0.0477f,0.0422f,0f,0.0477f,-0.891f,6.1659f,0f,0f,0f,1f],start_interpolation: 0,interpolation_duration: 1}
$data merge entity $(bone_head) {transformation: [-1.2269f,0f,0f,0f,0f,1.2251f,0.0656f,-0.3002f,0f,0.0656f,-1.2251f,4.5319f,0f,0f,0f,1f],start_interpolation: 0,interpolation_duration: 1}
$data merge entity $(bone_neck4) {transformation: [-1.0498f,0f,0f,0f,0f,0.9519f,-0.4425f,-0.2981f,0f,-0.4425f,-0.9519f,4.4586f,0f,0f,0f,1f],start_interpolation: 0,interpolation_duration: 1}
$data merge entity $(bone_neck3) {transformation: [-1.1664f,0f,0f,0f,0f,1.0477f,-0.5126f,-0.5224f,0f,-0.5126f,-1.0477f,4.0002f,0f,0f,0f,1f],start_interpolation: 0,interpolation_duration: 1}
$data merge entity $(bone_neck2) {transformation: [-1.296f,0f,0f,0f,0f,1.1715f,-0.5543f,-0.661f,0f,-0.5543f,-1.1715f,3.7073f,0f,0f,0f,1f],start_interpolation: 0,interpolation_duration: 1}
$data merge entity $(bone_neck1) {transformation: [-1.44f,0f,0f,0f,0f,1.3486f,-0.5049f,-0.7872f,0f,-0.5049f,-1.3486f,3.3702f,0f,0f,0f,1f],start_interpolation: 0,interpolation_duration: 1}
$data merge entity $(bone_neck0) {transformation: [-1.6f,0f,0f,0f,0f,1.5645f,-0.3349f,-0.9687f,0f,-0.3349f,-1.5645f,3f,0f,0f,0f,1f],start_interpolation: 0,interpolation_duration: 1}
$data merge entity $(bone_frontlegl) {transformation: [-0.9659f,-0.1337f,0.2216f,0.4415f,0f,0.8563f,0.5165f,-0.7469f,-0.2588f,0.4989f,-0.8271f,2.4849f,0f,0f,0f,1f],start_interpolation: 0,interpolation_duration: 1}
$data merge entity $(bone_frontlegtipleft) {transformation: [-0.9659f,0.2523f,0.0576f,0.8998f,0f,0.2224f,-0.975f,-1.6478f,-0.2588f,-0.9417f,-0.2148f,1.7406f,0f,0f,0f,1f],start_interpolation: 0,interpolation_duration: 1}
$data merge entity $(bone_frontfootleftd) {transformation: [-0.9659f,-0.1131f,0.2328f,0.4302f,0f,0.8995f,0.437f,-2.2845f,-0.2588f,0.4221f,-0.8688f,3.4523f,0f,0f,0f,1f],start_interpolation: 0,interpolation_duration: 1}
$data merge entity $(bone_frontfootleft) {transformation: [0.9659f,0.0932f,0.2415f,0.5416f,0f,-0.933f,0.3599f,-2.0627f,0.2588f,-0.3477f,-0.9012f,3.0773f,0f,0f,0f,1f],start_interpolation: 0,interpolation_duration: 1}
$data merge entity $(bone_frontlegr) {transformation: [-0.9659f,0.1568f,-0.2059f,-0.8749f,0f,0.7957f,0.6057f,-0.8168f,0.2588f,0.5851f,-0.7686f,2.6253f,0f,0f,0f,1f],start_interpolation: 0,interpolation_duration: 1}
$data merge entity $(bone_frontlegtipright) {transformation: [-0.9659f,-0.196f,-0.169f,-0.8562f,0f,0.6531f,-0.7573f,-1.5893f,0.2588f,-0.7315f,-0.6308f,1.7291f,0f,0f,0f,1f],start_interpolation: 0,interpolation_duration: 1}
$data merge entity $(bone_frontfootrightd) {transformation: [-0.9659f,0.0619f,-0.2513f,-0.5057f,0f,0.971f,0.2392f,-2.8068f,0.2588f,0.231f,-0.9379f,3.0781f,0f,0f,0f,1f],start_interpolation: 0,interpolation_duration: 1}
$data merge entity $(bone_frontfootright) {transformation: [0.9659f,-0.1186f,-0.23f,-0.594f,0f,-0.8888f,0.4583f,-2.5433f,-0.2588f,-0.4427f,-0.8585f,2.7077f,0f,0f,0f,1f],start_interpolation: 0,interpolation_duration: 1}
$data merge entity $(bone_rearlegl) {transformation: [-1.0464f,-0.0764f,-0.2698f,-0.0261f,0f,1.0423f,-0.2952f,-0.5044f,0.2804f,-0.2851f,-1.0068f,-0.4361f,0f,0f,0f,1f],start_interpolation: 0,interpolation_duration: 1}
$data merge entity $(bone_rearfootleftd) {transformation: [-0.9659f,-0.0516f,-0.2536f,0.6918f,0f,0.9799f,-0.1993f,-2.8927f,0.2588f,-0.1925f,-0.9466f,-0.4133f,0f,0f,0f,1f],start_interpolation: 0,interpolation_duration: 1}
$data merge entity $(bone_rearfootleft) {transformation: [-0.9659f,0.1965f,-0.1684f,0.6005f,0f,0.6508f,0.7592f,-2.2894f,0.2588f,0.7334f,-0.6286f,-0.7538f,0f,0f,0f,1f],start_interpolation: 0,interpolation_duration: 1}
$data merge entity $(bone_rearlegtipleft) {transformation: [-0.9659f,0.2366f,-0.105f,0.7833f,0f,0.4058f,0.914f,-1.9407f,0.2588f,0.8828f,-0.3919f,0.1697f,0f,0f,0f,1f],start_interpolation: 0,interpolation_duration: 1}
$data merge entity $(bone_rearlegr) {transformation: [-1.0464f,0.0739f,0.2705f,-1.2981f,0f,1.045f,-0.2855f,-0.5049f,-0.2804f,-0.2758f,-1.0094f,-0.8231f,0f,0f,0f,1f],start_interpolation: 0,interpolation_duration: 1}
$data merge entity $(bone_rearfootrightd) {transformation: [-0.9659f,0.0294f,0.2571f,-0.6329f,0f,0.9935f,-0.1138f,-2.5944f,-0.2588f,-0.1099f,-0.9597f,-0.6494f,0f,0f,0f,1f],start_interpolation: 0,interpolation_duration: 1}
$data merge entity $(bone_rearfootright) {transformation: [-0.9659f,-0.2316f,0.1156f,-0.5824f,0f,0.4467f,0.8947f,-1.9234f,-0.2588f,0.8642f,-0.4315f,-0.8381f,0f,0f,0f,1f],start_interpolation: 0,interpolation_duration: 1}
$data merge entity $(bone_rearlegtipright) {transformation: [-0.9659f,-0.2585f,-0.0119f,-0.9006f,0f,-0.0458f,0.9989f,-2.0317f,-0.2588f,0.9649f,0.0443f,0.1079f,0f,0f,0f,1f],start_interpolation: 0,interpolation_duration: 1}
$data merge entity $(bone_tail11) {transformation: [-0.2922f,-0.0232f,-0.019f,0.5061f,-0.0295f,0.261f,0.1356f,-2.3415f,0.0052f,0.1681f,-0.2855f,-6.8867f,0f,0f,0f,1f],start_interpolation: 0,interpolation_duration: 1}
$data merge entity $(bone_tail10) {transformation: [-0.3898f,-0.0353f,0.0149f,0.4977f,-0.0298f,0.3766f,0.1123f,-2.4047f,-0.0292f,0.1454f,-0.4161f,-6.6526f,0f,0f,0f,1f],start_interpolation: 0,interpolation_duration: 1}
$data merge entity $(bone_tail9) {transformation: [-0.4839f,-0.0396f,0.0631f,0.4622f,-0.0336f,0.4889f,0.0493f,-2.4324f,-0.077f,0.0778f,-0.5412f,-6.3482f,0f,0f,0f,1f],start_interpolation: 0,interpolation_duration: 1}
$data merge entity $(bone_tail8) {transformation: [-0.5645f,-0.0315f,0.11f,0.4003f,-0.0422f,0.5757f,-0.0513f,-2.4036f,-0.1225f,-0.0323f,-0.6371f,-5.9898f,0f,0f,0f,1f],start_interpolation: 0,interpolation_duration: 1}
$data merge entity $(bone_tail7) {transformation: [-0.6618f,-0.0117f,0.145f,0.3188f,-0.0527f,0.6533f,-0.1877f,-2.298f,-0.156f,-0.1804f,-0.726f,-5.5814f,0f,0f,0f,1f],start_interpolation: 0,interpolation_duration: 1}
$data merge entity $(bone_tail6) {transformation: [-0.7812f,0.0071f,0.1585f,0.2296f,-0.057f,0.7359f,-0.3139f,-2.1214f,-0.1704f,-0.3149f,-0.8247f,-5.1175f,0f,0f,0f,1f],start_interpolation: 0,interpolation_duration: 1}
$data merge entity $(bone_tail5) {transformation: [-0.8731f,0.0173f,0.1479f,0.1464f,-0.0509f,0.798f,-0.3935f,-1.9001f,-0.1609f,-0.398f,-0.9021f,-4.6101f,0f,0f,0f,1f],start_interpolation: 0,interpolation_duration: 1}
$data merge entity $(bone_tail4) {transformation: [-0.9767f,0.0109f,0.1204f,0.0786f,-0.0385f,0.9075f,-0.3943f,-1.6783f,-0.1316f,-0.3914f,-1.0303f,-4.0306f,0f,0f,0f,1f],start_interpolation: 0,interpolation_duration: 1}
$data merge entity $(bone_tail3) {transformation: [-1.0907f,0.0057f,0.0775f,0.0351f,-0.0225f,1.0282f,-0.3908f,-1.4584f,-0.0853f,-0.3793f,-1.1704f,-3.3722f,0f,0f,0f,1f],start_interpolation: 0,interpolation_duration: 1}
$data merge entity $(bone_tail2) {transformation: [-1.2141f,0.0024f,0.0463f,0.009f,-0.0124f,1.161f,-0.3825f,-1.2433f,-0.0513f,-0.3619f,-1.3207f,-2.6293f,0f,0f,0f,1f],start_interpolation: 0,interpolation_duration: 1}
$data merge entity $(bone_tail1) {transformation: [-1.3499f,0.0005f,0.0172f,-0.0006f,-0.0043f,1.3069f,-0.3703f,-1.035f,-0.0193f,-0.3396f,-1.4841f,-1.7945f,0f,0f,0f,1f],start_interpolation: 0,interpolation_duration: 1}
$data merge entity $(bone_tail0) {transformation: [-1.5f,-0.0002f,-0.0012f,0f,0f,1.467f,-0.3547f,-0.4687f,0.0011f,-0.3129f,-1.6626f,-0.9375f,0f,0f,0f,1f],start_interpolation: 0,interpolation_duration: 1}