# This file was generated by Animated Java via MC-Build. It is not recommended to edit this file directly.
$data merge entity $(bone_leftwing20) {transformation: [-0.4365f,-2.0737f,-2.0642f,1.2488f,-0.4333f,2.1098f,-2.0279f,0.3623f,2.8937f,0.0031f,-0.6151f,3.5204f,0f,0f,0f,1f],start_interpolation: 0,interpolation_duration: 1}
$data merge entity $(bone_leftwing21) {transformation: [-0.2549f,-2.0736f,-2.0943f,1.2488f,-0.2549f,2.1097f,-2.0579f,0.3623f,2.9361f,0.0031f,-0.3605f,3.5204f,0f,0f,0f,1f],start_interpolation: 0,interpolation_duration: 1}
$data merge entity $(bone_leftwing22) {transformation: [-0.0716f,-2.0776f,-2.1126f,1.2488f,-0.0747f,2.1138f,-2.0763f,0.3623f,2.9621f,0.0031f,-0.1034f,3.5204f,0f,0f,0f,1f],start_interpolation: 0,interpolation_duration: 1}
$data merge entity $(bone_leftwing23) {transformation: [0.111f,-2.0445f,-2.0772f,1.2488f,0.1048f,2.0801f,-2.0418f,0.3623f,2.9127f,0.0031f,0.1527f,3.5204f,0f,0f,0f,1f],start_interpolation: 0,interpolation_duration: 1}
$data merge entity $(bone_leftwing1) {transformation: [-0.2736f,-1.4019f,1.3999f,0.8383f,-0.266f,1.4264f,1.3765f,-0.0367f,-1.9633f,0.0021f,-0.3816f,0.5755f,0f,0f,0f,1f],start_interpolation: 0,interpolation_duration: 1}
$data merge entity $(bone_leftwing) {transformation: [-0.1005f,-0.8178f,-0.826f,0.6875f,-0.1005f,0.8321f,-0.8116f,-0.1875f,1.158f,0.0012f,-0.1422f,2.3125f,0f,0f,0f,1f],start_interpolation: 0,interpolation_duration: 1}
$data merge entity $(bone_rightwing20) {transformation: [-0.4365f,2.0737f,2.0642f,-1.2488f,0.4333f,2.1098f,-2.0279f,0.3623f,-2.8937f,0.0031f,-0.6151f,3.5204f,0f,0f,0f,1f],start_interpolation: 0,interpolation_duration: 1}
$data merge entity $(bone_rightwing21) {transformation: [-0.2549f,2.0737f,2.0944f,-1.2488f,0.2549f,2.1098f,-2.058f,0.3623f,-2.9363f,0.0031f,-0.3605f,3.5204f,0f,0f,0f,1f],start_interpolation: 0,interpolation_duration: 1}
$data merge entity $(bone_rightwing22) {transformation: [-0.0714f,2.0737f,2.1086f,-1.2488f,0.0746f,2.1098f,-2.0724f,0.3623f,-2.9565f,0.0031f,-0.1032f,3.5204f,0f,0f,0f,1f],start_interpolation: 0,interpolation_duration: 1}
$data merge entity $(bone_rightwing23) {transformation: [0.111f,2.0445f,2.0772f,-1.2488f,-0.1048f,2.0801f,-2.0418f,0.3623f,-2.9127f,0.0031f,0.1527f,3.5204f,0f,0f,0f,1f],start_interpolation: 0,interpolation_duration: 1}
$data merge entity $(bone_rightwing1) {transformation: [-0.2736f,1.4019f,-1.3999f,-0.8383f,0.266f,1.4264f,1.3765f,-0.0367f,1.9633f,0.0021f,-0.3816f,0.5755f,0f,0f,0f,1f],start_interpolation: 0,interpolation_duration: 1}
$data merge entity $(bone_rightwing) {transformation: [-0.1005f,0.8178f,0.826f,-0.6875f,0.1005f,0.8321f,-0.8116f,-0.1875f,-1.158f,0.0012f,-0.1422f,2.3125f,0f,0f,0f,1f],start_interpolation: 0,interpolation_duration: 1}
$data merge entity $(bone_eyebrow) {transformation: [-0.8923f,0f,0f,0f,0f,0.8912f,0.0449f,0.0401f,0f,0.0449f,-0.8912f,6.168f,0f,0f,0f,1f],start_interpolation: 0,interpolation_duration: 1}
$data merge entity $(bone_head) {transformation: [-1.2269f,0f,0f,0f,0f,1.2254f,0.0617f,-0.3076f,0f,0.0617f,-1.2254f,4.5351f,0f,0f,0f,1f],start_interpolation: 0,interpolation_duration: 1}
$data merge entity $(bone_neck4) {transformation: [-1.0498f,0f,0f,0f,0f,0.9505f,-0.4456f,-0.3057f,0f,-0.4456f,-0.9505f,4.4618f,0f,0f,0f,1f],start_interpolation: 0,interpolation_duration: 1}
$data merge entity $(bone_neck3) {transformation: [-1.1664f,0f,0f,0f,0f,1.0469f,-0.5143f,-0.5308f,0f,-0.5143f,-1.0469f,4.0038f,0f,0f,0f,1f],start_interpolation: 0,interpolation_duration: 1}
$data merge entity $(bone_neck2) {transformation: [-1.296f,0f,0f,0f,0f,1.1747f,-0.5474f,-0.6676f,0f,-0.5474f,-1.1747f,3.7101f,0f,0f,0f,1f],start_interpolation: 0,interpolation_duration: 1}
$data merge entity $(bone_neck1) {transformation: [-1.44f,0f,0f,0f,0f,1.354f,-0.4901f,-0.7901f,0f,-0.4901f,-1.354f,3.3716f,0f,0f,0f,1f],start_interpolation: 0,interpolation_duration: 1}
$data merge entity $(bone_neck0) {transformation: [-1.6f,0f,0f,0f,0f,1.5671f,-0.3227f,-0.9687f,0f,-0.3227f,-1.5671f,3f,0f,0f,0f,1f],start_interpolation: 0,interpolation_duration: 1}
$data merge entity $(bone_frontlegl) {transformation: [-0.9659f,-0.1303f,0.2237f,0.4418f,0f,0.8641f,0.5033f,-0.7468f,-0.2588f,0.4861f,-0.8347f,2.4839f,0f,0f,0f,1f],start_interpolation: 0,interpolation_duration: 1}
$data merge entity $(bone_frontlegtipleft) {transformation: [-0.9659f,0.2528f,0.0553f,0.8962f,0f,0.2137f,-0.9769f,-1.6596f,-0.2588f,-0.9436f,-0.2064f,1.754f,0f,0f,0f,1f],start_interpolation: 0,interpolation_duration: 1}
$data merge entity $(bone_frontfootleftd) {transformation: [-0.9659f,-0.1134f,0.2327f,0.4248f,0f,0.899f,0.438f,-2.2779f,-0.2588f,0.4231f,-0.8683f,3.4724f,0f,0f,0f,1f],start_interpolation: 0,interpolation_duration: 1}
$data merge entity $(bone_frontfootleft) {transformation: [0.9659f,0.0894f,0.2429f,0.5371f,0f,-0.9384f,0.3456f,-2.0621f,0.2588f,-0.3338f,-0.9064f,3.0942f,0f,0f,0f,1f],start_interpolation: 0,interpolation_duration: 1}
$data merge entity $(bone_frontlegr) {transformation: [-0.9659f,0.1619f,-0.2019f,-0.8749f,0f,0.7802f,0.6256f,-0.816f,0.2588f,0.6043f,-0.7536f,2.6252f,0f,0f,0f,1f],start_interpolation: 0,interpolation_duration: 1}
$data merge entity $(bone_frontlegtipright) {transformation: [-0.9659f,-0.1876f,-0.1783f,-0.8606f,0f,0.6891f,-0.7247f,-1.565f,0.2588f,-0.7f,-0.6656f,1.7128f,0f,0f,0f,1f],start_interpolation: 0,interpolation_duration: 1}
$data merge entity $(bone_frontfootrightd) {transformation: [-0.9659f,0.0573f,-0.2524f,-0.5241f,0f,0.9752f,0.2215f,-2.8401f,0.2588f,0.214f,-0.9419f,3.0094f,0f,0f,0f,1f],start_interpolation: 0,interpolation_duration: 1}
$data merge entity $(bone_frontfootright) {transformation: [0.9659f,-0.1244f,-0.227f,-0.6107f,0f,-0.8769f,0.4806f,-2.5671f,-0.2588f,-0.4642f,-0.8471f,2.6455f,0f,0f,0f,1f],start_interpolation: 0,interpolation_duration: 1}
$data merge entity $(bone_rearlegl) {transformation: [-1.0464f,-0.0698f,-0.2716f,-0.0253f,0f,1.0492f,-0.2697f,-0.4996f,0.2804f,-0.2605f,-1.0135f,-0.4332f,0f,0f,0f,1f],start_interpolation: 0,interpolation_duration: 1}
$data merge entity $(bone_rearfootleftd) {transformation: [-0.9659f,-0.0475f,-0.2544f,0.6792f,0f,0.983f,-0.1836f,-2.8983f,0.2588f,-0.1773f,-0.9495f,-0.4602f,0f,0f,0f,1f],start_interpolation: 0,interpolation_duration: 1}
$data merge entity $(bone_rearfootleft) {transformation: [-0.9659f,0.1995f,-0.1649f,0.5908f,0f,0.6371f,0.7707f,-2.2888f,0.2588f,0.7445f,-0.6154f,-0.7902f,0f,0f,0f,1f],start_interpolation: 0,interpolation_duration: 1}
$data merge entity $(bone_rearlegtipleft) {transformation: [-0.9659f,0.238f,-0.1018f,0.7747f,0f,0.3933f,0.9194f,-1.953f,0.2588f,0.8881f,-0.3799f,0.1378f,0f,0f,0f,1f],start_interpolation: 0,interpolation_duration: 1}
$data merge entity $(bone_rearlegr) {transformation: [-1.0464f,0.0807f,0.2685f,-1.2974f,0f,1.0375f,-0.3118f,-0.5108f,-0.2804f,-0.3011f,-1.0022f,-0.826f,0f,0f,0f,1f],start_interpolation: 0,interpolation_duration: 1}
$data merge entity $(bone_rearfootrightd) {transformation: [-0.9659f,0.0307f,0.257f,-0.6432f,0f,0.993f,-0.1185f,-2.5735f,-0.2588f,-0.1145f,-0.9591f,-0.6111f,0f,0f,0f,1f],start_interpolation: 0,interpolation_duration: 1}
$data merge entity $(bone_rearfootright) {transformation: [-0.9659f,-0.231f,0.1167f,-0.5918f,0f,0.451f,0.8925f,-1.9035f,-0.2588f,0.8621f,-0.4356f,-0.8029f,0f,0f,0f,1f],start_interpolation: 0,interpolation_duration: 1}
$data merge entity $(bone_rearlegtipright) {transformation: [-0.9659f,-0.2584f,-0.015f,-0.9096f,0f,-0.058f,0.9983f,-2.024f,-0.2588f,0.9643f,0.0561f,0.1418f,0f,0f,0f,1f],start_interpolation: 0,interpolation_duration: 1}
$data merge entity $(bone_tail11) {transformation: [-0.2921f,-0.0179f,-0.0248f,0.5231f,-0.0276f,0.2597f,0.1381f,-2.2926f,0.0138f,0.1711f,-0.2834f,-6.9006f,0f,0f,0f,1f],start_interpolation: 0,interpolation_duration: 1}
$data merge entity $(bone_tail10) {transformation: [-0.3905f,-0.0299f,0.0063f,0.5196f,-0.0268f,0.3755f,0.1162f,-2.358f,-0.0178f,0.1504f,-0.415f,-6.6672f,0f,0f,0f,1f],start_interpolation: 0,interpolation_duration: 1}
$data merge entity $(bone_tail9) {transformation: [-0.4854f,-0.0351f,0.0535f,0.4895f,-0.0292f,0.4885f,0.0547f,-2.3887f,-0.0654f,0.0847f,-0.5418f,-6.3624f,0f,0f,0f,1f],start_interpolation: 0,interpolation_duration: 1}
$data merge entity $(bone_tail8) {transformation: [-0.5661f,-0.0285f,0.1023f,0.4319f,-0.037f,0.5765f,-0.0447f,-2.3636f,-0.1138f,-0.0241f,-0.6392f,-6.0029f,0f,0f,0f,1f],start_interpolation: 0,interpolation_duration: 1}
$data merge entity $(bone_tail7) {transformation: [-0.6625f,-0.01f,0.1417f,0.3522f,-0.0482f,0.6557f,-0.1798f,-2.2624f,-0.1528f,-0.1713f,-0.7291f,-5.5928f,0f,0f,0f,1f],start_interpolation: 0,interpolation_duration: 1}
$data merge entity $(bone_tail6) {transformation: [-0.7808f,0.0087f,0.1605f,0.262f,-0.0542f,0.7398f,-0.3047f,-2.091f,-0.1729f,-0.3048f,-0.8282f,-5.1269f,0f,0f,0f,1f],start_interpolation: 0,interpolation_duration: 1}
$data merge entity $(bone_tail5) {transformation: [-0.872f,0.0193f,0.1542f,0.1752f,-0.0499f,0.8026f,-0.3837f,-1.8752f,-0.1679f,-0.3876f,-0.9055f,-4.6176f,0f,0f,0f,1f],start_interpolation: 0,interpolation_duration: 1}
$data merge entity $(bone_tail4) {transformation: [-0.9754f,0.013f,0.1306f,0.1018f,-0.0391f,0.9116f,-0.384f,-1.6592f,-0.1425f,-0.3807f,-1.0331f,-4.0365f,0f,0f,0f,1f],start_interpolation: 0,interpolation_duration: 1}
$data merge entity $(bone_tail3) {transformation: [-1.0898f,0.0076f,0.0897f,0.0513f,-0.0239f,1.0318f,-0.3806f,-1.445f,-0.0982f,-0.3689f,-1.173f,-3.3767f,0f,0f,0f,1f],start_interpolation: 0,interpolation_duration: 1}
$data merge entity $(bone_tail2) {transformation: [-1.2136f,0.0041f,0.0587f,0.0183f,-0.0139f,1.1638f,-0.373f,-1.2353f,-0.0642f,-0.3524f,-1.323f,-2.6326f,0f,0f,0f,1f],start_interpolation: 0,interpolation_duration: 1}
$data merge entity $(bone_tail1) {transformation: [-1.3497f,0.0019f,0.0277f,0.0027f,-0.0053f,1.3089f,-0.362f,-1.0317f,-0.0298f,-0.3317f,-1.486f,-1.7967f,0f,0f,0f,1f],start_interpolation: 0,interpolation_duration: 1}
$data merge entity $(bone_tail0) {transformation: [-1.5f,0.001f,0.0053f,0f,0f,1.4682f,-0.3482f,-0.4687f,-0.0047f,-0.3072f,-1.664f,-0.9375f,0f,0f,0f,1f],start_interpolation: 0,interpolation_duration: 1}