# This file was generated by Animated Java via MC-Build. It is not recommended to edit this file directly.
$data merge entity $(bone_leftwing20) {transformation: [-0.4384f,-2.0514f,-2.086f,1.2556f,-0.4314f,2.1315f,-2.0055f,0.3553f,2.8937f,0.007f,-0.615f,3.5204f,0f,0f,0f,1f],start_interpolation: 0,interpolation_duration: 1}
$data merge entity $(bone_leftwing21) {transformation: [-0.2549f,-2.0513f,-2.1161f,1.2556f,-0.2549f,2.1314f,-2.0354f,0.3553f,2.9361f,0.007f,-0.3604f,3.5204f,0f,0f,0f,1f],start_interpolation: 0,interpolation_duration: 1}
$data merge entity $(bone_leftwing22) {transformation: [-0.0697f,-2.0552f,-2.1344f,1.2556f,-0.0767f,2.1355f,-2.0538f,0.3553f,2.9621f,0.007f,-0.1034f,3.5204f,0f,0f,0f,1f],start_interpolation: 0,interpolation_duration: 1}
$data merge entity $(bone_leftwing23) {transformation: [0.1148f,-2.0225f,-2.0984f,1.2556f,0.101f,2.1015f,-2.02f,0.3553f,2.9127f,0.0069f,0.1527f,3.5204f,0f,0f,0f,1f],start_interpolation: 0,interpolation_duration: 1}
$data merge entity $(bone_leftwing1) {transformation: [-0.2782f,-1.3869f,1.4139f,0.8383f,-0.2613f,1.441f,1.362f,-0.0367f,-1.9632f,0.0047f,-0.3817f,0.5755f,0f,0f,0f,1f],start_interpolation: 0,interpolation_duration: 1}
$data merge entity $(bone_leftwing) {transformation: [-0.1005f,-0.809f,-0.8346f,0.6875f,-0.1005f,0.8406f,-0.8027f,-0.1875f,1.158f,0.0027f,-0.1422f,2.3125f,0f,0f,0f,1f],start_interpolation: 0,interpolation_duration: 1}
$data merge entity $(bone_rightwing20) {transformation: [-0.4384f,2.0514f,2.086f,-1.2556f,0.4314f,2.1315f,-2.0055f,0.3553f,-2.8937f,0.007f,-0.615f,3.5204f,0f,0f,0f,1f],start_interpolation: 0,interpolation_duration: 1}
$data merge entity $(bone_rightwing21) {transformation: [-0.2549f,2.0514f,2.1163f,-1.2556f,0.2549f,2.1315f,-2.0355f,0.3553f,-2.9363f,0.007f,-0.3605f,3.5204f,0f,0f,0f,1f],start_interpolation: 0,interpolation_duration: 1}
$data merge entity $(bone_rightwing22) {transformation: [-0.0695f,2.0514f,2.1304f,-1.2556f,0.0766f,2.1315f,-2.05f,0.3553f,-2.9565f,0.007f,-0.1032f,3.5204f,0f,0f,0f,1f],start_interpolation: 0,interpolation_duration: 1}
$data merge entity $(bone_rightwing23) {transformation: [0.1148f,2.0225f,2.0984f,-1.2556f,-0.101f,2.1015f,-2.02f,0.3553f,-2.9127f,0.0069f,0.1527f,3.5204f,0f,0f,0f,1f],start_interpolation: 0,interpolation_duration: 1}
$data merge entity $(bone_rightwing1) {transformation: [-0.2782f,1.3869f,-1.4139f,-0.8383f,0.2613f,1.441f,1.362f,-0.0367f,1.9632f,0.0047f,-0.3817f,0.5755f,0f,0f,0f,1f],start_interpolation: 0,interpolation_duration: 1}
$data merge entity $(bone_rightwing) {transformation: [-0.1005f,0.809f,0.8346f,-0.6875f,0.1005f,0.8406f,-0.8027f,-0.1875f,-1.158f,0.0027f,-0.1422f,2.3125f,0f,0f,0f,1f],start_interpolation: 0,interpolation_duration: 1}
$data merge entity $(bone_eyebrow) {transformation: [-0.8923f,0f,0f,0f,0f,0.8913f,0.0416f,0.04f,0f,0.0416f,-0.8913f,6.1692f,0f,0f,0f,1f],start_interpolation: 0,interpolation_duration: 1}
$data merge entity $(bone_head) {transformation: [-1.2269f,0f,0f,0f,0f,1.2256f,0.0572f,-0.3136f,0f,0.0572f,-1.2256f,4.5377f,0f,0f,0f,1f],start_interpolation: 0,interpolation_duration: 1}
$data merge entity $(bone_neck4) {transformation: [-1.0498f,0f,0f,0f,0f,0.9489f,-0.4491f,-0.312f,0f,-0.4491f,-0.9489f,4.4643f,0f,0f,0f,1f],start_interpolation: 0,interpolation_duration: 1}
$data merge entity $(bone_neck3) {transformation: [-1.1664f,0f,0f,0f,0f,1.0454f,-0.5174f,-0.5383f,0f,-0.5174f,-1.0454f,4.007f,0f,0f,0f,1f],start_interpolation: 0,interpolation_duration: 1}
$data merge entity $(bone_neck2) {transformation: [-1.296f,0f,0f,0f,0f,1.1772f,-0.5421f,-0.6739f,0f,-0.5421f,-1.1772f,3.7127f,0f,0f,0f,1f],start_interpolation: 0,interpolation_duration: 1}
$data merge entity $(bone_neck1) {transformation: [-1.44f,0f,0f,0f,0f,1.3589f,-0.4764f,-0.793f,0f,-0.4764f,-1.3589f,3.373f,0f,0f,0f,1f],start_interpolation: 0,interpolation_duration: 1}
$data merge entity $(bone_neck0) {transformation: [-1.6f,0f,0f,0f,0f,1.5696f,-0.3107f,-0.9687f,0f,-0.3107f,-1.5696f,3f,0f,0f,0f,1f],start_interpolation: 0,interpolation_duration: 1}
$data merge entity $(bone_frontlegl) {transformation: [-0.9659f,-0.1272f,0.2254f,0.442f,0f,0.8709f,0.4915f,-0.7468f,-0.2588f,0.4747f,-0.8412f,2.4831f,0f,0f,0f,1f],start_interpolation: 0,interpolation_duration: 1}
$data merge entity $(bone_frontlegtipleft) {transformation: [-0.9659f,0.2532f,0.0538f,0.8929f,0f,0.2079f,-0.9781f,-1.6696f,-0.2588f,-0.9448f,-0.2008f,1.7662f,0f,0f,0f,1f],start_interpolation: 0,interpolation_duration: 1}
$data merge entity $(bone_frontfootleftd) {transformation: [-0.9659f,-0.1134f,0.2327f,0.4202f,0f,0.8989f,0.4381f,-2.2743f,-0.2588f,0.4232f,-0.8683f,3.4897f,0f,0f,0f,1f],start_interpolation: 0,interpolation_duration: 1}
$data merge entity $(bone_frontfootleft) {transformation: [0.9659f,0.0861f,0.2441f,0.5332f,0f,-0.943f,0.3328f,-2.0639f,0.2588f,-0.3214f,-0.9109f,3.1087f,0f,0f,0f,1f],start_interpolation: 0,interpolation_duration: 1}
$data merge entity $(bone_frontlegr) {transformation: [-0.9659f,0.1672f,-0.1975f,-0.875f,0f,0.7633f,0.6461f,-0.8152f,0.2588f,0.6241f,-0.7373f,2.6251f,0f,0f,0f,1f],start_interpolation: 0,interpolation_duration: 1}
$data merge entity $(bone_frontlegtipright) {transformation: [-0.9659f,-0.1859f,-0.18f,-0.8662f,0f,0.6956f,-0.7184f,-1.5416f,0.2588f,-0.694f,-0.6719f,1.692f,0f,0f,0f,1f],start_interpolation: 0,interpolation_duration: 1}
$data merge entity $(bone_frontfootrightd) {transformation: [-0.9659f,0.0527f,-0.2534f,-0.534f,0f,0.9791f,0.2034f,-2.8353f,0.2588f,0.1965f,-0.9457f,2.9727f,0f,0f,0f,1f],start_interpolation: 0,interpolation_duration: 1}
$data merge entity $(bone_frontfootright) {transformation: [0.9659f,-0.1304f,-0.2236f,-0.6186f,0f,-0.8639f,0.5037f,-2.5525f,-0.2588f,-0.4866f,-0.8344f,2.6159f,0f,0f,0f,1f],start_interpolation: 0,interpolation_duration: 1}
$data merge entity $(bone_rearlegl) {transformation: [-1.0464f,-0.0636f,-0.2731f,-0.0245f,0f,1.0551f,-0.2456f,-0.4951f,0.2804f,-0.2372f,-1.0192f,-0.4303f,0f,0f,0f,1f],start_interpolation: 0,interpolation_duration: 1}
$data merge entity $(bone_rearfootleftd) {transformation: [-0.9659f,-0.0427f,-0.2553f,0.6671f,0f,0.9863f,-0.1652f,-2.9018f,0.2588f,-0.1595f,-0.9527f,-0.5053f,0f,0f,0f,1f],start_interpolation: 0,interpolation_duration: 1}
$data merge entity $(bone_rearfootleft) {transformation: [-0.9659f,0.2024f,-0.1614f,0.5815f,0f,0.6235f,0.7818f,-2.2863f,0.2588f,0.7552f,-0.6022f,-0.8249f,0f,0f,0f,1f],start_interpolation: 0,interpolation_duration: 1}
$data merge entity $(bone_rearlegtipleft) {transformation: [-0.9659f,0.2394f,-0.0984f,0.7667f,0f,0.3801f,0.9249f,-1.964f,0.2588f,0.8934f,-0.3672f,0.1076f,0f,0f,0f,1f],start_interpolation: 0,interpolation_duration: 1}
$data merge entity $(bone_rearlegr) {transformation: [-1.0464f,0.0878f,0.2663f,-1.2966f,0f,1.0289f,-0.3392f,-0.517f,-0.2804f,-0.3276f,-0.9938f,-0.8288f,0f,0f,0f,1f],start_interpolation: 0,interpolation_duration: 1}
$data merge entity $(bone_rearfootrightd) {transformation: [-0.9659f,0.0322f,0.2568f,-0.654f,0f,0.9922f,-0.1243f,-2.5517f,-0.2588f,-0.12f,-0.9584f,-0.5707f,0f,0f,0f,1f],start_interpolation: 0,interpolation_duration: 1}
$data merge entity $(bone_rearfootright) {transformation: [-0.9659f,-0.2303f,0.1181f,-0.6017f,0f,0.4561f,0.8899f,-1.8828f,-0.2588f,0.8596f,-0.4406f,-0.7661f,0f,0f,0f,1f],start_interpolation: 0,interpolation_duration: 1}
$data merge entity $(bone_rearlegtipright) {transformation: [-0.9659f,-0.2582f,-0.018f,-0.9191f,0f,-0.0695f,0.9976f,-2.0147f,-0.2588f,0.9636f,0.0671f,0.1771f,0f,0f,0f,1f],start_interpolation: 0,interpolation_duration: 1}
$data merge entity $(bone_tail11) {transformation: [-0.2919f,-0.0125f,-0.0303f,0.5336f,-0.0257f,0.2582f,0.1413f,-2.2414f,0.0222f,0.1746f,-0.2808f,-6.9147f,0f,0f,0f,1f],start_interpolation: 0,interpolation_duration: 1}
$data merge entity $(bone_tail10) {transformation: [-0.3909f,-0.0242f,-0.0026f,0.535f,-0.0238f,0.3741f,0.1208f,-2.3093f,-0.0062f,0.1561f,-0.4133f,-6.6822f,0f,0f,0f,1f],start_interpolation: 0,interpolation_duration: 1}
$data merge entity $(bone_tail9) {transformation: [-0.4867f,-0.0303f,0.0431f,0.5108f,-0.0248f,0.488f,0.0609f,-2.3436f,-0.0528f,0.0924f,-0.542f,-6.3773f,0f,0f,0f,1f],start_interpolation: 0,interpolation_duration: 1}
$data merge entity $(bone_tail8) {transformation: [-0.5678f,-0.0253f,0.0933f,0.4583f,-0.0317f,0.5772f,-0.0374f,-2.3225f,-0.1036f,-0.015f,-0.6413f,-6.0166f,0f,0f,0f,1f],start_interpolation: 0,interpolation_duration: 1}
$data merge entity $(bone_tail7) {transformation: [-0.6636f,-0.0083f,0.1367f,0.3814f,-0.0433f,0.6582f,-0.1714f,-2.2262f,-0.1476f,-0.1613f,-0.7325f,-5.6045f,0f,0f,0f,1f],start_interpolation: 0,interpolation_duration: 1}
$data merge entity $(bone_tail6) {transformation: [-0.7808f,0.01f,0.1604f,0.2912f,-0.0508f,0.7437f,-0.2951f,-2.0602f,-0.1732f,-0.2941f,-0.8321f,-5.1364f,0f,0f,0f,1f],start_interpolation: 0,interpolation_duration: 1}
$data merge entity $(bone_tail5) {transformation: [-0.8712f,0.0209f,0.1586f,0.202f,-0.0483f,0.8072f,-0.3736f,-1.85f,-0.1728f,-0.3768f,-0.9093f,-4.625f,0f,0f,0f,1f],start_interpolation: 0,interpolation_duration: 1}
$data merge entity $(bone_tail4) {transformation: [-0.9742f,0.0147f,0.1391f,0.1237f,-0.0391f,0.9158f,-0.3735f,-1.6399f,-0.1516f,-0.3697f,-1.036f,-4.0422f,0f,0f,0f,1f],start_interpolation: 0,interpolation_duration: 1}
$data merge entity $(bone_tail3) {transformation: [-1.0888f,0.0093f,0.1009f,0.067f,-0.025f,1.0353f,-0.3702f,-1.4316f,-0.1099f,-0.3583f,-1.1754f,-3.3811f,0f,0f,0f,1f],start_interpolation: 0,interpolation_duration: 1}
$data merge entity $(bone_tail2) {transformation: [-1.213f,0.0056f,0.0705f,0.0273f,-0.0152f,1.1666f,-0.3633f,-1.2273f,-0.0762f,-0.3428f,-1.3251f,-2.6357f,0f,0f,0f,1f],start_interpolation: 0,interpolation_duration: 1}
$data merge entity $(bone_tail1) {transformation: [-1.3495f,0.0032f,0.0379f,0.006f,-0.0062f,1.3109f,-0.3537f,-1.0283f,-0.0399f,-0.3237f,-1.4878f,-1.7988f,0f,0f,0f,1f],start_interpolation: 0,interpolation_duration: 1}
$data merge entity $(bone_tail0) {transformation: [-1.5f,0.0021f,0.0117f,0f,0f,1.4694f,-0.3418f,-0.4687f,-0.0105f,-0.3016f,-1.6652f,-0.9375f,0f,0f,0f,1f],start_interpolation: 0,interpolation_duration: 1}