# This file was generated by Animated Java via MC-Build. It is not recommended to edit this file directly.
$data merge entity $(bone_leftwing20) {transformation: [-0.4437f,-1.9873f,-2.146f,1.2745f,-0.4257f,2.1913f,-1.9413f,0.3351f,2.8937f,0.0177f,-0.6146f,3.5203f,0f,0f,0f,1f],start_interpolation: 0,interpolation_duration: 1}
$data merge entity $(bone_leftwing21) {transformation: [-0.2549f,-1.9872f,-2.1764f,1.2745f,-0.2549f,2.1912f,-1.9709f,0.3351f,2.9361f,0.0177f,-0.3601f,3.5203f,0f,0f,0f,1f],start_interpolation: 0,interpolation_duration: 1}
$data merge entity $(bone_leftwing22) {transformation: [-0.0644f,-1.991f,-2.1946f,1.2745f,-0.0823f,2.1955f,-1.9894f,0.3351f,2.962f,0.0177f,-0.103f,3.5203f,0f,0f,0f,1f],start_interpolation: 0,interpolation_duration: 1}
$data merge entity $(bone_leftwing23) {transformation: [0.1251f,-1.9593f,-2.1569f,1.2745f,0.0899f,2.1605f,-1.9573f,0.3351f,2.9126f,0.0175f,0.1531f,3.5203f,0f,0f,0f,1f],start_interpolation: 0,interpolation_duration: 1}
$data merge entity $(bone_leftwing1) {transformation: [-0.2908f,-1.3435f,1.4527f,0.8383f,-0.2478f,1.4815f,1.3205f,-0.0367f,-1.9632f,0.012f,-0.3819f,0.5755f,0f,0f,0f,1f],start_interpolation: 0,interpolation_duration: 1}
$data merge entity $(bone_leftwing) {transformation: [-0.1005f,-0.7837f,-0.8584f,0.6875f,-0.1005f,0.8642f,-0.7773f,-0.1875f,1.158f,0.007f,-0.142f,2.3125f,0f,0f,0f,1f],start_interpolation: 0,interpolation_duration: 1}
$data merge entity $(bone_rightwing20) {transformation: [-0.4437f,1.9873f,2.146f,-1.2745f,0.4257f,2.1913f,-1.9413f,0.3351f,-2.8937f,0.0177f,-0.6146f,3.5203f,0f,0f,0f,1f],start_interpolation: 0,interpolation_duration: 1}
$data merge entity $(bone_rightwing21) {transformation: [-0.2549f,1.9873f,2.1765f,-1.2745f,0.2549f,2.1913f,-1.971f,0.3351f,-2.9363f,0.0177f,-0.3601f,3.5203f,0f,0f,0f,1f],start_interpolation: 0,interpolation_duration: 1}
$data merge entity $(bone_rightwing22) {transformation: [-0.0643f,1.9873f,2.1905f,-1.2745f,0.0822f,2.1913f,-1.9857f,0.3351f,-2.9565f,0.0177f,-0.1028f,3.5203f,0f,0f,0f,1f],start_interpolation: 0,interpolation_duration: 1}
$data merge entity $(bone_rightwing23) {transformation: [0.1251f,1.9593f,2.1569f,-1.2745f,-0.0899f,2.1605f,-1.9573f,0.3351f,-2.9126f,0.0175f,0.1531f,3.5203f,0f,0f,0f,1f],start_interpolation: 0,interpolation_duration: 1}
$data merge entity $(bone_rightwing1) {transformation: [-0.2908f,1.3435f,-1.4527f,-0.8383f,0.2478f,1.4815f,1.3205f,-0.0367f,1.9632f,0.012f,-0.3819f,0.5755f,0f,0f,0f,1f],start_interpolation: 0,interpolation_duration: 1}
$data merge entity $(bone_rightwing) {transformation: [-0.1005f,0.7837f,0.8584f,-0.6875f,0.1005f,0.8642f,-0.7773f,-0.1875f,-1.158f,0.007f,-0.142f,2.3125f,0f,0f,0f,1f],start_interpolation: 0,interpolation_duration: 1}
$data merge entity $(bone_eyebrow) {transformation: [-0.8923f,0f,0f,0f,0f,0.8918f,0.0301f,0.052f,0f,0.0301f,-0.8918f,6.1679f,0f,0f,0f,1f],start_interpolation: 0,interpolation_duration: 1}
$data merge entity $(bone_head) {transformation: [-1.2269f,0f,0f,0f,0f,1.2262f,0.0414f,-0.3227f,0f,0.0414f,-1.2262f,4.541f,0f,0f,0f,1f],start_interpolation: 0,interpolation_duration: 1}
$data merge entity $(bone_neck4) {transformation: [-1.0498f,0f,0f,0f,0f,0.943f,-0.4613f,-0.3221f,0f,-0.4613f,-0.943f,4.4676f,0f,0f,0f,1f],start_interpolation: 0,interpolation_duration: 1}
$data merge entity $(bone_neck3) {transformation: [-1.1664f,0f,0f,0f,0f,1.0371f,-0.5338f,-0.5556f,0f,-0.5338f,-1.0371f,4.0139f,0f,0f,0f,1f],start_interpolation: 0,interpolation_duration: 1}
$data merge entity $(bone_neck2) {transformation: [-1.296f,0f,0f,0f,0f,1.1791f,-0.5378f,-0.6901f,0f,-0.5378f,-1.1791f,3.7191f,0f,0f,0f,1f],start_interpolation: 0,interpolation_duration: 1}
$data merge entity $(bone_neck1) {transformation: [-1.44f,0f,0f,0f,0f,1.3698f,-0.4442f,-0.8011f,0f,-0.4442f,-1.3698f,3.3767f,0f,0f,0f,1f],start_interpolation: 0,interpolation_duration: 1}
$data merge entity $(bone_neck0) {transformation: [-1.6f,0f,0f,0f,0f,1.5759f,-0.2765f,-0.9687f,0f,-0.2765f,-1.5759f,3f,0f,0f,0f,1f],start_interpolation: 0,interpolation_duration: 1}
$data merge entity $(bone_frontlegl) {transformation: [-0.9659f,-0.1205f,0.2291f,0.4425f,0f,0.8851f,0.4654f,-0.7467f,-0.2588f,0.4495f,-0.8549f,2.4812f,0f,0f,0f,1f],start_interpolation: 0,interpolation_duration: 1}
$data merge entity $(bone_frontlegtipleft) {transformation: [-0.9659f,0.2531f,0.054f,0.8852f,0f,0.2085f,-0.978f,-1.6889f,-0.2588f,-0.9447f,-0.2014f,1.7952f,0f,0f,0f,1f],start_interpolation: 0,interpolation_duration: 1}
$data merge entity $(bone_frontfootleftd) {transformation: [-0.9659f,-0.1119f,0.2334f,0.4109f,0f,0.9016f,0.4325f,-2.2825f,-0.2588f,0.4178f,-0.8709f,3.5244f,0f,0f,0f,1f],start_interpolation: 0,interpolation_duration: 1}
$data merge entity $(bone_frontfootleft) {transformation: [0.9659f,0.0788f,0.2465f,0.5255f,0f,-0.9525f,0.3046f,-2.084f,0.2588f,-0.2942f,-0.92f,3.1374f,0f,0f,0f,1f],start_interpolation: 0,interpolation_duration: 1}
$data merge entity $(bone_frontlegr) {transformation: [-0.9659f,0.1837f,-0.1823f,-0.875f,0f,0.7044f,0.7098f,-0.8124f,0.2588f,0.6856f,-0.6804f,2.625f,0f,0f,0f,1f],start_interpolation: 0,interpolation_duration: 1}
$data merge entity $(bone_frontlegtipright) {transformation: [-0.9659f,-0.1828f,-0.1832f,-0.8836f,0f,0.7079f,-0.7063f,-1.4623f,0.2588f,-0.6822f,-0.6838f,1.6269f,0f,0f,0f,1f],start_interpolation: 0,interpolation_duration: 1}
$data merge entity $(bone_frontfootrightd) {transformation: [-0.9659f,0.0381f,-0.256f,-0.5627f,0f,0.9891f,0.1472f,-2.803f,0.2588f,0.1422f,-0.9554f,2.8656f,0f,0f,0f,1f],start_interpolation: 0,interpolation_duration: 1}
$data merge entity $(bone_frontfootright) {transformation: [0.9659f,-0.1493f,-0.2114f,-0.6406f,0f,-0.817f,0.5767f,-2.4895f,-0.2588f,-0.557f,-0.7891f,2.5338f,0f,0f,0f,1f],start_interpolation: 0,interpolation_duration: 1}
$data merge entity $(bone_rearlegl) {transformation: [-1.0464f,-0.0472f,-0.2764f,-0.0225f,0f,1.0679f,-0.1825f,-0.4838f,0.2804f,-0.1763f,-1.0315f,-0.4226f,0f,0f,0f,1f],start_interpolation: 0,interpolation_duration: 1}
$data merge entity $(bone_rearfootleftd) {transformation: [-0.9659f,-0.0244f,-0.2577f,0.6344f,0f,0.9956f,-0.0941f,-2.9002f,0.2588f,-0.0909f,-0.9616f,-0.6276f,0f,0f,0f,1f],start_interpolation: 0,interpolation_duration: 1}
$data merge entity $(bone_rearfootleft) {transformation: [-0.9659f,0.2102f,-0.151f,0.5569f,0f,0.5833f,0.8123f,-2.2688f,0.2588f,0.7846f,-0.5634f,-0.9168f,0f,0f,0f,1f],start_interpolation: 0,interpolation_duration: 1}
$data merge entity $(bone_rearlegtipleft) {transformation: [-0.9659f,0.2437f,-0.0872f,0.7456f,0f,0.3368f,0.9416f,-1.9909f,0.2588f,0.9095f,-0.3253f,0.0292f,0f,0f,0f,1f],start_interpolation: 0,interpolation_duration: 1}
$data merge entity $(bone_rearlegr) {transformation: [-1.0464f,0.1105f,0.2577f,-1.2944f,0f,0.9956f,-0.4271f,-0.5379f,-0.2804f,-0.4125f,-0.9617f,-0.837f,0f,0f,0f,1f],start_interpolation: 0,interpolation_duration: 1}
$data merge entity $(bone_rearfootrightd) {transformation: [-0.9659f,0.037f,0.2562f,-0.6887f,0f,0.9898f,-0.1428f,-2.48f,-0.2588f,-0.1379f,-0.956f,-0.4413f,0f,0f,0f,1f],start_interpolation: 0,interpolation_duration: 1}
$data merge entity $(bone_rearfootright) {transformation: [-0.9659f,-0.2281f,0.1223f,-0.6331f,0f,0.4727f,0.8812f,-1.815f,-0.2588f,0.8512f,-0.4566f,-0.6488f,0f,0f,0f,1f],start_interpolation: 0,interpolation_duration: 1}
$data merge entity $(bone_rearlegtipright) {transformation: [-0.9659f,-0.2576f,-0.0255f,-0.9494f,0f,-0.0987f,0.9951f,-1.9759f,-0.2588f,0.9612f,0.0953f,0.2902f,0f,0f,0f,1f],start_interpolation: 0,interpolation_duration: 1}
$data merge entity $(bone_tail11) {transformation: [-0.2903f,0.0039f,-0.0448f,0.5254f,-0.0201f,0.2515f,0.1533f,-2.08f,0.0457f,0.1866f,-0.2702f,-6.9546f,0f,0f,0f,1f],start_interpolation: 0,interpolation_duration: 1}
$data merge entity $(bone_tail10) {transformation: [-0.3905f,-0.0064f,-0.0288f,0.5416f,-0.0159f,0.3682f,0.1382f,-2.1577f,0.029f,0.1753f,-0.4048f,-6.727f,0f,0f,0f,1f],start_interpolation: 0,interpolation_duration: 1}
$data merge entity $(bone_tail9) {transformation: [-0.4893f,-0.0147f,0.0088f,0.5366f,-0.0126f,0.4848f,0.0832f,-2.2045f,-0.0109f,0.1186f,-0.5396f,-6.4234f,0f,0f,0f,1f],start_interpolation: 0,interpolation_duration: 1}
$data merge entity $(bone_tail8) {transformation: [-0.5727f,-0.015f,0.0595f,0.5031f,-0.0158f,0.5786f,-0.0118f,-2.1979f,-0.0648f,0.0156f,-0.6467f,-6.0597f,0f,0f,0f,1f],start_interpolation: 0,interpolation_duration: 1}
$data merge entity $(bone_tail7) {transformation: [-0.6683f,-0.0039f,0.1119f,0.4402f,-0.0272f,0.6653f,-0.1432f,-2.1174f,-0.1206f,-0.1284f,-0.7443f,-5.641f,0f,0f,0f,1f],start_interpolation: 0,interpolation_duration: 1}
$data merge entity $(bone_tail6) {transformation: [-0.7831f,0.012f,0.1489f,0.3564f,-0.0379f,0.7554f,-0.2644f,-1.9686f,-0.1609f,-0.2596f,-0.8464f,-5.165f,0f,0f,0f,1f],start_interpolation: 0,interpolation_duration: 1}
$data merge entity $(bone_tail5) {transformation: [-0.8709f,0.023f,0.1602f,0.2663f,-0.0405f,0.8208f,-0.3424f,-1.776f,-0.1744f,-0.3428f,-0.9228f,-4.6459f,0f,0f,0f,1f],start_interpolation: 0,interpolation_duration: 1}
$data merge entity $(bone_tail4) {transformation: [-0.9719f,0.0178f,0.1542f,0.1796f,-0.0363f,0.9277f,-0.3416f,-1.5839f,-0.1671f,-0.336f,-1.0455f,-4.0578f,0f,0f,0f,1f],start_interpolation: 0,interpolation_duration: 1}
$data merge entity $(bone_tail3) {transformation: [-1.0861f,0.0129f,0.1266f,0.1084f,-0.0261f,1.0451f,-0.3393f,-1.393f,-0.1363f,-0.3265f,-1.1825f,-3.3926f,0f,0f,0f,1f],start_interpolation: 0,interpolation_duration: 1}
$data merge entity $(bone_tail2) {transformation: [-1.2109f,0.0091f,0.0999f,0.0522f,-0.0176f,1.1742f,-0.3352f,-1.2045f,-0.1062f,-0.3146f,-1.3306f,-2.6441f,0f,0f,0f,1f],start_interpolation: 0,interpolation_duration: 1}
$data merge entity $(bone_tail1) {transformation: [-1.3485f,0.0065f,0.0652f,0.0155f,-0.0083f,1.3162f,-0.3299f,-1.019f,-0.0669f,-0.3008f,-1.4923f,-1.8047f,0f,0f,0f,1f],start_interpolation: 0,interpolation_duration: 1}
$data merge entity $(bone_tail0) {transformation: [-1.4998f,0.0051f,0.0298f,0f,0f,1.4726f,-0.3237f,-0.4687f,-0.0268f,-0.2855f,-1.6686f,-0.9375f,0f,0f,0f,1f],start_interpolation: 0,interpolation_duration: 1}