# This file was generated by Animated Java via MC-Build. It is not recommended to edit this file directly.
$data merge entity $(bone_leftwing20) {transformation: [-0.4466f,-1.9499f,-2.1795f,1.285f,-0.4225f,2.2246f,-1.9038f,0.3233f,2.8938f,0.0238f,-0.6143f,3.5202f,0f,0f,0f,1f],start_interpolation: 0,interpolation_duration: 1}
$data merge entity $(bone_leftwing21) {transformation: [-0.2549f,-1.9498f,-2.21f,1.285f,-0.2549f,2.2245f,-1.9332f,0.3233f,2.9361f,0.0238f,-0.3597f,3.5202f,0f,0f,0f,1f],start_interpolation: 0,interpolation_duration: 1}
$data merge entity $(bone_leftwing22) {transformation: [-0.0615f,-1.9536f,-2.2281f,1.285f,-0.0856f,2.2288f,-1.9519f,0.3233f,2.962f,0.0239f,-0.1026f,3.5202f,0f,0f,0f,1f],start_interpolation: 0,interpolation_duration: 1}
$data merge entity $(bone_leftwing23) {transformation: [0.1308f,-1.9225f,-2.1895f,1.285f,0.0835f,2.1933f,-1.9208f,0.3233f,2.9125f,0.0235f,0.1534f,3.5202f,0f,0f,0f,1f],start_interpolation: 0,interpolation_duration: 1}
$data merge entity $(bone_leftwing1) {transformation: [-0.2978f,-1.3183f,1.4743f,0.8383f,-0.24f,1.504f,1.2963f,-0.0367f,-1.9631f,0.0161f,-0.3821f,0.5755f,0f,0f,0f,1f],start_interpolation: 0,interpolation_duration: 1}
$data merge entity $(bone_leftwing) {transformation: [-0.1005f,-0.769f,-0.8716f,0.6875f,-0.1005f,0.8773f,-0.7624f,-0.1875f,1.158f,0.0094f,-0.1419f,2.3125f,0f,0f,0f,1f],start_interpolation: 0,interpolation_duration: 1}
$data merge entity $(bone_rightwing20) {transformation: [-0.4466f,1.9499f,2.1795f,-1.285f,0.4225f,2.2246f,-1.9038f,0.3233f,-2.8938f,0.0238f,-0.6143f,3.5202f,0f,0f,0f,1f],start_interpolation: 0,interpolation_duration: 1}
$data merge entity $(bone_rightwing21) {transformation: [-0.2549f,1.9499f,2.2101f,-1.285f,0.2549f,2.2246f,-1.9333f,0.3233f,-2.9363f,0.0238f,-0.3597f,3.5202f,0f,0f,0f,1f],start_interpolation: 0,interpolation_duration: 1}
$data merge entity $(bone_rightwing22) {transformation: [-0.0613f,1.9499f,2.2239f,-1.285f,0.0855f,2.2246f,-1.9482f,0.3233f,-2.9565f,0.0238f,-0.1025f,3.5202f,0f,0f,0f,1f],start_interpolation: 0,interpolation_duration: 1}
$data merge entity $(bone_rightwing23) {transformation: [0.1308f,1.9225f,2.1895f,-1.285f,-0.0835f,2.1933f,-1.9208f,0.3233f,-2.9125f,0.0235f,0.1534f,3.5202f,0f,0f,0f,1f],start_interpolation: 0,interpolation_duration: 1}
$data merge entity $(bone_rightwing1) {transformation: [-0.2978f,1.3183f,-1.4743f,-0.8383f,0.24f,1.504f,1.2963f,-0.0367f,1.9631f,0.0161f,-0.3821f,0.5755f,0f,0f,0f,1f],start_interpolation: 0,interpolation_duration: 1}
$data merge entity $(bone_rightwing) {transformation: [-0.1005f,0.769f,0.8716f,-0.6875f,0.1005f,0.8773f,-0.7624f,-0.1875f,-1.158f,0.0094f,-0.1419f,2.3125f,0f,0f,0f,1f],start_interpolation: 0,interpolation_duration: 1}
$data merge entity $(bone_eyebrow) {transformation: [-0.8923f,0f,0f,0f,0f,0.892f,0.0214f,0.0694f,0f,0.0214f,-0.892f,6.1627f,0f,0f,0f,1f],start_interpolation: 0,interpolation_duration: 1}
$data merge entity $(bone_head) {transformation: [-1.2269f,0f,0f,0f,0f,1.2266f,0.0295f,-0.3211f,0f,0.0295f,-1.2266f,4.5396f,0f,0f,0f,1f],start_interpolation: 0,interpolation_duration: 1}
$data merge entity $(bone_neck4) {transformation: [-1.0498f,0f,0f,0f,0f,0.9385f,-0.4704f,-0.3211f,0f,-0.4704f,-0.9385f,4.4662f,0f,0f,0f,1f],start_interpolation: 0,interpolation_duration: 1}
$data merge entity $(bone_neck3) {transformation: [-1.1664f,0f,0f,0f,0f,1.0285f,-0.5502f,-0.5619f,0f,-0.5502f,-1.0285f,4.0162f,0f,0f,0f,1f],start_interpolation: 0,interpolation_duration: 1}
$data merge entity $(bone_neck2) {transformation: [-1.296f,0f,0f,0f,0f,1.1761f,-0.5445f,-0.698f,0f,-0.5445f,-1.1761f,3.7222f,0f,0f,0f,1f],start_interpolation: 0,interpolation_duration: 1}
$data merge entity $(bone_neck1) {transformation: [-1.44f,0f,0f,0f,0f,1.3739f,-0.4313f,-0.8058f,0f,-0.4313f,-1.3739f,3.3787f,0f,0f,0f,1f],start_interpolation: 0,interpolation_duration: 1}
$data merge entity $(bone_neck0) {transformation: [-1.6f,0f,0f,0f,0f,1.5792f,-0.257f,-0.9687f,0f,-0.257f,-1.5792f,3f,0f,0f,0f,1f],start_interpolation: 0,interpolation_duration: 1}
$data merge entity $(bone_frontlegl) {transformation: [-0.9659f,-0.1181f,0.2303f,0.4427f,0f,0.8898f,0.4563f,-0.7467f,-0.2588f,0.4407f,-0.8595f,2.4805f,0f,0f,0f,1f],start_interpolation: 0,interpolation_duration: 1}
$data merge entity $(bone_frontlegtipleft) {transformation: [-0.9659f,0.2523f,0.0579f,0.8819f,0f,0.2238f,-0.9746f,-1.6932f,-0.2588f,-0.9414f,-0.2161f,1.8074f,0f,0f,0f,1f],start_interpolation: 0,interpolation_duration: 1}
$data merge entity $(bone_frontfootleftd) {transformation: [-0.9659f,-0.1097f,0.2344f,0.4087f,0f,0.9057f,0.4239f,-2.3044f,-0.2588f,0.4095f,-0.8748f,3.5324f,0f,0f,0f,1f],start_interpolation: 0,interpolation_duration: 1}
$data merge entity $(bone_frontfootleft) {transformation: [0.9659f,0.0763f,0.2473f,0.5239f,0f,-0.9555f,0.2948f,-2.1101f,0.2588f,-0.2848f,-0.923f,3.1436f,0f,0f,0f,1f],start_interpolation: 0,interpolation_duration: 1}
$data merge entity $(bone_frontlegr) {transformation: [-0.9659f,0.1948f,-0.1704f,-0.875f,0f,0.6585f,0.7526f,-0.8103f,0.2588f,0.727f,-0.636f,2.6251f,0f,0f,0f,1f],start_interpolation: 0,interpolation_duration: 1}
$data merge entity $(bone_frontlegtipright) {transformation: [-0.9659f,-0.1795f,-0.1864f,-0.895f,0f,0.7204f,-0.6936f,-1.4009f,0.2588f,-0.67f,-0.6958f,1.5846f,0f,0f,0f,1f],start_interpolation: 0,interpolation_duration: 1}
$data merge entity $(bone_frontfootrightd) {transformation: [-0.9659f,0.0281f,-0.2573f,-0.584f,0f,0.9941f,0.1087f,-2.779f,0.2588f,0.105f,-0.9602f,2.7858f,0f,0f,0f,1f],start_interpolation: 0,interpolation_duration: 1}
$data merge entity $(bone_frontfootright) {transformation: [0.9659f,-0.1622f,-0.2017f,-0.6567f,0f,-0.7791f,0.6268f,-2.4446f,-0.2588f,-0.6055f,-0.7526f,2.4737f,0f,0f,0f,1f],start_interpolation: 0,interpolation_duration: 1}
$data merge entity $(bone_rearlegl) {transformation: [-1.0464f,-0.0386f,-0.2777f,-0.0213f,0f,1.073f,-0.1491f,-0.4781f,0.2804f,-0.144f,-1.0365f,-0.4182f,0f,0f,0f,1f],start_interpolation: 0,interpolation_duration: 1}
$data merge entity $(bone_rearfootleftd) {transformation: [-0.9659f,-0.0089f,-0.2587f,0.6159f,0f,0.9994f,-0.0343f,-2.8907f,0.2588f,-0.0331f,-0.9654f,-0.6964f,0f,0f,0f,1f],start_interpolation: 0,interpolation_duration: 1}
$data merge entity $(bone_rearfootleft) {transformation: [-0.9659f,0.2148f,-0.1443f,0.5435f,0f,0.5577f,0.83f,-2.2503f,0.2588f,0.8018f,-0.5387f,-0.9665f,0f,0f,0f,1f],start_interpolation: 0,interpolation_duration: 1}
$data merge entity $(bone_rearlegtipleft) {transformation: [-0.9659f,0.2465f,-0.079f,0.7346f,0f,0.3052f,0.9523f,-2.0046f,0.2588f,0.9198f,-0.2948f,-0.0121f,0f,0f,0f,1f],start_interpolation: 0,interpolation_duration: 1}
$data merge entity $(bone_rearlegr) {transformation: [-1.0464f,0.1265f,0.2502f,-1.2931f,0f,0.9668f,-0.4888f,-0.5535f,-0.2804f,-0.4721f,-0.9339f,-0.8418f,0f,0f,0f,1f],start_interpolation: 0,interpolation_duration: 1}
$data merge entity $(bone_rearfootrightd) {transformation: [-0.9659f,0.054f,0.2531f,-0.7187f,0f,0.978f,-0.2085f,-2.5081f,-0.2588f,-0.2014f,-0.9447f,-0.3292f,0f,0f,0f,1f],start_interpolation: 0,interpolation_duration: 1}
$data merge entity $(bone_rearfootright) {transformation: [-0.9659f,-0.2194f,0.1373f,-0.6518f,0f,0.5304f,0.8477f,-1.859f,-0.2588f,0.8188f,-0.5123f,-0.5791f,0f,0f,0f,1f],start_interpolation: 0,interpolation_duration: 1}
$data merge entity $(bone_rearlegtipright) {transformation: [-0.9659f,-0.2588f,0.0007f,-0.971f,0f,0.0029f,1f,-1.9186f,-0.2588f,0.9659f,-0.0028f,0.3709f,0f,0f,0f,1f],start_interpolation: 0,interpolation_duration: 1}
$data merge entity $(bone_tail11) {transformation: [-0.2888f,0.0146f,-0.0518f,0.4875f,-0.0165f,0.2456f,0.1628f,-1.9727f,0.0588f,0.1953f,-0.2615f,-6.9769f,0f,0f,0f,1f],start_interpolation: 0,interpolation_duration: 1}
$data merge entity $(bone_tail10) {transformation: [-0.3891f,0.0059f,-0.0448f,0.5126f,-0.0115f,0.3629f,0.1517f,-2.0581f,0.0511f,0.1891f,-0.3964f,-6.754f,0f,0f,0f,1f],start_interpolation: 0,interpolation_duration: 1}
$data merge entity $(bone_tail9) {transformation: [-0.4894f,-0.0035f,-0.015f,0.5211f,-0.0059f,0.4816f,0.1002f,-2.1144f,0.0186f,0.1372f,-0.5351f,-6.453f,0f,0f,0f,1f],start_interpolation: 0,interpolation_duration: 1}
$data merge entity $(bone_tail8) {transformation: [-0.575f,-0.0074f,0.0329f,0.5025f,-0.0064f,0.5786f,0.0072f,-2.1185f,-0.0338f,0.0372f,-0.6483f,-6.0883f,0f,0f,0f,1f],start_interpolation: 0,interpolation_duration: 1}
$data merge entity $(bone_tail7) {transformation: [-0.6719f,-0.001f,0.0883f,0.4529f,-0.0164f,0.6694f,-0.1231f,-2.0493f,-0.0941f,-0.1053f,-0.7518f,-5.6654f,0f,0f,0f,1f],start_interpolation: 0,interpolation_duration: 1}
$data merge entity $(bone_tail6) {transformation: [-0.7861f,0.0121f,0.132f,0.3786f,-0.0282f,0.7626f,-0.2436f,-1.9122f,-0.1422f,-0.236f,-0.8568f,-5.1835f,0f,0f,0f,1f],start_interpolation: 0,interpolation_duration: 1}
$data merge entity $(bone_tail5) {transformation: [-0.8724f,0.0224f,0.1516f,0.2933f,-0.0336f,0.829f,-0.322f,-1.7311f,-0.1644f,-0.3202f,-0.9329f,-4.6587f,0f,0f,0f,1f],start_interpolation: 0,interpolation_duration: 1}
$data merge entity $(bone_tail4) {transformation: [-0.9718f,0.0182f,0.155f,0.2061f,-0.0325f,0.9347f,-0.3213f,-1.5504f,-0.1671f,-0.3143f,-1.0525f,-4.0666f,0f,0f,0f,1f],start_interpolation: 0,interpolation_duration: 1}
$data merge entity $(bone_tail3) {transformation: [-1.085f,0.0139f,0.1361f,0.1296f,-0.0253f,1.0508f,-0.3202f,-1.3703f,-0.1455f,-0.3066f,-1.187f,-3.3989f,0f,0f,0f,1f],start_interpolation: 0,interpolation_duration: 1}
$data merge entity $(bone_tail2) {transformation: [-1.2097f,0.0105f,0.1136f,0.0657f,-0.0181f,1.1785f,-0.3182f,-1.1913f,-0.1198f,-0.2975f,-1.3337f,-2.6487f,0f,0f,0f,1f],start_interpolation: 0,interpolation_duration: 1}
$data merge entity $(bone_tail1) {transformation: [-1.3477f,0.008f,0.0795f,0.021f,-0.0091f,1.3192f,-0.3159f,-1.0136f,-0.081f,-0.2873f,-1.4946f,-1.808f,0f,0f,0f,1f],start_interpolation: 0,interpolation_duration: 1}
$data merge entity $(bone_tail0) {transformation: [-1.4996f,0.0067f,0.0402f,0f,0f,1.4743f,-0.3133f,-0.4687f,-0.0361f,-0.2764f,-1.6704f,-0.9375f,0f,0f,0f,1f],start_interpolation: 0,interpolation_duration: 1}