# This file was generated by Animated Java via MC-Build. It is not recommended to edit this file directly.
$data merge entity $(bone_leftwing20) {transformation: [-0.4491f,-1.9161f,-2.2088f,1.2942f,-0.4195f,2.2538f,-1.8698f,0.3126f,2.8938f,0.0293f,-0.6139f,3.5201f,0f,0f,0f,1f],start_interpolation: 0,interpolation_duration: 1}
$data merge entity $(bone_leftwing21) {transformation: [-0.2549f,-1.916f,-2.2394f,1.2942f,-0.2549f,2.2536f,-1.8992f,0.3126f,2.9361f,0.0293f,-0.3593f,3.5201f,0f,0f,0f,1f],start_interpolation: 0,interpolation_duration: 1}
$data merge entity $(bone_leftwing22) {transformation: [-0.0589f,-1.9197f,-2.2574f,1.2942f,-0.0886f,2.258f,-1.9179f,0.3126f,2.962f,0.0294f,-0.1022f,3.5201f,0f,0f,0f,1f],start_interpolation: 0,interpolation_duration: 1}
$data merge entity $(bone_leftwing23) {transformation: [0.1359f,-1.8891f,-2.2181f,1.2942f,0.0776f,2.222f,-1.8877f,0.3126f,2.9125f,0.0289f,0.1538f,3.5201f,0f,0f,0f,1f],start_interpolation: 0,interpolation_duration: 1}
$data merge entity $(bone_leftwing1) {transformation: [-0.3039f,-1.2954f,1.4932f,0.8383f,-0.2329f,1.5237f,1.2744f,-0.0367f,-1.963f,0.0198f,-0.3824f,0.5755f,0f,0f,0f,1f],start_interpolation: 0,interpolation_duration: 1}
$data merge entity $(bone_leftwing) {transformation: [-0.1005f,-0.7556f,-0.8832f,0.6875f,-0.1005f,0.8888f,-0.749f,-0.1875f,1.158f,0.0116f,-0.1417f,2.3125f,0f,0f,0f,1f],start_interpolation: 0,interpolation_duration: 1}
$data merge entity $(bone_rightwing20) {transformation: [-0.4491f,1.9161f,2.2088f,-1.2942f,0.4195f,2.2538f,-1.8698f,0.3126f,-2.8938f,0.0293f,-0.6139f,3.5201f,0f,0f,0f,1f],start_interpolation: 0,interpolation_duration: 1}
$data merge entity $(bone_rightwing21) {transformation: [-0.2549f,1.9161f,2.2395f,-1.2942f,0.2549f,2.2538f,-1.8993f,0.3126f,-2.9363f,0.0293f,-0.3593f,3.5201f,0f,0f,0f,1f],start_interpolation: 0,interpolation_duration: 1}
$data merge entity $(bone_rightwing22) {transformation: [-0.0588f,1.9161f,2.2532f,-1.2942f,0.0884f,2.2538f,-1.9143f,0.3126f,-2.9564f,0.0293f,-0.1021f,3.5201f,0f,0f,0f,1f],start_interpolation: 0,interpolation_duration: 1}
$data merge entity $(bone_rightwing23) {transformation: [0.1359f,1.8891f,2.2181f,-1.2942f,-0.0776f,2.222f,-1.8877f,0.3126f,-2.9125f,0.0289f,0.1538f,3.5201f,0f,0f,0f,1f],start_interpolation: 0,interpolation_duration: 1}
$data merge entity $(bone_rightwing1) {transformation: [-0.3039f,1.2954f,-1.4932f,-0.8383f,0.2329f,1.5237f,1.2744f,-0.0367f,1.963f,0.0198f,-0.3824f,0.5755f,0f,0f,0f,1f],start_interpolation: 0,interpolation_duration: 1}
$data merge entity $(bone_rightwing) {transformation: [-0.1005f,0.7556f,0.8832f,-0.6875f,0.1005f,0.8888f,-0.749f,-0.1875f,-1.158f,0.0116f,-0.1417f,2.3125f,0f,0f,0f,1f],start_interpolation: 0,interpolation_duration: 1}
$data merge entity $(bone_eyebrow) {transformation: [-0.8923f,0f,0f,0f,0f,0.892f,-0.0222f,0.2651f,0f,-0.0222f,-0.892f,6.0789f,0f,0f,0f,1f],start_interpolation: 0,interpolation_duration: 1}
$data merge entity $(bone_head) {transformation: [-1.2269f,0f,0f,0f,0f,1.2265f,-0.0305f,-0.2042f,0f,-0.0305f,-1.2265f,4.4768f,0f,0f,0f,1f],start_interpolation: 0,interpolation_duration: 1}
$data merge entity $(bone_neck4) {transformation: [-1.0498f,0f,0f,0f,0f,0.9143f,-0.5157f,-0.2079f,0f,-0.5157f,-0.9143f,4.4036f,0f,0f,0f,1f],start_interpolation: 0,interpolation_duration: 1}
$data merge entity $(bone_neck3) {transformation: [-1.1664f,0f,0f,0f,0f,0.9477f,-0.68f,-0.5054f,0f,-0.68f,-0.9477f,3.9889f,0f,0f,0f,1f],start_interpolation: 0,interpolation_duration: 1}
$data merge entity $(bone_neck2) {transformation: [-1.296f,0f,0f,0f,0f,1.0896f,-0.7018f,-0.6808f,0f,-0.7018f,-1.0896f,3.7166f,0f,0f,0f,1f],start_interpolation: 0,interpolation_duration: 1}
$data merge entity $(bone_neck1) {transformation: [-1.44f,0f,0f,0f,0f,1.3441f,-0.5167f,-0.81f,0f,-0.5167f,-1.3441f,3.3805f,0f,0f,0f,1f],start_interpolation: 0,interpolation_duration: 1}
$data merge entity $(bone_neck0) {transformation: [-1.6f,0f,0f,0f,0f,1.582f,-0.2395f,-0.9687f,0f,-0.2395f,-1.582f,3f,0f,0f,0f,1f],start_interpolation: 0,interpolation_duration: 1}
$data merge entity $(bone_frontlegl) {transformation: [-0.9659f,-0.1415f,0.2167f,0.4409f,0f,0.8372f,0.5469f,-0.7471f,-0.2588f,0.5283f,-0.8087f,2.4872f,0f,0f,0f,1f],start_interpolation: 0,interpolation_duration: 1}
$data merge entity $(bone_frontlegtipleft) {transformation: [-0.9659f,0.2187f,0.1385f,0.8944f,0f,0.5351f,-0.8448f,-1.5848f,-0.2588f,-0.816f,-0.5168f,1.7607f,0f,0f,0f,1f],start_interpolation: 0,interpolation_duration: 1}
$data merge entity $(bone_frontfootleftd) {transformation: [-0.9659f,-0.0758f,0.2475f,0.4833f,0f,0.9562f,0.2928f,-2.6735f,-0.2588f,0.2829f,-0.9236f,3.254f,0f,0f,0f,1f],start_interpolation: 0,interpolation_duration: 1}
$data merge entity $(bone_frontfootleft) {transformation: [0.9659f,0.1018f,0.238f,0.5926f,0f,-0.9194f,0.3932f,-2.4378f,0.2588f,-0.3798f,-0.8881f,2.887f,0f,0f,0f,1f],start_interpolation: 0,interpolation_duration: 1}
$data merge entity $(bone_frontlegr) {transformation: [-0.9659f,0.2069f,-0.1555f,-0.8749f,0f,0.6007f,0.7994f,-0.808f,0.2588f,0.7722f,-0.5803f,2.6253f,0f,0f,0f,1f],start_interpolation: 0,interpolation_duration: 1}
$data merge entity $(bone_frontlegtipright) {transformation: [-0.9659f,-0.2047f,-0.1584f,-0.9116f,0f,0.6119f,-0.791f,-1.336f,0.2588f,-0.764f,-0.591f,1.5224f,0f,0f,0f,1f],start_interpolation: 0,interpolation_duration: 1}
$data merge entity $(bone_frontfootrightd) {transformation: [-0.9659f,0.0819f,-0.2455f,-0.5706f,0f,0.9486f,0.3164f,-2.592f,0.2588f,0.3057f,-0.9163f,2.8359f,0f,0f,0f,1f],start_interpolation: 0,interpolation_duration: 1}
$data merge entity $(bone_frontfootright) {transformation: [0.9659f,-0.1768f,-0.1891f,-0.6366f,0f,-0.7304f,0.683f,-2.2348f,-0.2588f,-0.6597f,-0.7055f,2.5486f,0f,0f,0f,1f],start_interpolation: 0,interpolation_duration: 1}
$data merge entity $(bone_rearlegl) {transformation: [-1.0464f,-0.0312f,-0.2786f,-0.0203f,0f,1.0766f,-0.1207f,-0.4734f,0.2804f,-0.1165f,-1.0399f,-0.4144f,0f,0f,0f,1f],start_interpolation: 0,interpolation_duration: 1}
$data merge entity $(bone_rearfootleftd) {transformation: [-0.9659f,0.1223f,-0.2281f,0.5789f,0f,0.8814f,0.4724f,-2.7488f,0.2588f,0.4563f,-0.8514f,-0.8345f,0f,0f,0f,1f],start_interpolation: 0,interpolation_duration: 1}
$data merge entity $(bone_rearfootleft) {transformation: [-0.9659f,0.2313f,-0.1161f,0.528f,0f,0.4488f,0.8937f,-2.0783f,0.2588f,0.8632f,-0.4335f,-1.0246f,0f,0f,0f,1f],start_interpolation: 0,interpolation_duration: 1}
$data merge entity $(bone_rearlegtipleft) {transformation: [-0.9659f,0.2578f,-0.0233f,0.7268f,0f,0.0901f,0.9959f,-2.0505f,0.2588f,0.962f,-0.087f,-0.041f,0f,0f,0f,1f],start_interpolation: 0,interpolation_duration: 1}
$data merge entity $(bone_rearlegr) {transformation: [-1.0464f,0.1447f,0.2401f,-1.2919f,0f,0.9278f,-0.5592f,-0.5723f,-0.2804f,-0.5402f,-0.8962f,-0.8463f,0f,0f,0f,1f],start_interpolation: 0,interpolation_duration: 1}
$data merge entity $(bone_rearfootrightd) {transformation: [-0.9659f,0.1291f,0.2243f,-0.8098f,0f,0.8668f,-0.4987f,-2.7431f,-0.2588f,-0.4817f,-0.8372f,0.0109f,0f,0f,0f,1f],start_interpolation: 0,interpolation_duration: 1}
$data merge entity $(bone_rearfootright) {transformation: [-0.9659f,-0.1667f,0.198f,-0.6945f,0f,0.7651f,0.6439f,-2.2047f,-0.2588f,0.622f,-0.739f,-0.4194f,0f,0f,0f,1f],start_interpolation: 0,interpolation_duration: 1}
$data merge entity $(bone_rearlegtipright) {transformation: [-0.9659f,-0.2267f,0.1249f,-0.9894f,0f,0.4827f,0.8758f,-1.7767f,-0.2588f,0.8459f,-0.4663f,0.4395f,0f,0f,0f,1f],start_interpolation: 0,interpolation_duration: 1}
$data merge entity $(bone_tail11) {transformation: [-0.2873f,0.0547f,-0.0276f,-0.1126f,0.0196f,0.2065f,0.2098f,-1.6294f,0.069f,0.2382f,-0.2203f,-6.9879f,0f,0f,0f,1f],start_interpolation: 0,interpolation_duration: 1}
$data merge entity $(bone_tail10) {transformation: [-0.3808f,0.0639f,-0.0656f,-0.0757f,0.0178f,0.3269f,0.2182f,-1.7521f,0.1054f,0.2506f,-0.3488f,-6.7917f,0f,0f,0f,1f],start_interpolation: 0,interpolation_duration: 1}
$data merge entity $(bone_tail9) {transformation: [-0.4758f,0.061f,-0.0983f,-0.0204f,0.0217f,0.4565f,0.1816f,-1.8543f,0.1332f,0.2154f,-0.4914f,-6.5153f,0f,0f,0f,1f],start_interpolation: 0,interpolation_duration: 1}
$data merge entity $(bone_tail8) {transformation: [-0.5636f,0.0456f,-0.1099f,0.0414f,0.0287f,0.5701f,0.0941f,-1.9072f,0.1365f,0.1251f,-0.6235f,-6.1646f,0f,0f,0f,1f],start_interpolation: 0,interpolation_duration: 1}
$data merge entity $(bone_tail7) {transformation: [-0.6704f,0.0246f,-0.0959f,0.0953f,0.0314f,0.6789f,-0.0384f,-1.8856f,0.1133f,-0.0142f,-0.7566f,-5.739f,0f,0f,0f,1f],start_interpolation: 0,interpolation_duration: 1}
$data merge entity $(bone_tail6) {transformation: [-0.7946f,0.0117f,-0.0639f,0.1313f,0.0261f,0.7829f,-0.1664f,-1.792f,0.0755f,-0.1499f,-0.8844f,-5.2416f,0f,0f,0f,1f],start_interpolation: 0,interpolation_duration: 1}
$data merge entity $(bone_tail5) {transformation: [-0.8854f,0.007f,-0.0257f,0.1458f,0.0155f,0.8515f,-0.2577f,-1.647f,0.0333f,-0.2476f,-0.9685f,-4.6968f,0f,0f,0f,1f],start_interpolation: 0,interpolation_duration: 1}
$data merge entity $(bone_tail4) {transformation: [-0.9841f,0.0083f,0.0171f,0.1361f,0.0049f,0.9515f,-0.2684f,-1.4961f,-0.013f,-0.2541f,-1.0818f,-4.0883f,0f,0f,0f,1f],start_interpolation: 0,interpolation_duration: 1}
$data merge entity $(bone_tail3) {transformation: [-1.0922f,0.0089f,0.0544f,0.1055f,-0.0036f,1.0624f,-0.279f,-1.3392f,-0.0533f,-0.2605f,-1.2058f,-3.41f,0f,0f,0f,1f],start_interpolation: 0,interpolation_duration: 1}
$data merge entity $(bone_tail2) {transformation: [-1.213f,0.0089f,0.0709f,0.0657f,-0.0064f,1.1857f,-0.2892f,-1.1765f,-0.0706f,-0.266f,-1.3441f,-2.654f,0f,0f,0f,1f],start_interpolation: 0,interpolation_duration: 1}
$data merge entity $(bone_tail1) {transformation: [-1.3483f,0.0085f,0.0707f,0.0259f,-0.0053f,1.3229f,-0.2981f,-1.0087f,-0.0693f,-0.2692f,-1.4989f,-1.8109f,0f,0f,0f,1f],start_interpolation: 0,interpolation_duration: 1}
$data merge entity $(bone_tail0) {transformation: [-1.4993f,0.0079f,0.0495f,0f,0f,1.4758f,-0.3041f,-0.4687f,-0.0444f,-0.2682f,-1.6719f,-0.9375f,0f,0f,0f,1f],start_interpolation: 0,interpolation_duration: 1}