# This file was generated by Animated Java via MC-Build. It is not recommended to edit this file directly.
$data merge entity $(bone_leftwing20) {transformation: [-0.4489f,-1.9193f,-2.206f,1.2934f,-0.4198f,2.251f,-1.8731f,0.3136f,2.8938f,0.0288f,-0.6139f,3.5201f,0f,0f,0f,1f],start_interpolation: 0,interpolation_duration: 1}
$data merge entity $(bone_leftwing21) {transformation: [-0.2549f,-1.9192f,-2.2366f,1.2934f,-0.2549f,2.2509f,-1.9025f,0.3136f,2.9361f,0.0288f,-0.3594f,3.5201f,0f,0f,0f,1f],start_interpolation: 0,interpolation_duration: 1}
$data merge entity $(bone_leftwing22) {transformation: [-0.0591f,-1.9229f,-2.2546f,1.2934f,-0.0883f,2.2552f,-1.9211f,0.3136f,2.962f,0.0288f,-0.1023f,3.5201f,0f,0f,0f,1f],start_interpolation: 0,interpolation_duration: 1}
$data merge entity $(bone_leftwing23) {transformation: [0.1354f,-1.8923f,-2.2153f,1.2934f,0.0782f,2.2193f,-1.8909f,0.3136f,2.9125f,0.0284f,0.1538f,3.5201f,0f,0f,0f,1f],start_interpolation: 0,interpolation_duration: 1}
$data merge entity $(bone_leftwing1) {transformation: [-0.3034f,-1.2976f,1.4914f,0.8383f,-0.2336f,1.5218f,1.2765f,-0.0367f,-1.963f,0.0195f,-0.3824f,0.5755f,0f,0f,0f,1f],start_interpolation: 0,interpolation_duration: 1}
$data merge entity $(bone_leftwing) {transformation: [-0.1005f,-0.7569f,-0.8821f,0.6875f,-0.1005f,0.8877f,-0.7503f,-0.1875f,1.158f,0.0114f,-0.1417f,2.3125f,0f,0f,0f,1f],start_interpolation: 0,interpolation_duration: 1}
$data merge entity $(bone_rightwing20) {transformation: [-0.4489f,1.9193f,2.206f,-1.2934f,0.4198f,2.251f,-1.8731f,0.3136f,-2.8938f,0.0288f,-0.6139f,3.5201f,0f,0f,0f,1f],start_interpolation: 0,interpolation_duration: 1}
$data merge entity $(bone_rightwing21) {transformation: [-0.2549f,1.9193f,2.2367f,-1.2934f,0.2549f,2.251f,-1.9026f,0.3136f,-2.9363f,0.0288f,-0.3594f,3.5201f,0f,0f,0f,1f],start_interpolation: 0,interpolation_duration: 1}
$data merge entity $(bone_rightwing22) {transformation: [-0.059f,1.9193f,2.2504f,-1.2934f,0.0881f,2.251f,-1.9175f,0.3136f,-2.9564f,0.0288f,-0.1021f,3.5201f,0f,0f,0f,1f],start_interpolation: 0,interpolation_duration: 1}
$data merge entity $(bone_rightwing23) {transformation: [0.1354f,1.8923f,2.2153f,-1.2934f,-0.0782f,2.2193f,-1.8909f,0.3136f,-2.9125f,0.0284f,0.1538f,3.5201f,0f,0f,0f,1f],start_interpolation: 0,interpolation_duration: 1}
$data merge entity $(bone_rightwing1) {transformation: [-0.3034f,1.2976f,-1.4914f,-0.8383f,0.2336f,1.5218f,1.2765f,-0.0367f,1.963f,0.0195f,-0.3824f,0.5755f,0f,0f,0f,1f],start_interpolation: 0,interpolation_duration: 1}
$data merge entity $(bone_rightwing) {transformation: [-0.1005f,0.7569f,0.8821f,-0.6875f,0.1005f,0.8877f,-0.7503f,-0.1875f,-1.158f,0.0114f,-0.1417f,2.3125f,0f,0f,0f,1f],start_interpolation: 0,interpolation_duration: 1}
$data merge entity $(bone_eyebrow) {transformation: [-0.8923f,0f,0f,0f,0f,0.8922f,0.0125f,0.0934f,0f,0.0125f,-0.8922f,6.1544f,0f,0f,0f,1f],start_interpolation: 0,interpolation_duration: 1}
$data merge entity $(bone_head) {transformation: [-1.2269f,0f,0f,0f,0f,1.2268f,0.0172f,-0.3133f,0f,0.0172f,-1.2268f,4.5352f,0f,0f,0f,1f],start_interpolation: 0,interpolation_duration: 1}
$data merge entity $(bone_neck4) {transformation: [-1.0498f,0f,0f,0f,0f,0.9337f,-0.4798f,-0.3141f,0f,-0.4798f,-0.9337f,4.4619f,0f,0f,0f,1f],start_interpolation: 0,interpolation_duration: 1}
$data merge entity $(bone_neck3) {transformation: [-1.1664f,0f,0f,0f,0f,1.0177f,-0.5698f,-0.5634f,0f,-0.5698f,-1.0177f,4.0166f,0f,0f,0f,1f],start_interpolation: 0,interpolation_duration: 1}
$data merge entity $(bone_neck2) {transformation: [-1.296f,0f,0f,0f,0f,1.1695f,-0.5585f,-0.703f,0f,-0.5585f,-1.1695f,3.7242f,0f,0f,0f,1f],start_interpolation: 0,interpolation_duration: 1}
$data merge entity $(bone_neck1) {transformation: [-1.44f,0f,0f,0f,0f,1.3755f,-0.4263f,-0.8096f,0f,-0.4263f,-1.3755f,3.3804f,0f,0f,0f,1f],start_interpolation: 0,interpolation_duration: 1}
$data merge entity $(bone_neck0) {transformation: [-1.6f,0f,0f,0f,0f,1.5817f,-0.2411f,-0.9687f,0f,-0.2411f,-1.5817f,3f,0f,0f,0f,1f],start_interpolation: 0,interpolation_duration: 1}
$data merge entity $(bone_frontlegl) {transformation: [-0.9659f,-0.1175f,0.2306f,0.4428f,0f,0.8909f,0.4541f,-0.7467f,-0.2588f,0.4386f,-0.8606f,2.4804f,0f,0f,0f,1f],start_interpolation: 0,interpolation_duration: 1}
$data merge entity $(bone_frontlegtipleft) {transformation: [-0.9659f,0.2506f,0.0649f,0.8802f,0f,0.2506f,-0.9681f,-1.691f,-0.2588f,-0.9351f,-0.2421f,1.8137f,0f,0f,0f,1f],start_interpolation: 0,interpolation_duration: 1}
$data merge entity $(bone_frontfootleftd) {transformation: [-0.9659f,-0.1065f,0.2359f,0.41f,0f,0.9114f,0.4115f,-2.3393f,-0.2588f,0.3975f,-0.8803f,3.5275f,0f,0f,0f,1f],start_interpolation: 0,interpolation_duration: 1}
$data merge entity $(bone_frontfootleft) {transformation: [0.9659f,0.0757f,0.2475f,0.5253f,0f,-0.9563f,0.2925f,-2.1459f,0.2588f,-0.2825f,-0.9237f,3.1382f,0f,0f,0f,1f],start_interpolation: 0,interpolation_duration: 1}
$data merge entity $(bone_frontlegr) {transformation: [-0.9659f,0.2056f,-0.1572f,-0.8749f,0f,0.6074f,0.7944f,-0.8082f,0.2588f,0.7673f,-0.5867f,2.6253f,0f,0f,0f,1f],start_interpolation: 0,interpolation_duration: 1}
$data merge entity $(bone_frontlegtipright) {transformation: [-0.9659f,-0.1753f,-0.1904f,-0.9057f,0f,0.7358f,-0.6772f,-1.3334f,0.2588f,-0.6541f,-0.7107f,1.5447f,0f,0f,0f,1f],start_interpolation: 0,interpolation_duration: 1}
$data merge entity $(bone_frontfootrightd) {transformation: [-0.9659f,0.0181f,-0.2582f,-0.6068f,0f,0.9976f,0.0699f,-2.7523f,0.2588f,0.0675f,-0.9636f,2.701f,0f,0f,0f,1f],start_interpolation: 0,interpolation_duration: 1}
$data merge entity $(bone_frontfootright) {transformation: [0.9659f,-0.1752f,-0.1905f,-0.6736f,0f,-0.7362f,0.6768f,-2.3976f,-0.2588f,-0.6537f,-0.7111f,2.4108f,0f,0f,0f,1f],start_interpolation: 0,interpolation_duration: 1}
$data merge entity $(bone_rearlegl) {transformation: [-1.0464f,-0.0319f,-0.2786f,-0.0204f,0f,1.0763f,-0.1233f,-0.4738f,0.2804f,-0.1191f,-1.0396f,-0.4148f,0f,0f,0f,1f],start_interpolation: 0,interpolation_duration: 1}
$data merge entity $(bone_rearfootleftd) {transformation: [-0.9659f,0.009f,-0.2587f,0.6006f,0f,0.9994f,0.0346f,-2.8758f,0.2588f,0.0334f,-0.9653f,-0.7535f,0f,0f,0f,1f],start_interpolation: 0,interpolation_duration: 1}
$data merge entity $(bone_rearfootleft) {transformation: [-0.9659f,0.2189f,-0.1381f,0.533f,0f,0.5336f,0.8457f,-2.2276f,0.2588f,0.8169f,-0.5154f,-1.0058f,0f,0f,0f,1f],start_interpolation: 0,interpolation_duration: 1}
$data merge entity $(bone_rearlegtipleft) {transformation: [-0.9659f,0.2491f,-0.0704f,0.7261f,0f,0.2719f,0.9623f,-2.0159f,0.2588f,0.9295f,-0.2626f,-0.0436f,0f,0f,0f,1f],start_interpolation: 0,interpolation_duration: 1}
$data merge entity $(bone_rearlegr) {transformation: [-1.0464f,0.1427f,0.2414f,-1.292f,0f,0.9325f,-0.5514f,-0.5701f,-0.2804f,-0.5326f,-0.9007f,-0.8458f,0f,0f,0f,1f],start_interpolation: 0,interpolation_duration: 1}
$data merge entity $(bone_rearfootrightd) {transformation: [-0.9659f,0.0811f,0.2458f,-0.7582f,0f,0.9497f,-0.3132f,-2.5471f,-0.2588f,-0.3026f,-0.9173f,-0.182f,0f,0f,0f,1f],start_interpolation: 0,interpolation_duration: 1}
$data merge entity $(bone_rearfootright) {transformation: [-0.9659f,-0.2032f,0.1602f,-0.6734f,0f,0.6191f,0.7853f,-1.9298f,-0.2588f,0.7585f,-0.5981f,-0.4984f,0f,0f,0f,1f],start_interpolation: 0,interpolation_duration: 1}
$data merge entity $(bone_rearlegtipright) {transformation: [-0.9659f,-0.2561f,0.0376f,-0.9922f,0f,0.1455f,0.9894f,-1.8462f,-0.2588f,0.9557f,-0.1405f,0.4499f,0f,0f,0f,1f],start_interpolation: 0,interpolation_duration: 1}
$data merge entity $(bone_tail11) {transformation: [-0.2873f,0.0247f,-0.056f,0.4257f,-0.0127f,0.2389f,0.1727f,-1.8722f,0.0691f,0.204f,-0.2522f,-6.9939f,0f,0f,0f,1f],start_interpolation: 0,interpolation_duration: 1}
$data merge entity $(bone_tail10) {transformation: [-0.3869f,0.0181f,-0.0582f,0.4585f,-0.0077f,0.3568f,0.1657f,-1.9654f,0.0708f,0.2027f,-0.3866f,-6.7764f,0f,0f,0f,1f],start_interpolation: 0,interpolation_duration: 1}
$data merge entity $(bone_tail9) {transformation: [-0.4881f,0.0081f,-0.0378f,0.4797f,-0.0004f,0.4775f,0.1178f,-2.0317f,0.0474f,0.1555f,-0.5283f,-6.4792f,0f,0f,0f,1f],start_interpolation: 0,interpolation_duration: 1}
$data merge entity $(bone_tail8) {transformation: [-0.576f,0.0008f,0.0047f,0.4771f,0.0018f,0.578f,0.0266f,-2.0466f,-0.0006f,0.0586f,-0.6477f,-6.1149f,0f,0f,0f,1f],start_interpolation: 0,interpolation_duration: 1}
$data merge entity $(bone_tail7) {transformation: [-0.675f,0.002f,0.0602f,0.4432f,-0.0062f,0.6728f,-0.1032f,-1.9886f,-0.0624f,-0.0826f,-0.7581f,-5.6884f,0f,0f,0f,1f],start_interpolation: 0,interpolation_duration: 1}
$data merge entity $(bone_tail6) {transformation: [-0.7897f,0.0116f,0.1086f,0.3821f,-0.0183f,0.7688f,-0.2235f,-1.8629f,-0.1159f,-0.2133f,-0.8668f,-5.2009f,0f,0f,0f,1f],start_interpolation: 0,interpolation_duration: 1}
$data merge entity $(bone_tail5) {transformation: [-0.8752f,0.0207f,0.1355f,0.3059f,-0.0258f,0.8362f,-0.303f,-1.6924f,-0.146f,-0.2992f,-0.9431f,-4.6704f,0f,0f,0f,1f],start_interpolation: 0,interpolation_duration: 1}
$data merge entity $(bone_tail4) {transformation: [-0.9729f,0.0176f,0.1481f,0.2226f,-0.0277f,0.9406f,-0.3031f,-1.522f,-0.1587f,-0.2945f,-1.0597f,-4.0742f,0f,0f,0f,1f],start_interpolation: 0,interpolation_duration: 1}
$data merge entity $(bone_tail3) {transformation: [-1.0847f,0.0142f,0.1389f,0.1444f,-0.0235f,1.0555f,-0.3034f,-1.3513f,-0.1475f,-0.2889f,-1.1914f,-3.4041f,0f,0f,0f,1f],start_interpolation: 0,interpolation_duration: 1}
$data merge entity $(bone_tail2) {transformation: [-1.209f,0.0113f,0.1217f,0.076f,-0.0178f,1.182f,-0.3038f,-1.1804f,-0.1274f,-0.2827f,-1.3365f,-2.6523f,0f,0f,0f,1f],start_interpolation: 0,interpolation_duration: 1}
$data merge entity $(bone_tail1) {transformation: [-1.3471f,0.0091f,0.09f,0.0254f,-0.0094f,1.3215f,-0.3044f,-1.0092f,-0.091f,-0.2761f,-1.4964f,-1.8106f,0f,0f,0f,1f],start_interpolation: 0,interpolation_duration: 1}
$data merge entity $(bone_tail0) {transformation: [-1.4994f,0.0078f,0.0486f,0f,0f,1.4757f,-0.305f,-0.4687f,-0.0436f,-0.269f,-1.6717f,-0.9375f,0f,0f,0f,1f],start_interpolation: 0,interpolation_duration: 1}