# This file was generated by Animated Java via MC-Build. It is not recommended to edit this file directly.
$data merge entity $(bone_leftwing20) {transformation: [-0.4498f,-1.9072f,-2.2163f,1.2966f,-0.4187f,2.2613f,-1.8609f,0.3098f,2.8938f,0.0307f,-0.6138f,3.52f,0f,0f,0f,1f],start_interpolation: 0,interpolation_duration: 1}
$data merge entity $(bone_leftwing21) {transformation: [-0.2549f,-1.9071f,-2.247f,1.2966f,-0.2549f,2.2612f,-1.8902f,0.3098f,2.9361f,0.0307f,-0.3592f,3.52f,0f,0f,0f,1f],start_interpolation: 0,interpolation_duration: 1}
$data merge entity $(bone_leftwing22) {transformation: [-0.0582f,-1.9108f,-2.265f,1.2966f,-0.0894f,2.2655f,-1.9089f,0.3098f,2.962f,0.0308f,-0.1021f,3.52f,0f,0f,0f,1f],start_interpolation: 0,interpolation_duration: 1}
$data merge entity $(bone_leftwing23) {transformation: [0.1372f,-1.8803f,-2.2254f,1.2966f,0.0761f,2.2294f,-1.879f,0.3098f,2.9124f,0.0303f,0.1539f,3.52f,0f,0f,0f,1f],start_interpolation: 0,interpolation_duration: 1}
$data merge entity $(bone_leftwing1) {transformation: [-0.3055f,-1.2894f,1.4981f,0.8383f,-0.231f,1.5288f,1.2687f,-0.0367f,-1.963f,0.0208f,-0.3825f,0.5755f,0f,0f,0f,1f],start_interpolation: 0,interpolation_duration: 1}
$data merge entity $(bone_leftwing) {transformation: [-0.1005f,-0.7521f,-0.8862f,0.6875f,-0.1005f,0.8918f,-0.7455f,-0.1875f,1.158f,0.0121f,-0.1417f,2.3125f,0f,0f,0f,1f],start_interpolation: 0,interpolation_duration: 1}
$data merge entity $(bone_rightwing20) {transformation: [-0.4498f,1.9072f,2.2163f,-1.2966f,0.4187f,2.2613f,-1.8609f,0.3098f,-2.8938f,0.0307f,-0.6138f,3.52f,0f,0f,0f,1f],start_interpolation: 0,interpolation_duration: 1}
$data merge entity $(bone_rightwing21) {transformation: [-0.2549f,1.9072f,2.2471f,-1.2966f,0.2549f,2.2613f,-1.8903f,0.3098f,-2.9363f,0.0307f,-0.3592f,3.52f,0f,0f,0f,1f],start_interpolation: 0,interpolation_duration: 1}
$data merge entity $(bone_rightwing22) {transformation: [-0.0581f,1.9072f,2.2608f,-1.2966f,0.0892f,2.2613f,-1.9053f,0.3098f,-2.9564f,0.0307f,-0.1019f,3.52f,0f,0f,0f,1f],start_interpolation: 0,interpolation_duration: 1}
$data merge entity $(bone_rightwing23) {transformation: [0.1372f,1.8803f,2.2254f,-1.2966f,-0.0761f,2.2294f,-1.879f,0.3098f,-2.9124f,0.0303f,0.1539f,3.52f,0f,0f,0f,1f],start_interpolation: 0,interpolation_duration: 1}
$data merge entity $(bone_rightwing1) {transformation: [-0.3055f,1.2894f,-1.4981f,-0.8383f,0.231f,1.5288f,1.2687f,-0.0367f,1.963f,0.0208f,-0.3825f,0.5755f,0f,0f,0f,1f],start_interpolation: 0,interpolation_duration: 1}
$data merge entity $(bone_rightwing) {transformation: [-0.1005f,0.7521f,0.8862f,-0.6875f,0.1005f,0.8918f,-0.7455f,-0.1875f,-1.158f,0.0121f,-0.1417f,2.3125f,0f,0f,0f,1f],start_interpolation: 0,interpolation_duration: 1}
$data merge entity $(bone_eyebrow) {transformation: [-0.8923f,0f,0f,0f,0f,0.8923f,0.008f,0.1075f,0f,0.008f,-0.8923f,6.1491f,0f,0f,0f,1f],start_interpolation: 0,interpolation_duration: 1}
$data merge entity $(bone_head) {transformation: [-1.2269f,0f,0f,0f,0f,1.2269f,0.0111f,-0.3073f,0f,0.0111f,-1.2269f,4.532f,0f,0f,0f,1f],start_interpolation: 0,interpolation_duration: 1}
$data merge entity $(bone_neck4) {transformation: [-1.0498f,0f,0f,0f,0f,0.9313f,-0.4845f,-0.3085f,0f,-0.4845f,-0.9313f,4.4587f,0f,0f,0f,1f],start_interpolation: 0,interpolation_duration: 1}
$data merge entity $(bone_neck3) {transformation: [-1.1664f,0f,0f,0f,0f,1.0117f,-0.5805f,-0.5624f,0f,-0.5805f,-1.0117f,4.016f,0f,0f,0f,1f],start_interpolation: 0,interpolation_duration: 1}
$data merge entity $(bone_neck2) {transformation: [-1.296f,0f,0f,0f,0f,1.1649f,-0.5679f,-0.7044f,0f,-0.5679f,-1.1649f,3.7248f,0f,0f,0f,1f],start_interpolation: 0,interpolation_duration: 1}
$data merge entity $(bone_neck1) {transformation: [-1.44f,0f,0f,0f,0f,1.3753f,-0.4268f,-0.8111f,0f,-0.4268f,-1.3753f,3.381f,0f,0f,0f,1f],start_interpolation: 0,interpolation_duration: 1}
$data merge entity $(bone_neck0) {transformation: [-1.6f,0f,0f,0f,0f,1.5827f,-0.2349f,-0.9687f,0f,-0.2349f,-1.5827f,3f,0f,0f,0f,1f],start_interpolation: 0,interpolation_duration: 1}
$data merge entity $(bone_frontlegl) {transformation: [-0.9659f,-0.1179f,0.2304f,0.4427f,0f,0.8902f,0.4556f,-0.7467f,-0.2588f,0.4401f,-0.8598f,2.4805f,0f,0f,0f,1f],start_interpolation: 0,interpolation_duration: 1}
$data merge entity $(bone_frontlegtipleft) {transformation: [-0.9659f,0.2493f,0.0694f,0.88f,0f,0.2682f,-0.9634f,-1.6876f,-0.2588f,-0.9305f,-0.259f,1.8146f,0f,0f,0f,1f],start_interpolation: 0,interpolation_duration: 1}
$data merge entity $(bone_frontfootleftd) {transformation: [-0.9659f,-0.1045f,0.2368f,0.4121f,0f,0.9148f,0.4039f,-2.3614f,-0.2588f,0.3902f,-0.8836f,3.5199f,0f,0f,0f,1f],start_interpolation: 0,interpolation_duration: 1}
$data merge entity $(bone_frontfootleft) {transformation: [0.9659f,0.0761f,0.2474f,0.5273f,0f,-0.9558f,0.2941f,-2.1673f,0.2588f,-0.2841f,-0.9232f,3.1309f,0f,0f,0f,1f],start_interpolation: 0,interpolation_duration: 1}
$data merge entity $(bone_frontlegr) {transformation: [-0.9659f,0.2108f,-0.1502f,-0.8749f,0f,0.5802f,0.8145f,-0.8071f,0.2588f,0.7867f,-0.5604f,2.6254f,0f,0f,0f,1f],start_interpolation: 0,interpolation_duration: 1}
$data merge entity $(bone_frontlegtipright) {transformation: [-0.9659f,-0.1728f,-0.1927f,-0.9107f,0f,0.7445f,-0.6676f,-1.2975f,0.2588f,-0.6448f,-0.7192f,1.526f,0f,0f,0f,1f],start_interpolation: 0,interpolation_duration: 1}
$data merge entity $(bone_frontfootrightd) {transformation: [-0.9659f,0.0131f,-0.2585f,-0.6185f,0f,0.9987f,0.0506f,-2.7379f,0.2588f,0.0489f,-0.9647f,2.6571f,0f,0f,0f,1f],start_interpolation: 0,interpolation_duration: 1}
$data merge entity $(bone_frontfootright) {transformation: [0.9659f,-0.1815f,-0.1845f,-0.6822f,0f,-0.7128f,0.7013f,-2.3733f,-0.2588f,-0.6774f,-0.6885f,2.3787f,0f,0f,0f,1f],start_interpolation: 0,interpolation_duration: 1}
$data merge entity $(bone_rearlegl) {transformation: [-1.0464f,-0.0294f,-0.2788f,-0.02f,0f,1.0774f,-0.1134f,-0.4722f,0.2804f,-0.1096f,-1.0407f,-0.4134f,0f,0f,0f,1f],start_interpolation: 0,interpolation_duration: 1}
$data merge entity $(bone_rearfootleftd) {transformation: [-0.9659f,0.0187f,-0.2581f,0.5942f,0f,0.9974f,0.0721f,-2.8667f,0.2588f,0.0696f,-0.9634f,-0.7774f,0f,0f,0f,1f],start_interpolation: 0,interpolation_duration: 1}
$data merge entity $(bone_rearfootleft) {transformation: [-0.9659f,0.2207f,-0.1352f,0.5289f,0f,0.5223f,0.8528f,-2.2151f,0.2588f,0.8237f,-0.5045f,-1.0212f,0f,0f,0f,1f],start_interpolation: 0,interpolation_duration: 1}
$data merge entity $(bone_rearlegtipleft) {transformation: [-0.9659f,0.2503f,-0.0659f,0.7229f,0f,0.2546f,0.967f,-2.0209f,0.2588f,0.9341f,-0.246f,-0.0556f,0f,0f,0f,1f],start_interpolation: 0,interpolation_duration: 1}
$data merge entity $(bone_rearlegr) {transformation: [-1.0464f,0.1508f,0.2364f,-1.2916f,0f,0.9133f,-0.5826f,-0.5788f,-0.2804f,-0.5628f,-0.8822f,-0.8475f,0f,0f,0f,1f],start_interpolation: 0,interpolation_duration: 1}
$data merge entity $(bone_rearfootrightd) {transformation: [-0.9659f,0.0944f,0.241f,-0.7792f,0f,0.9311f,-0.3649f,-2.5608f,-0.2588f,-0.3524f,-0.8993f,-0.1034f,0f,0f,0f,1f],start_interpolation: 0,interpolation_duration: 1}
$data merge entity $(bone_rearfootright) {transformation: [-0.9659f,-0.1941f,0.1712f,-0.6858f,0f,0.6613f,0.7501f,-1.9625f,-0.2588f,0.7245f,-0.6388f,-0.452f,0f,0f,0f,1f],start_interpolation: 0,interpolation_duration: 1}
$data merge entity $(bone_rearlegtipright) {transformation: [-0.9659f,-0.2527f,0.0559f,-1.0024f,0f,0.2161f,0.9764f,-1.8074f,-0.2588f,0.9431f,-0.2088f,0.488f,0f,0f,0f,1f],start_interpolation: 0,interpolation_duration: 1}
$data merge entity $(bone_tail11) {transformation: [-0.2867f,0.0295f,-0.0569f,0.3869f,-0.0106f,0.2354f,0.1776f,-1.8262f,0.0732f,0.2083f,-0.2476f,-7f,0f,0f,0f,1f],start_interpolation: 0,interpolation_duration: 1}
$data merge entity $(bone_tail10) {transformation: [-0.3857f,0.024f,-0.0637f,0.4227f,-0.0059f,0.3535f,0.1726f,-1.9233f,0.0794f,0.2092f,-0.3815f,-6.7855f,0f,0f,0f,1f],start_interpolation: 0,interpolation_duration: 1}
$data merge entity $(bone_tail9) {transformation: [-0.487f,0.0141f,-0.0484f,0.45f,0.0019f,0.4752f,0.1264f,-1.9944f,0.061f,0.1642f,-0.5243f,-6.4905f,0f,0f,0f,1f],start_interpolation: 0,interpolation_duration: 1}
$data merge entity $(bone_tail8) {transformation: [-0.5759f,0.0051f,-0.0095f,0.4553f,0.0054f,0.5774f,0.036f,-2.0146f,0.0162f,0.0687f,-0.6466f,-6.1268f,0f,0f,0f,1f],start_interpolation: 0,interpolation_duration: 1}
$data merge entity $(bone_tail7) {transformation: [-0.6762f,0.0036f,0.0449f,0.4301f,-0.0015f,0.6742f,-0.0935f,-1.962f,-0.0451f,-0.0718f,-0.7605f,-5.6991f,0f,0f,0f,1f],start_interpolation: 0,interpolation_duration: 1}
$data merge entity $(bone_tail6) {transformation: [-0.7915f,0.0113f,0.0947f,0.3768f,-0.0134f,0.7715f,-0.2141f,-1.8416f,-0.1003f,-0.2026f,-0.8713f,-5.209f,0f,0f,0f,1f],start_interpolation: 0,interpolation_duration: 1}
$data merge entity $(bone_tail5) {transformation: [-0.8768f,0.0195f,0.1249f,0.3065f,-0.0218f,0.8393f,-0.2943f,-1.6761f,-0.1339f,-0.2895f,-0.948f,-4.6757f,0f,0f,0f,1f],start_interpolation: 0,interpolation_duration: 1}
$data merge entity $(bone_tail4) {transformation: [-0.9738f,0.017f,0.1419f,0.2267f,-0.025f,0.9432f,-0.295f,-1.5101f,-0.1515f,-0.2856f,-1.0633f,-4.0776f,0f,0f,0f,1f],start_interpolation: 0,interpolation_duration: 1}
$data merge entity $(bone_tail3) {transformation: [-1.0849f,0.014f,0.1377f,0.1492f,-0.0222f,1.0575f,-0.2962f,-1.3435f,-0.1457f,-0.2812f,-1.1935f,-3.4062f,0f,0f,0f,1f],start_interpolation: 0,interpolation_duration: 1}
$data merge entity $(bone_tail2) {transformation: [-1.2088f,0.0115f,0.1235f,0.0798f,-0.0173f,1.1834f,-0.2977f,-1.1761f,-0.1288f,-0.2765f,-1.3377f,-2.6538f,0f,0f,0f,1f],start_interpolation: 0,interpolation_duration: 1}
$data merge entity $(bone_tail1) {transformation: [-1.3469f,0.0094f,0.0935f,0.0271f,-0.0095f,1.3225f,-0.2997f,-1.0075f,-0.0943f,-0.2715f,-1.4972f,-1.8116f,0f,0f,0f,1f],start_interpolation: 0,interpolation_duration: 1}
$data merge entity $(bone_tail0) {transformation: [-1.4993f,0.0083f,0.0519f,0f,0f,1.4762f,-0.3017f,-0.4687f,-0.0466f,-0.266f,-1.6722f,-0.9375f,0f,0f,0f,1f],start_interpolation: 0,interpolation_duration: 1}