# This file was generated by Animated Java via MC-Build. It is not recommended to edit this file directly.
$data merge entity $(bone_leftwing20) {transformation: [-0.4505f,-1.8974f,-2.2246f,1.2992f,-0.4179f,2.2695f,-1.8511f,0.3067f,2.8938f,0.0323f,-0.6136f,3.52f,0f,0f,0f,1f],start_interpolation: 0,interpolation_duration: 1}
$data merge entity $(bone_leftwing21) {transformation: [-0.2549f,-1.8973f,-2.2553f,1.2992f,-0.2549f,2.2694f,-1.8803f,0.3067f,2.9361f,0.0323f,-0.3591f,3.52f,0f,0f,0f,1f],start_interpolation: 0,interpolation_duration: 1}
$data merge entity $(bone_leftwing22) {transformation: [-0.0575f,-1.9009f,-2.2733f,1.2992f,-0.0902f,2.2738f,-1.8991f,0.3067f,2.962f,0.0324f,-0.102f,3.52f,0f,0f,0f,1f],start_interpolation: 0,interpolation_duration: 1}
$data merge entity $(bone_leftwing23) {transformation: [0.1386f,-1.8706f,-2.2335f,1.2992f,0.0744f,2.2375f,-1.8694f,0.3067f,2.9124f,0.0319f,0.1541f,3.52f,0f,0f,0f,1f],start_interpolation: 0,interpolation_duration: 1}
$data merge entity $(bone_leftwing1) {transformation: [-0.3073f,-1.2827f,1.5034f,0.8383f,-0.2289f,1.5343f,1.2623f,-0.0367f,-1.963f,0.0218f,-0.3826f,0.5755f,0f,0f,0f,1f],start_interpolation: 0,interpolation_duration: 1}
$data merge entity $(bone_leftwing) {transformation: [-0.1005f,-0.7483f,-0.8894f,0.6875f,-0.1005f,0.895f,-0.7416f,-0.1875f,1.158f,0.0127f,-0.1416f,2.3125f,0f,0f,0f,1f],start_interpolation: 0,interpolation_duration: 1}
$data merge entity $(bone_rightwing20) {transformation: [-0.4505f,1.8974f,2.2246f,-1.2992f,0.4179f,2.2695f,-1.8511f,0.3067f,-2.8938f,0.0323f,-0.6136f,3.52f,0f,0f,0f,1f],start_interpolation: 0,interpolation_duration: 1}
$data merge entity $(bone_rightwing21) {transformation: [-0.2549f,1.8974f,2.2554f,-1.2992f,0.2549f,2.2695f,-1.8804f,0.3067f,-2.9363f,0.0323f,-0.3591f,3.52f,0f,0f,0f,1f],start_interpolation: 0,interpolation_duration: 1}
$data merge entity $(bone_rightwing22) {transformation: [-0.0574f,1.8974f,2.269f,-1.2992f,0.0901f,2.2695f,-1.8955f,0.3067f,-2.9564f,0.0323f,-0.1018f,3.52f,0f,0f,0f,1f],start_interpolation: 0,interpolation_duration: 1}
$data merge entity $(bone_rightwing23) {transformation: [0.1386f,1.8706f,2.2335f,-1.2992f,-0.0744f,2.2375f,-1.8694f,0.3067f,-2.9124f,0.0319f,0.1541f,3.52f,0f,0f,0f,1f],start_interpolation: 0,interpolation_duration: 1}
$data merge entity $(bone_rightwing1) {transformation: [-0.3073f,1.2827f,-1.5034f,-0.8383f,0.2289f,1.5343f,1.2623f,-0.0367f,1.963f,0.0218f,-0.3826f,0.5755f,0f,0f,0f,1f],start_interpolation: 0,interpolation_duration: 1}
$data merge entity $(bone_rightwing) {transformation: [-0.1005f,0.7483f,0.8894f,-0.6875f,0.1005f,0.895f,-0.7416f,-0.1875f,-1.158f,0.0127f,-0.1416f,2.3125f,0f,0f,0f,1f],start_interpolation: 0,interpolation_duration: 1}
$data merge entity $(bone_eyebrow) {transformation: [-0.8923f,0f,0f,0f,0f,0.8923f,0.0037f,0.1228f,0f,0.0037f,-0.8923f,6.1432f,0f,0f,0f,1f],start_interpolation: 0,interpolation_duration: 1}
$data merge entity $(bone_head) {transformation: [-1.2269f,0f,0f,0f,0f,1.2269f,0.0051f,-0.2999f,0f,0.0051f,-1.2269f,4.5281f,0f,0f,0f,1f],start_interpolation: 0,interpolation_duration: 1}
$data merge entity $(bone_neck4) {transformation: [-1.0498f,0f,0f,0f,0f,0.9289f,-0.489f,-0.3014f,0f,-0.489f,-0.9289f,4.4548f,0f,0f,0f,1f],start_interpolation: 0,interpolation_duration: 1}
$data merge entity $(bone_neck3) {transformation: [-1.1664f,0f,0f,0f,0f,1.0052f,-0.5917f,-0.5603f,0f,-0.5917f,-1.0052f,4.015f,0f,0f,0f,1f],start_interpolation: 0,interpolation_duration: 1}
$data merge entity $(bone_neck2) {transformation: [-1.296f,0f,0f,0f,0f,1.1596f,-0.5788f,-0.705f,0f,-0.5788f,-1.1596f,3.7251f,0f,0f,0f,1f],start_interpolation: 0,interpolation_duration: 1}
$data merge entity $(bone_neck1) {transformation: [-1.44f,0f,0f,0f,0f,1.3745f,-0.4293f,-0.8123f,0f,-0.4293f,-1.3745f,3.3815f,0f,0f,0f,1f],start_interpolation: 0,interpolation_duration: 1}
$data merge entity $(bone_neck0) {transformation: [-1.6f,0f,0f,0f,0f,1.5834f,-0.2299f,-0.9687f,0f,-0.2299f,-1.5834f,3f,0f,0f,0f,1f],start_interpolation: 0,interpolation_duration: 1}
$data merge entity $(bone_frontlegl) {transformation: [-0.9659f,-0.1188f,0.23f,0.4427f,0f,0.8885f,0.4589f,-0.7467f,-0.2588f,0.4433f,-0.8582f,2.4807f,0f,0f,0f,1f],start_interpolation: 0,interpolation_duration: 1}
$data merge entity $(bone_frontlegtipleft) {transformation: [-0.9659f,0.2478f,0.0746f,0.8801f,0f,0.2884f,-0.9575f,-1.6826f,-0.2588f,-0.9249f,-0.2786f,1.8141f,0f,0f,0f,1f],start_interpolation: 0,interpolation_duration: 1}
$data merge entity $(bone_frontfootleftd) {transformation: [-0.9659f,-0.1023f,0.2377f,0.4151f,0f,0.9185f,0.3954f,-2.3864f,-0.2588f,0.3819f,-0.8872f,3.5086f,0f,0f,0f,1f],start_interpolation: 0,interpolation_duration: 1}
$data merge entity $(bone_frontfootleft) {transformation: [0.9659f,0.077f,0.2471f,0.5301f,0f,-0.9547f,0.2976f,-2.1909f,0.2588f,-0.2875f,-0.9221f,3.1203f,0f,0f,0f,1f],start_interpolation: 0,interpolation_duration: 1}
$data merge entity $(bone_frontlegr) {transformation: [-0.9659f,0.2158f,-0.1428f,-0.8748f,0f,0.5519f,0.8339f,-0.806f,0.2588f,0.8055f,-0.5331f,2.6256f,0f,0f,0f,1f],start_interpolation: 0,interpolation_duration: 1}
$data merge entity $(bone_frontlegtipright) {transformation: [-0.9659f,-0.1701f,-0.1951f,-0.9154f,0f,0.7539f,-0.657f,-1.2605f,0.2588f,-0.6346f,-0.7282f,1.5083f,0f,0f,0f,1f],start_interpolation: 0,interpolation_duration: 1}
$data merge entity $(bone_frontfootrightd) {transformation: [-0.9659f,0.0081f,-0.2587f,-0.6305f,0f,0.9995f,0.0315f,-2.7227f,0.2588f,0.0304f,-0.9654f,2.6125f,0f,0f,0f,1f],start_interpolation: 0,interpolation_duration: 1}
$data merge entity $(bone_frontfootright) {transformation: [0.9659f,-0.1877f,-0.1782f,-0.6909f,0f,-0.6883f,0.7254f,-2.3486f,-0.2588f,-0.7007f,-0.6649f,2.3463f,0f,0f,0f,1f],start_interpolation: 0,interpolation_duration: 1}
$data merge entity $(bone_rearlegl) {transformation: [-1.0464f,-0.0273f,-0.2791f,-0.0197f,0f,1.0782f,-0.1056f,-0.4709f,0.2804f,-0.102f,-1.0414f,-0.4123f,0f,0f,0f,1f],start_interpolation: 0,interpolation_duration: 1}
$data merge entity $(bone_rearfootleftd) {transformation: [-0.9659f,0.0288f,-0.2572f,0.5887f,0f,0.9938f,0.1113f,-2.8566f,0.2588f,0.1076f,-0.9599f,-0.7979f,0f,0f,0f,1f],start_interpolation: 0,interpolation_duration: 1}
$data merge entity $(bone_rearfootleft) {transformation: [-0.9659f,0.2224f,-0.1324f,0.5255f,0f,0.5115f,0.8593f,-2.2019f,0.2588f,0.83f,-0.494f,-1.0338f,0f,0f,0f,1f],start_interpolation: 0,interpolation_duration: 1}
$data merge entity $(bone_rearlegtipleft) {transformation: [-0.9659f,0.2514f,-0.0614f,0.7204f,0f,0.2372f,0.9715f,-2.0254f,0.2588f,0.9384f,-0.2291f,-0.065f,0f,0f,0f,1f],start_interpolation: 0,interpolation_duration: 1}
$data merge entity $(bone_rearlegr) {transformation: [-1.0464f,0.1588f,0.2311f,-1.2912f,0f,0.8928f,-0.6136f,-0.5876f,-0.2804f,-0.5927f,-0.8624f,-0.8489f,0f,0f,0f,1f],start_interpolation: 0,interpolation_duration: 1}
$data merge entity $(bone_rearfootrightd) {transformation: [-0.9659f,0.1076f,0.2354f,-0.801f,0f,0.9095f,-0.4156f,-2.5703f,-0.2588f,-0.4015f,-0.8785f,-0.0221f,0f,0f,0f,1f],start_interpolation: 0,interpolation_duration: 1}
$data merge entity $(bone_rearfootright) {transformation: [-0.9659f,-0.1844f,0.1816f,-0.6992f,0f,0.7016f,0.7125f,-1.9927f,-0.2588f,0.6883f,-0.6777f,-0.402f,0f,0f,0f,1f],start_interpolation: 0,interpolation_duration: 1}
$data merge entity $(bone_rearlegtipright) {transformation: [-0.9659f,-0.248f,0.0739f,-1.0123f,0f,0.2856f,0.9583f,-1.767f,-0.2588f,0.9257f,-0.2759f,0.5248f,0f,0f,0f,1f],start_interpolation: 0,interpolation_duration: 1}
$data merge entity $(bone_tail11) {transformation: [-0.2862f,0.034f,-0.057f,0.3434f,-0.0083f,0.2317f,0.1824f,-1.7837f,0.0764f,0.2124f,-0.2431f,-7.0046f,0f,0f,0f,1f],start_interpolation: 0,interpolation_duration: 1}
$data merge entity $(bone_tail10) {transformation: [-0.3846f,0.0299f,-0.0683f,0.3818f,-0.004f,0.3501f,0.1794f,-1.8846f,0.0871f,0.2154f,-0.3763f,-6.7929f,0f,0f,0f,1f],start_interpolation: 0,interpolation_duration: 1}
$data merge entity $(bone_tail9) {transformation: [-0.4857f,0.02f,-0.0583f,0.4146f,0.0041f,0.4729f,0.1348f,-1.9604f,0.0739f,0.1725f,-0.52f,-6.5004f,0f,0f,0f,1f],start_interpolation: 0,interpolation_duration: 1}
$data merge entity $(bone_tail8) {transformation: [-0.5755f,0.0095f,-0.0235f,0.4278f,0.0086f,0.5766f,0.0452f,-1.9859f,0.0329f,0.0783f,-0.6449f,-6.1377f,0f,0f,0f,1f],start_interpolation: 0,interpolation_duration: 1}
$data merge entity $(bone_tail7) {transformation: [-0.677f,0.0054f,0.029f,0.4115f,0.0029f,0.6753f,-0.0843f,-1.9384f,-0.0271f,-0.0616f,-0.7622f,-5.7089f,0f,0f,0f,1f],start_interpolation: 0,interpolation_duration: 1}
$data merge entity $(bone_tail6) {transformation: [-0.7932f,0.011f,0.0797f,0.3667f,-0.0086f,0.7739f,-0.2052f,-1.823f,-0.0834f,-0.1926f,-0.8754f,-5.2165f,0f,0f,0f,1f],start_interpolation: 0,interpolation_duration: 1}
$data merge entity $(bone_tail5) {transformation: [-0.8785f,0.0182f,0.1127f,0.3033f,-0.0178f,0.8421f,-0.2863f,-1.6619f,-0.12f,-0.2806f,-0.9526f,-4.6806f,0f,0f,0f,1f],start_interpolation: 0,interpolation_duration: 1}
$data merge entity $(bone_tail4) {transformation: [-0.975f,0.0162f,0.134f,0.2279f,-0.0222f,0.9454f,-0.2877f,-1.5001f,-0.1423f,-0.2776f,-1.0667f,-4.0806f,0f,0f,0f,1f],start_interpolation: 0,interpolation_duration: 1}
$data merge entity $(bone_tail3) {transformation: [-1.0852f,0.0138f,0.1348f,0.1521f,-0.0208f,1.0592f,-0.2899f,-1.337f,-0.1421f,-0.2744f,-1.1956f,-3.4081f,0f,0f,0f,1f],start_interpolation: 0,interpolation_duration: 1}
$data merge entity $(bone_tail2) {transformation: [-1.2088f,0.0115f,0.1237f,0.0825f,-0.0167f,1.1846f,-0.2926f,-1.1725f,-0.1286f,-0.2711f,-1.3389f,-2.6549f,0f,0f,0f,1f],start_interpolation: 0,interpolation_duration: 1}
$data merge entity $(bone_tail1) {transformation: [-1.3467f,0.0097f,0.0959f,0.0286f,-0.0094f,1.3232f,-0.2958f,-1.0061f,-0.0965f,-0.2677f,-1.4978f,-1.8124f,0f,0f,0f,1f],start_interpolation: 0,interpolation_duration: 1}
$data merge entity $(bone_tail0) {transformation: [-1.4992f,0.0086f,0.0546f,0f,0f,1.4766f,-0.299f,-0.4687f,-0.0489f,-0.2637f,-1.6726f,-0.9375f,0f,0f,0f,1f],start_interpolation: 0,interpolation_duration: 1}