# This file was generated by Animated Java via MC-Build. It is not recommended to edit this file directly.
$data merge entity $(bone_leftwing20) {transformation: [-0.4514f,-1.8853f,-2.2346f,1.3024f,-0.4168f,2.2795f,-1.839f,0.3029f,2.8938f,0.0342f,-0.6135f,3.5199f,0f,0f,0f,1f],start_interpolation: 0,interpolation_duration: 1}
$data merge entity $(bone_leftwing21) {transformation: [-0.2549f,-1.8852f,-2.2653f,1.3024f,-0.2549f,2.2794f,-1.8682f,0.3029f,2.9361f,0.0342f,-0.3589f,3.5199f,0f,0f,0f,1f],start_interpolation: 0,interpolation_duration: 1}
$data merge entity $(bone_leftwing22) {transformation: [-0.0566f,-1.8889f,-2.2833f,1.3024f,-0.0913f,2.2838f,-1.887f,0.3029f,2.9619f,0.0343f,-0.1018f,3.5199f,0f,0f,0f,1f],start_interpolation: 0,interpolation_duration: 1}
$data merge entity $(bone_leftwing23) {transformation: [0.1403f,-1.8588f,-2.2432f,1.3024f,0.0723f,2.2474f,-1.8577f,0.3029f,2.9124f,0.0337f,0.1542f,3.5199f,0f,0f,0f,1f],start_interpolation: 0,interpolation_duration: 1}
$data merge entity $(bone_leftwing1) {transformation: [-0.3094f,-1.2746f,1.5099f,0.8383f,-0.2264f,1.5411f,1.2545f,-0.0367f,-1.9629f,0.0231f,-0.3827f,0.5755f,0f,0f,0f,1f],start_interpolation: 0,interpolation_duration: 1}
$data merge entity $(bone_leftwing) {transformation: [-0.1005f,-0.7435f,-0.8934f,0.6875f,-0.1005f,0.899f,-0.7368f,-0.1875f,1.158f,0.0135f,-0.1415f,2.3125f,0f,0f,0f,1f],start_interpolation: 0,interpolation_duration: 1}
$data merge entity $(bone_rightwing20) {transformation: [-0.4514f,1.8853f,2.2346f,-1.3024f,0.4168f,2.2795f,-1.839f,0.3029f,-2.8938f,0.0342f,-0.6135f,3.5199f,0f,0f,0f,1f],start_interpolation: 0,interpolation_duration: 1}
$data merge entity $(bone_rightwing21) {transformation: [-0.2549f,1.8853f,2.2654f,-1.3024f,0.2549f,2.2795f,-1.8683f,0.3029f,-2.9363f,0.0342f,-0.3589f,3.5199f,0f,0f,0f,1f],start_interpolation: 0,interpolation_duration: 1}
$data merge entity $(bone_rightwing22) {transformation: [-0.0565f,1.8853f,2.279f,-1.3024f,0.0911f,2.2795f,-1.8835f,0.3029f,-2.9564f,0.0342f,-0.1016f,3.5199f,0f,0f,0f,1f],start_interpolation: 0,interpolation_duration: 1}
$data merge entity $(bone_rightwing23) {transformation: [0.1403f,1.8588f,2.2432f,-1.3024f,-0.0723f,2.2474f,-1.8577f,0.3029f,-2.9124f,0.0337f,0.1542f,3.5199f,0f,0f,0f,1f],start_interpolation: 0,interpolation_duration: 1}
$data merge entity $(bone_rightwing1) {transformation: [-0.3094f,1.2746f,-1.5099f,-0.8383f,0.2264f,1.5411f,1.2545f,-0.0367f,1.9629f,0.0231f,-0.3827f,0.5755f,0f,0f,0f,1f],start_interpolation: 0,interpolation_duration: 1}
$data merge entity $(bone_rightwing) {transformation: [-0.1005f,0.7435f,0.8934f,-0.6875f,0.1005f,0.899f,-0.7368f,-0.1875f,-1.158f,0.0135f,-0.1415f,2.3125f,0f,0f,0f,1f],start_interpolation: 0,interpolation_duration: 1}
$data merge entity $(bone_eyebrow) {transformation: [-0.8923f,0f,0f,0f,0f,0.8923f,-0.0045f,0.156f,0f,-0.0045f,-0.8923f,6.1296f,0f,0f,0f,1f],start_interpolation: 0,interpolation_duration: 1}
$data merge entity $(bone_head) {transformation: [-1.2269f,0f,0f,0f,0f,1.2269f,-0.0062f,-0.2816f,0f,-0.0062f,-1.2269f,4.5185f,0f,0f,0f,1f],start_interpolation: 0,interpolation_duration: 1}
$data merge entity $(bone_neck4) {transformation: [-1.0498f,0f,0f,0f,0f,0.9244f,-0.4975f,-0.2838f,0f,-0.4975f,-0.9244f,4.4452f,0f,0f,0f,1f],start_interpolation: 0,interpolation_duration: 1}
$data merge entity $(bone_neck3) {transformation: [-1.1664f,0f,0f,0f,0f,0.9914f,-0.6145f,-0.5526f,0f,-0.6145f,-0.9914f,4.0114f,0f,0f,0f,1f],start_interpolation: 0,interpolation_duration: 1}
$data merge entity $(bone_neck2) {transformation: [-1.296f,0f,0f,0f,0f,1.1464f,-0.6045f,-0.7037f,0f,-0.6045f,-1.1464f,3.7248f,0f,0f,0f,1f],start_interpolation: 0,interpolation_duration: 1}
$data merge entity $(bone_neck1) {transformation: [-1.44f,0f,0f,0f,0f,1.371f,-0.4403f,-0.8138f,0f,-0.4403f,-1.371f,3.3821f,0f,0f,0f,1f],start_interpolation: 0,interpolation_duration: 1}
$data merge entity $(bone_neck0) {transformation: [-1.6f,0f,0f,0f,0f,1.5843f,-0.2238f,-0.9687f,0f,-0.2238f,-1.5843f,3f,0f,0f,0f,1f],start_interpolation: 0,interpolation_duration: 1}
$data merge entity $(bone_frontlegl) {transformation: [-0.9659f,-0.1218f,0.2284f,0.4424f,0f,0.8824f,0.4705f,-0.7467f,-0.2588f,0.4545f,-0.8523f,2.4816f,0f,0f,0f,1f],start_interpolation: 0,interpolation_duration: 1}
$data merge entity $(bone_frontlegtipleft) {transformation: [-0.9659f,0.2437f,0.087f,0.8816f,0f,0.3363f,-0.9418f,-1.668f,-0.2588f,-0.9097f,-0.3248f,1.8087f,0f,0f,0f,1f],start_interpolation: 0,interpolation_duration: 1}
$data merge entity $(bone_frontfootleftd) {transformation: [-0.9659f,-0.0972f,0.2399f,0.4243f,0f,0.9268f,0.3756f,-2.4447f,-0.2588f,0.3628f,-0.8952f,3.4743f,0f,0f,0f,1f],start_interpolation: 0,interpolation_duration: 1}
$data merge entity $(bone_frontfootleft) {transformation: [0.9659f,0.0803f,0.2461f,0.5386f,0f,-0.9507f,0.3102f,-2.2438f,0.2588f,-0.2996f,-0.9183f,3.0885f,0f,0f,0f,1f],start_interpolation: 0,interpolation_duration: 1}
$data merge entity $(bone_frontlegr) {transformation: [-0.9659f,0.2252f,-0.1275f,-0.8747f,0f,0.4926f,0.8703f,-0.8039f,0.2588f,0.8406f,-0.4758f,2.6261f,0f,0f,0f,1f],start_interpolation: 0,interpolation_duration: 1}
$data merge entity $(bone_frontlegtipright) {transformation: [-0.9659f,-0.1639f,-0.2003f,-0.9239f,0f,0.774f,-0.6332f,-1.1833f,0.2588f,-0.6116f,-0.7476f,1.4766f,0f,0f,0f,1f],start_interpolation: 0,interpolation_duration: 1}
$data merge entity $(bone_frontfootrightd) {transformation: [-0.9659f,0.033f,-0.2567f,-0.6548f,0f,0.9918f,0.1275f,-2.6901f,0.2588f,0.1232f,-0.958f,2.5218f,0f,0f,0f,1f],start_interpolation: 0,interpolation_duration: 1}
$data merge entity $(bone_frontfootright) {transformation: [0.9659f,-0.1997f,-0.1647f,-0.7082f,0f,-0.6362f,0.7715f,-2.2979f,-0.2588f,-0.7452f,-0.6146f,2.2814f,0f,0f,0f,1f],start_interpolation: 0,interpolation_duration: 1}
$data merge entity $(bone_rearlegl) {transformation: [-1.0464f,-0.0249f,-0.2793f,-0.0194f,0f,1.0791f,-0.0961f,-0.4694f,0.2804f,-0.0928f,-1.0423f,-0.411f,0f,0f,0f,1f],start_interpolation: 0,interpolation_duration: 1}
$data merge entity $(bone_rearfootleftd) {transformation: [-0.9659f,0.0503f,-0.2539f,0.5804f,0f,0.9809f,0.1944f,-2.834f,0.2588f,0.1878f,-0.9475f,-0.8289f,0f,0f,0f,1f],start_interpolation: 0,interpolation_duration: 1}
$data merge entity $(bone_rearfootleft) {transformation: [-0.9659f,0.2254f,-0.1273f,0.5211f,0f,0.4917f,0.8708f,-2.1739f,0.2588f,0.8411f,-0.4749f,-1.0502f,0f,0f,0f,1f],start_interpolation: 0,interpolation_duration: 1}
$data merge entity $(bone_rearlegtipleft) {transformation: [-0.9659f,0.2535f,-0.0522f,0.7175f,0f,0.2016f,0.9795f,-2.0335f,0.2588f,0.9461f,-0.1947f,-0.0758f,0f,0f,0f,1f],start_interpolation: 0,interpolation_duration: 1}
$data merge entity $(bone_rearlegr) {transformation: [-1.0464f,0.1745f,0.2195f,-1.2907f,0f,0.848f,-0.6742f,-0.6055f,-0.2804f,-0.6513f,-0.8191f,-0.8508f,0f,0f,0f,1f],start_interpolation: 0,interpolation_duration: 1}
$data merge entity $(bone_rearfootrightd) {transformation: [-0.9659f,0.1328f,0.2222f,-0.8463f,0f,0.8584f,-0.5131f,-2.5752f,-0.2588f,-0.4956f,-0.8291f,0.1467f,0f,0f,0f,1f],start_interpolation: 0,interpolation_duration: 1}
$data merge entity $(bone_rearfootright) {transformation: [-0.9659f,-0.1633f,0.2008f,-0.7286f,0f,0.7757f,0.6311f,-2.0443f,-0.2588f,0.6096f,-0.7493f,-0.2922f,0f,0f,0f,1f],start_interpolation: 0,interpolation_duration: 1}
$data merge entity $(bone_rearlegtipright) {transformation: [-0.9659f,-0.235f,0.1084f,-1.0308f,0f,0.4188f,0.9081f,-1.6823f,-0.2588f,0.8771f,-0.4045f,0.5941f,0f,0f,0f,1f],start_interpolation: 0,interpolation_duration: 1}
$data merge entity $(bone_tail11) {transformation: [-0.2856f,0.0421f,-0.0546f,0.2447f,-0.003f,0.2245f,0.1914f,-1.7119f,0.0802f,0.2201f,-0.2349f,-7.0089f,0f,0f,0f,1f],start_interpolation: 0,interpolation_duration: 1}
$data merge entity $(bone_tail10) {transformation: [-0.3824f,0.0408f,-0.0743f,0.2865f,0f,0.3433f,0.192f,-1.8199f,0.0993f,0.2268f,-0.3666f,-6.8027f,0f,0f,0f,1f],start_interpolation: 0,interpolation_duration: 1}
$data merge entity $(bone_tail9) {transformation: [-0.4828f,0.0317f,-0.0753f,0.3288f,0.0081f,0.468f,0.1503f,-1.9044f,0.0968f,0.1874f,-0.5111f,-6.5152f,0f,0f,0f,1f],start_interpolation: 0,interpolation_duration: 1}
$data merge entity $(bone_tail8) {transformation: [-0.5735f,0.0188f,-0.0503f,0.3571f,0.0143f,0.5749f,0.062f,-1.9393f,0.0648f,0.0955f,-0.6401f,-6.1551f,0f,0f,0f,1f],start_interpolation: 0,interpolation_duration: 1}
$data merge entity $(bone_tail7) {transformation: [-0.6776f,0.0095f,-0.0035f,0.3591f,0.011f,0.677f,-0.0676f,-1.9013f,0.0098f,-0.0434f,-0.764f,-5.7254f,0f,0f,0f,1f],start_interpolation: 0,interpolation_duration: 1}
$data merge entity $(bone_tail6) {transformation: [-0.7959f,0.0106f,0.0466f,0.3329f,0.0005f,0.7778f,-0.1896f,-1.7946f,-0.0464f,-0.1751f,-0.8819f,-5.2293f,0f,0f,0f,1f],start_interpolation: 0,interpolation_duration: 1}
$data merge entity $(bone_tail5) {transformation: [-0.8817f,0.0155f,0.0841f,0.2856f,-0.0097f,0.8466f,-0.2728f,-1.6412f,-0.0878f,-0.2654f,-0.9605f,-4.6891f,0f,0f,0f,1f],start_interpolation: 0,interpolation_duration: 1}
$data merge entity $(bone_tail4) {transformation: [-0.9777f,0.0145f,0.1131f,0.222f,-0.0162f,0.9489f,-0.2761f,-1.4859f,-0.1186f,-0.2645f,-1.073f,-4.0855f,0f,0f,0f,1f],start_interpolation: 0,interpolation_duration: 1}
$data merge entity $(bone_tail3) {transformation: [-1.0865f,0.013f,0.124f,0.1522f,-0.0174f,1.0617f,-0.2802f,-1.3283f,-0.1296f,-0.2638f,-1.1995f,-3.4108f,0f,0f,0f,1f],start_interpolation: 0,interpolation_duration: 1}
$data merge entity $(bone_tail2) {transformation: [-1.2092f,0.0113f,0.1196f,0.0849f,-0.015f,1.1863f,-0.2851f,-1.1679f,-0.1235f,-0.2633f,-1.341f,-2.6564f,0f,0f,0f,1f],start_interpolation: 0,interpolation_duration: 1}
$data merge entity $(bone_tail1) {transformation: [-1.3467f,0.0099f,0.0971f,0.0303f,-0.0089f,1.3243f,-0.2906f,-1.0044f,-0.0971f,-0.2625f,-1.4988f,-1.8134f,0f,0f,0f,1f],start_interpolation: 0,interpolation_duration: 1}
$data merge entity $(bone_tail0) {transformation: [-1.4991f,0.009f,0.0579f,0f,0f,1.4771f,-0.2958f,-0.4687f,-0.0518f,-0.2608f,-1.6731f,-0.9375f,0f,0f,0f,1f],start_interpolation: 0,interpolation_duration: 1}