# This file was generated by Animated Java via MC-Build. It is not recommended to edit this file directly.
$data merge entity $(bone_leftwing20) {transformation: [-0.4481f,-1.9299f,-2.1969f,1.2905f,-0.4207f,2.242f,-1.8837f,0.317f,2.8938f,0.0271f,-0.6141f,3.5201f,0f,0f,0f,1f],start_interpolation: 0,interpolation_duration: 1}
$data merge entity $(bone_leftwing21) {transformation: [-0.2549f,-1.9298f,-2.2275f,1.2905f,-0.2549f,2.2419f,-1.9131f,0.317f,2.9361f,0.0271f,-0.3595f,3.5201f,0f,0f,0f,1f],start_interpolation: 0,interpolation_duration: 1}
$data merge entity $(bone_leftwing22) {transformation: [-0.0599f,-1.9335f,-2.2456f,1.2905f,-0.0874f,2.2462f,-1.9317f,0.317f,2.962f,0.0271f,-0.1024f,3.5201f,0f,0f,0f,1f],start_interpolation: 0,interpolation_duration: 1}
$data merge entity $(bone_leftwing23) {transformation: [0.1338f,-1.9027f,-2.2065f,1.2905f,0.08f,2.2104f,-1.9012f,0.317f,2.9125f,0.0267f,0.1536f,3.5201f,0f,0f,0f,1f],start_interpolation: 0,interpolation_duration: 1}
$data merge entity $(bone_leftwing1) {transformation: [-0.3015f,-1.3047f,1.4855f,0.8383f,-0.2358f,1.5157f,1.2834f,-0.0367f,-1.963f,0.0183f,-0.3823f,0.5755f,0f,0f,0f,1f],start_interpolation: 0,interpolation_duration: 1}
$data merge entity $(bone_leftwing) {transformation: [-0.1005f,-0.7611f,-0.8785f,0.6875f,-0.1005f,0.8842f,-0.7545f,-0.1875f,1.158f,0.0107f,-0.1418f,2.3125f,0f,0f,0f,1f],start_interpolation: 0,interpolation_duration: 1}
$data merge entity $(bone_rightwing20) {transformation: [-0.4481f,1.9299f,2.1969f,-1.2905f,0.4207f,2.242f,-1.8837f,0.317f,-2.8938f,0.0271f,-0.6141f,3.5201f,0f,0f,0f,1f],start_interpolation: 0,interpolation_duration: 1}
$data merge entity $(bone_rightwing21) {transformation: [-0.2549f,1.9299f,2.2276f,-1.2905f,0.2549f,2.242f,-1.9132f,0.317f,-2.9363f,0.0271f,-0.3595f,3.5201f,0f,0f,0f,1f],start_interpolation: 0,interpolation_duration: 1}
$data merge entity $(bone_rightwing22) {transformation: [-0.0598f,1.9299f,2.2414f,-1.2905f,0.0872f,2.242f,-1.9281f,0.317f,-2.9564f,0.0271f,-0.1022f,3.5201f,0f,0f,0f,1f],start_interpolation: 0,interpolation_duration: 1}
$data merge entity $(bone_rightwing23) {transformation: [0.1338f,1.9027f,2.2065f,-1.2905f,-0.08f,2.2104f,-1.9012f,0.317f,-2.9125f,0.0267f,0.1536f,3.5201f,0f,0f,0f,1f],start_interpolation: 0,interpolation_duration: 1}
$data merge entity $(bone_rightwing1) {transformation: [-0.3015f,1.3047f,-1.4855f,-0.8383f,0.2358f,1.5157f,1.2834f,-0.0367f,1.963f,0.0183f,-0.3823f,0.5755f,0f,0f,0f,1f],start_interpolation: 0,interpolation_duration: 1}
$data merge entity $(bone_rightwing) {transformation: [-0.1005f,0.7611f,0.8785f,-0.6875f,0.1005f,0.8842f,-0.7545f,-0.1875f,-1.158f,0.0107f,-0.1418f,2.3125f,0f,0f,0f,1f],start_interpolation: 0,interpolation_duration: 1}
$data merge entity $(bone_eyebrow) {transformation: [-0.8923f,0f,0f,0f,0f,0.892f,-0.0235f,0.2809f,0f,-0.0235f,-0.892f,6.0707f,0f,0f,0f,1f],start_interpolation: 0,interpolation_duration: 1}
$data merge entity $(bone_head) {transformation: [-1.2269f,0f,0f,0f,0f,1.2265f,-0.0323f,-0.1908f,0f,-0.0323f,-1.2265f,4.4693f,0f,0f,0f,1f],start_interpolation: 0,interpolation_duration: 1}
$data merge entity $(bone_neck4) {transformation: [-1.0498f,0f,0f,0f,0f,0.9136f,-0.5171f,-0.1946f,0f,-0.5171f,-0.9136f,4.3961f,0f,0f,0f,1f],start_interpolation: 0,interpolation_duration: 1}
$data merge entity $(bone_neck3) {transformation: [-1.1664f,0f,0f,0f,0f,0.9417f,-0.6883f,-0.4957f,0f,-0.6883f,-0.9417f,3.9841f,0f,0f,0f,1f],start_interpolation: 0,interpolation_duration: 1}
$data merge entity $(bone_neck2) {transformation: [-1.296f,0f,0f,0f,0f,1.0793f,-0.7174f,-0.6751f,0f,-0.7174f,-1.0793f,3.7142f,0f,0f,0f,1f],start_interpolation: 0,interpolation_duration: 1}
$data merge entity $(bone_neck1) {transformation: [-1.44f,0f,0f,0f,0f,1.3377f,-0.533f,-0.8083f,0f,-0.533f,-1.3377f,3.3798f,0f,0f,0f,1f],start_interpolation: 0,interpolation_duration: 1}
$data merge entity $(bone_neck0) {transformation: [-1.6f,0f,0f,0f,0f,1.5809f,-0.2466f,-0.9687f,0f,-0.2466f,-1.5809f,3f,0f,0f,0f,1f],start_interpolation: 0,interpolation_duration: 1}
$data merge entity $(bone_frontlegl) {transformation: [-0.9659f,-0.1459f,0.2137f,0.4406f,0f,0.8259f,0.5639f,-0.7473f,-0.2588f,0.5447f,-0.7977f,2.4885f,0f,0f,0f,1f],start_interpolation: 0,interpolation_duration: 1}
$data merge entity $(bone_frontlegtipleft) {transformation: [-0.9659f,0.2125f,0.1478f,0.8974f,0f,0.5711f,-0.8209f,-1.5663f,-0.2588f,-0.7929f,-0.5517f,1.7497f,0f,0f,0f,1f],start_interpolation: 0,interpolation_duration: 1}
$data merge entity $(bone_frontfootleftd) {transformation: [-0.9659f,-0.0717f,0.2487f,0.4974f,0f,0.9609f,0.277f,-2.7124f,-0.2588f,0.2675f,-0.9281f,3.2016f,0f,0f,0f,1f],start_interpolation: 0,interpolation_duration: 1}
$data merge entity $(bone_frontfootleft) {transformation: [0.9659f,0.1066f,0.2358f,0.6054f,0f,-0.9112f,0.4119f,-2.4689f,0.2588f,-0.3979f,-0.8802f,2.8392f,0f,0f,0f,1f],start_interpolation: 0,interpolation_duration: 1}
$data merge entity $(bone_frontlegr) {transformation: [-0.9659f,0.2016f,-0.1623f,-0.875f,0f,0.6271f,0.7789f,-0.809f,0.2588f,0.7524f,-0.6058f,2.6252f,0f,0f,0f,1f],start_interpolation: 0,interpolation_duration: 1}
$data merge entity $(bone_frontlegtipright) {transformation: [-0.9659f,-0.2117f,-0.1489f,-0.9072f,0f,0.5754f,-0.8179f,-1.3737f,0.2588f,-0.79f,-0.5558f,1.5388f,0f,0f,0f,1f],start_interpolation: 0,interpolation_duration: 1}
$data merge entity $(bone_frontfootrightd) {transformation: [-0.9659f,0.0855f,-0.2443f,-0.5529f,0f,0.9438f,0.3305f,-2.5706f,0.2588f,0.3193f,-0.9116f,2.9019f,0f,0f,0f,1f],start_interpolation: 0,interpolation_duration: 1}
$data merge entity $(bone_frontfootright) {transformation: [0.9659f,-0.1703f,-0.1949f,-0.622f,0f,-0.7529f,0.6582f,-2.2235f,-0.2588f,-0.6357f,-0.7272f,2.6033f,0f,0f,0f,1f],start_interpolation: 0,interpolation_duration: 1}
$data merge entity $(bone_rearlegl) {transformation: [-1.0464f,-0.0342f,-0.2783f,-0.0207f,0f,1.0753f,-0.1321f,-0.4753f,0.2804f,-0.1276f,-1.0386f,-0.4159f,0f,0f,0f,1f],start_interpolation: 0,interpolation_duration: 1}
$data merge entity $(bone_rearfootleftd) {transformation: [-0.9659f,0.1336f,-0.2217f,0.5821f,0f,0.8564f,0.5163f,-2.7335f,0.2588f,0.4987f,-0.8272f,-0.8226f,0f,0f,0f,1f],start_interpolation: 0,interpolation_duration: 1}
$data merge entity $(bone_rearfootleft) {transformation: [-0.9659f,0.2318f,-0.1152f,0.5319f,0f,0.4449f,0.8956f,-2.0622f,0.2588f,0.8651f,-0.4298f,-1.0099f,0f,0f,0f,1f],start_interpolation: 0,interpolation_duration: 1}
$data merge entity $(bone_rearlegtipleft) {transformation: [-0.9659f,0.2581f,-0.0189f,0.7309f,0f,0.0729f,0.9973f,-2.0516f,0.2588f,0.9634f,-0.0704f,-0.026f,0f,0f,0f,1f],start_interpolation: 0,interpolation_duration: 1}
$data merge entity $(bone_rearlegr) {transformation: [-1.0464f,0.1366f,0.2448f,-1.2924f,0f,0.946f,-0.5279f,-0.5638f,-0.2804f,-0.5099f,-0.9138f,-0.8444f,0f,0f,0f,1f],start_interpolation: 0,interpolation_duration: 1}
$data merge entity $(bone_rearfootrightd) {transformation: [-0.9659f,0.125f,0.2266f,-0.7959f,0f,0.8756f,-0.483f,-2.7706f,-0.2588f,-0.4666f,-0.8458f,-0.0411f,0f,0f,0f,1f],start_interpolation: 0,interpolation_duration: 1}
$data merge entity $(bone_rearfootright) {transformation: [-0.9659f,-0.1702f,0.195f,-0.6831f,0f,0.7534f,0.6576f,-2.2244f,-0.2588f,0.6352f,-0.7277f,-0.462f,0f,0f,0f,1f],start_interpolation: 0,interpolation_duration: 1}
$data merge entity $(bone_rearlegtipright) {transformation: [-0.9659f,-0.2274f,0.1235f,-0.9787f,0f,0.4773f,0.8787f,-1.802f,-0.2588f,0.8488f,-0.461f,0.3995f,0f,0f,0f,1f],start_interpolation: 0,interpolation_duration: 1}
$data merge entity $(bone_tail11) {transformation: [-0.2879f,0.0545f,-0.0213f,-0.1688f,0.0236f,0.205f,0.211f,-1.6384f,0.0639f,0.2401f,-0.2197f,-6.9812f,0f,0f,0f,1f],start_interpolation: 0,interpolation_duration: 1}
$data merge entity $(bone_tail10) {transformation: [-0.3814f,0.0652f,-0.0607f,-0.1347f,0.0212f,0.3256f,0.2199f,-1.7621f,0.1017f,0.2526f,-0.3484f,-6.7852f,0f,0f,0f,1f],start_interpolation: 0,interpolation_duration: 1}
$data merge entity $(bone_tail9) {transformation: [-0.4756f,0.0637f,-0.0974f,-0.0799f,0.0242f,0.4557f,0.1835f,-1.8653f,0.1333f,0.217f,-0.4906f,-6.5092f,0f,0f,0f,1f],start_interpolation: 0,interpolation_duration: 1}
$data merge entity $(bone_tail8) {transformation: [-0.5623f,0.0487f,-0.1148f,-0.0154f,0.0307f,0.5699f,0.0955f,-1.919f,0.1423f,0.126f,-0.6219f,-6.1594f,0f,0f,0f,1f],start_interpolation: 0,interpolation_duration: 1}
$data merge entity $(bone_tail7) {transformation: [-0.6686f,0.0267f,-0.1073f,0.045f,0.0341f,0.6788f,-0.0378f,-1.8977f,0.1257f,-0.0141f,-0.7546f,-5.735f,0f,0f,0f,1f],start_interpolation: 0,interpolation_duration: 1}
$data merge entity $(bone_tail6) {transformation: [-0.7931f,0.0119f,-0.0801f,0.09f,0.0297f,0.7827f,-0.167f,-1.8038f,0.0929f,-0.1507f,-0.8825f,-5.2386f,0f,0f,0f,1f],start_interpolation: 0,interpolation_duration: 1}
$data merge entity $(bone_tail5) {transformation: [-0.8847f,0.0057f,-0.0436f,0.1146f,0.0195f,0.851f,-0.2595f,-1.6578f,0.0527f,-0.2494f,-0.9671f,-4.6946f,0f,0f,0f,1f],start_interpolation: 0,interpolation_duration: 1}
$data merge entity $(bone_tail4) {transformation: [-0.9842f,0.0072f,-0.0004f,0.1148f,0.0085f,0.9507f,-0.2713f,-1.5052f,0.006f,-0.257f,-1.0811f,-4.0865f,0f,0f,0f,1f],start_interpolation: 0,interpolation_duration: 1}
$data merge entity $(bone_tail3) {transformation: [-1.0929f,0.0081f,0.0397f,0.0924f,-0.001f,1.0615f,-0.2829f,-1.3461f,-0.0376f,-0.2643f,-1.2055f,-3.4084f,0f,0f,0f,1f],start_interpolation: 0,interpolation_duration: 1}
$data merge entity $(bone_tail2) {transformation: [-1.2137f,0.0082f,0.0591f,0.0592f,-0.0046f,1.1848f,-0.2937f,-1.1809f,-0.0581f,-0.2702f,-1.3438f,-2.6525f,0f,0f,0f,1f],start_interpolation: 0,interpolation_duration: 1}
$data merge entity $(bone_tail1) {transformation: [-1.3487f,0.0079f,0.0628f,0.0239f,-0.0045f,1.3221f,-0.3026f,-1.0107f,-0.0612f,-0.2733f,-1.4984f,-1.8097f,0f,0f,0f,1f],start_interpolation: 0,interpolation_duration: 1}
$data merge entity $(bone_tail0) {transformation: [-1.4994f,0.0074f,0.0457f,0f,0f,1.4752f,-0.3078f,-0.4687f,-0.041f,-0.2715f,-1.6713f,-0.9375f,0f,0f,0f,1f],start_interpolation: 0,interpolation_duration: 1}