# This file was generated by Animated Java via MC-Build. It is not recommended to edit this file directly.
$data merge entity $(bone_leftwing20) {transformation: [-0.4469f,-1.9457f,-2.1832f,1.2862f,-0.4221f,2.2283f,-1.8995f,0.3219f,2.8938f,0.0245f,-0.6142f,3.5202f,0f,0f,0f,1f],start_interpolation: 0,interpolation_duration: 1}
$data merge entity $(bone_leftwing21) {transformation: [-0.2549f,-1.9456f,-2.2137f,1.2862f,-0.2549f,2.2282f,-1.929f,0.3219f,2.9361f,0.0245f,-0.3597f,3.5202f,0f,0f,0f,1f],start_interpolation: 0,interpolation_duration: 1}
$data merge entity $(bone_leftwing22) {transformation: [-0.0611f,-1.9493f,-2.2318f,1.2862f,-0.086f,2.2325f,-1.9476f,0.3219f,2.962f,0.0246f,-0.1026f,3.5202f,0f,0f,0f,1f],start_interpolation: 0,interpolation_duration: 1}
$data merge entity $(bone_leftwing23) {transformation: [0.1315f,-1.9183f,-2.1931f,1.2862f,0.0827f,2.1969f,-1.9167f,0.3219f,2.9125f,0.0242f,0.1535f,3.5202f,0f,0f,0f,1f],start_interpolation: 0,interpolation_duration: 1}
$data merge entity $(bone_leftwing1) {transformation: [-0.2986f,-1.3154f,1.4767f,0.8383f,-0.2391f,1.5065f,1.2936f,-0.0367f,-1.9631f,0.0166f,-0.3822f,0.5755f,0f,0f,0f,1f],start_interpolation: 0,interpolation_duration: 1}
$data merge entity $(bone_leftwing) {transformation: [-0.1005f,-0.7673f,-0.8731f,0.6875f,-0.1005f,0.8788f,-0.7608f,-0.1875f,1.158f,0.0097f,-0.1419f,2.3125f,0f,0f,0f,1f],start_interpolation: 0,interpolation_duration: 1}
$data merge entity $(bone_rightwing20) {transformation: [-0.4469f,1.9457f,2.1832f,-1.2862f,0.4221f,2.2283f,-1.8995f,0.3219f,-2.8938f,0.0245f,-0.6142f,3.5202f,0f,0f,0f,1f],start_interpolation: 0,interpolation_duration: 1}
$data merge entity $(bone_rightwing21) {transformation: [-0.2549f,1.9457f,2.2138f,-1.2862f,0.2549f,2.2283f,-1.9291f,0.3219f,-2.9363f,0.0245f,-0.3597f,3.5202f,0f,0f,0f,1f],start_interpolation: 0,interpolation_duration: 1}
$data merge entity $(bone_rightwing22) {transformation: [-0.061f,1.9457f,2.2276f,-1.2862f,0.0858f,2.2283f,-1.944f,0.3219f,-2.9565f,0.0245f,-0.1024f,3.5202f,0f,0f,0f,1f],start_interpolation: 0,interpolation_duration: 1}
$data merge entity $(bone_rightwing23) {transformation: [0.1315f,1.9183f,2.1931f,-1.2862f,-0.0827f,2.1969f,-1.9167f,0.3219f,-2.9125f,0.0242f,0.1535f,3.5202f,0f,0f,0f,1f],start_interpolation: 0,interpolation_duration: 1}
$data merge entity $(bone_rightwing1) {transformation: [-0.2986f,1.3154f,-1.4767f,-0.8383f,0.2391f,1.5065f,1.2936f,-0.0367f,1.9631f,0.0166f,-0.3822f,0.5755f,0f,0f,0f,1f],start_interpolation: 0,interpolation_duration: 1}
$data merge entity $(bone_rightwing) {transformation: [-0.1005f,0.7673f,0.8731f,-0.6875f,0.1005f,0.8788f,-0.7608f,-0.1875f,-1.158f,0.0097f,-0.1419f,2.3125f,0f,0f,0f,1f],start_interpolation: 0,interpolation_duration: 1}
$data merge entity $(bone_eyebrow) {transformation: [-0.8923f,0f,0f,0f,0f,0.892f,-0.0243f,0.2956f,0f,-0.0243f,-0.892f,6.0628f,0f,0f,0f,1f],start_interpolation: 0,interpolation_duration: 1}
$data merge entity $(bone_head) {transformation: [-1.2269f,0f,0f,0f,0f,1.2265f,-0.0334f,-0.1776f,0f,-0.0334f,-1.2265f,4.4618f,0f,0f,0f,1f],start_interpolation: 0,interpolation_duration: 1}
$data merge entity $(bone_neck4) {transformation: [-1.0498f,0f,0f,0f,0f,0.9131f,-0.5179f,-0.1814f,0f,-0.5179f,-0.9131f,4.3886f,0f,0f,0f,1f],start_interpolation: 0,interpolation_duration: 1}
$data merge entity $(bone_neck3) {transformation: [-1.1664f,0f,0f,0f,0f,0.9363f,-0.6956f,-0.4857f,0f,-0.6956f,-0.9363f,3.979f,0f,0f,0f,1f],start_interpolation: 0,interpolation_duration: 1}
$data merge entity $(bone_neck2) {transformation: [-1.296f,0f,0f,0f,0f,1.0691f,-0.7326f,-0.6689f,0f,-0.7326f,-1.0691f,3.7117f,0f,0f,0f,1f],start_interpolation: 0,interpolation_duration: 1}
$data merge entity $(bone_neck1) {transformation: [-1.44f,0f,0f,0f,0f,1.3309f,-0.5499f,-0.8063f,0f,-0.5499f,-1.3309f,3.379f,0f,0f,0f,1f],start_interpolation: 0,interpolation_duration: 1}
$data merge entity $(bone_neck0) {transformation: [-1.6f,0f,0f,0f,0f,1.5796f,-0.2548f,-0.9687f,0f,-0.2548f,-1.5796f,3f,0f,0f,0f,1f],start_interpolation: 0,interpolation_duration: 1}
$data merge entity $(bone_frontlegl) {transformation: [-0.9659f,-0.1506f,0.2105f,0.4402f,0f,0.8133f,0.5819f,-0.7475f,-0.2588f,0.5621f,-0.7855f,2.4899f,0f,0f,0f,1f],start_interpolation: 0,interpolation_duration: 1}
$data merge entity $(bone_frontlegtipleft) {transformation: [-0.9659f,0.2056f,0.1572f,0.9005f,0f,0.6075f,-0.7943f,-1.5465f,-0.2588f,-0.7672f,-0.5868f,1.738f,0f,0f,0f,1f],start_interpolation: 0,interpolation_duration: 1}
$data merge entity $(bone_frontfootleftd) {transformation: [-0.9659f,-0.0674f,0.2499f,0.5127f,0f,0.9655f,0.2605f,-2.7508f,-0.2588f,0.2516f,-0.9326f,3.1443f,0f,0f,0f,1f],start_interpolation: 0,interpolation_duration: 1}
$data merge entity $(bone_frontfootleft) {transformation: [0.9659f,0.1118f,0.2334f,0.6194f,0f,-0.9019f,0.4318f,-2.499f,0.2588f,-0.4171f,-0.8712f,2.7872f,0f,0f,0f,1f],start_interpolation: 0,interpolation_duration: 1}
$data merge entity $(bone_frontlegr) {transformation: [-0.9659f,0.1962f,-0.1688f,-0.875f,0f,0.6523f,0.7579f,-0.8101f,0.2588f,0.7321f,-0.6301f,2.6251f,0f,0f,0f,1f],start_interpolation: 0,interpolation_duration: 1}
$data merge entity $(bone_frontlegtipright) {transformation: [-0.9659f,-0.218f,-0.1396f,-0.9026f,0f,0.5393f,-0.8421f,-1.41f,0.2588f,-0.8134f,-0.5209f,1.5562f,0f,0f,0f,1f],start_interpolation: 0,interpolation_duration: 1}
$data merge entity $(bone_frontfootrightd) {transformation: [-0.9659f,0.089f,-0.243f,-0.5361f,0f,0.939f,0.3439f,-2.548f,0.2588f,0.3322f,-0.907f,2.9648f,0f,0f,0f,1f],start_interpolation: 0,interpolation_duration: 1}
$data merge entity $(bone_frontfootright) {transformation: [0.9659f,-0.1639f,-0.2003f,-0.6081f,0f,-0.774f,0.6331f,-2.2111f,-0.2588f,-0.6116f,-0.7477f,2.6553f,0f,0f,0f,1f],start_interpolation: 0,interpolation_duration: 1}
$data merge entity $(bone_rearlegl) {transformation: [-1.0464f,-0.0376f,-0.2778f,-0.0212f,0f,1.0735f,-0.1455f,-0.4775f,0.2804f,-0.1405f,-1.0369f,-0.4177f,0f,0f,0f,1f],start_interpolation: 0,interpolation_duration: 1}
$data merge entity $(bone_rearfootleftd) {transformation: [-0.9659f,0.1447f,-0.2146f,0.5862f,0f,0.829f,0.5593f,-2.7177f,0.2588f,0.5402f,-0.8007f,-0.8072f,0f,0f,0f,1f],start_interpolation: 0,interpolation_duration: 1}
$data merge entity $(bone_rearfootleft) {transformation: [-0.9659f,0.2322f,-0.1144f,0.5366f,0f,0.442f,0.897f,-2.0457f,0.2588f,0.8665f,-0.4269f,-0.9924f,0f,0f,0f,1f],start_interpolation: 0,interpolation_duration: 1}
$data merge entity $(bone_rearlegtipleft) {transformation: [-0.9659f,0.2584f,-0.0145f,0.7356f,0f,0.0561f,0.9984f,-2.0521f,0.2588f,0.9644f,-0.0541f,-0.0084f,0f,0f,0f,1f],start_interpolation: 0,interpolation_duration: 1}
$data merge entity $(bone_rearlegr) {transformation: [-1.0464f,0.1285f,0.2492f,-1.293f,0f,0.9628f,-0.4966f,-0.5555f,-0.2804f,-0.4796f,-0.93f,-0.8424f,0f,0f,0f,1f],start_interpolation: 0,interpolation_duration: 1}
$data merge entity $(bone_rearfootrightd) {transformation: [-0.9659f,0.1209f,0.2289f,-0.7819f,0f,0.8842f,-0.467f,-2.7955f,-0.2588f,-0.4511f,-0.8541f,-0.0935f,0f,0f,0f,1f],start_interpolation: 0,interpolation_duration: 1}
$data merge entity $(bone_rearfootright) {transformation: [-0.9659f,-0.1737f,0.1919f,-0.6717f,0f,0.7413f,0.6712f,-2.2414f,-0.2588f,0.6483f,-0.716f,-0.5047f,0f,0f,0f,1f],start_interpolation: 0,interpolation_duration: 1}
$data merge entity $(bone_rearlegtipright) {transformation: [-0.9659f,-0.2283f,0.1219f,-0.968f,0f,0.471f,0.8821f,-1.8255f,-0.2588f,0.8521f,-0.455f,0.3596f,0f,0f,0f,1f],start_interpolation: 0,interpolation_duration: 1}
$data merge entity $(bone_tail11) {transformation: [-0.2885f,0.0536f,-0.0147f,-0.223f,0.0275f,0.2039f,0.2116f,-1.6535f,0.0581f,0.2417f,-0.2195f,-6.9739f,0f,0f,0f,1f],start_interpolation: 0,interpolation_duration: 1}
$data merge entity $(bone_tail10) {transformation: [-0.3822f,0.0657f,-0.055f,-0.192f,0.0246f,0.3248f,0.2209f,-1.7777f,0.0966f,0.2541f,-0.3487f,-6.7778f,0f,0f,0f,1f],start_interpolation: 0,interpolation_duration: 1}
$data merge entity $(bone_tail9) {transformation: [-0.4757f,0.0657f,-0.0953f,-0.1384f,0.0266f,0.4553f,0.1843f,-1.8814f,0.1318f,0.2179f,-0.4906f,-6.5018f,0f,0f,0f,1f],start_interpolation: 0,interpolation_duration: 1}
$data merge entity $(bone_tail8) {transformation: [-0.5614f,0.0513f,-0.1183f,-0.0719f,0.0327f,0.5698f,0.0957f,-1.9353f,0.1464f,0.1258f,-0.6209f,-6.1525f,0f,0f,0f,1f],start_interpolation: 0,interpolation_duration: 1}
$data merge entity $(bone_tail7) {transformation: [-0.6668f,0.0285f,-0.1173f,-0.0059f,0.0366f,0.6788f,-0.0384f,-1.9136f,0.1364f,-0.0152f,-0.7526f,-5.7292f,0f,0f,0f,1f],start_interpolation: 0,interpolation_duration: 1}
$data merge entity $(bone_tail6) {transformation: [-0.7914f,0.0121f,-0.0952f,0.0476f,0.0333f,0.7823f,-0.1687f,-1.8187f,0.109f,-0.1528f,-0.8802f,-5.2341f,0f,0f,0f,1f],start_interpolation: 0,interpolation_duration: 1}
$data merge entity $(bone_tail5) {transformation: [-0.8837f,0.0043f,-0.0609f,0.0819f,0.0234f,0.8501f,-0.2624f,-1.6711f,0.0714f,-0.2525f,-0.965f,-4.6913f,0f,0f,0f,1f],start_interpolation: 0,interpolation_duration: 1}
$data merge entity $(bone_tail4) {transformation: [-0.9841f,0.0061f,-0.0179f,0.092f,0.0121f,0.9496f,-0.2755f,-1.5162f,0.0248f,-0.2611f,-1.0797f,-4.0839f,0f,0f,0f,1f],start_interpolation: 0,interpolation_duration: 1}
$data merge entity $(bone_tail3) {transformation: [-1.0933f,0.0071f,0.0246f,0.0782f,0.0018f,1.0603f,-0.2879f,-1.3542f,-0.0214f,-0.2692f,-1.2047f,-3.4063f,0f,0f,0f,1f],start_interpolation: 0,interpolation_duration: 1}
$data merge entity $(bone_tail2) {transformation: [-1.2142f,0.0074f,0.0465f,0.052f,-0.0027f,1.1836f,-0.299f,-1.1861f,-0.0449f,-0.2754f,-1.3431f,-2.6508f,0f,0f,0f,1f],start_interpolation: 0,interpolation_duration: 1}
$data merge entity $(bone_tail1) {transformation: [-1.349f,0.0072f,0.0541f,0.0216f,-0.0035f,1.3211f,-0.3077f,-1.013f,-0.0524f,-0.2782f,-1.4977f,-1.8084f,0f,0f,0f,1f],start_interpolation: 0,interpolation_duration: 1}
$data merge entity $(bone_tail0) {transformation: [-1.4995f,0.0068f,0.0414f,0f,0f,1.4745f,-0.3122f,-0.4687f,-0.0371f,-0.2753f,-1.6706f,-0.9375f,0f,0f,0f,1f],start_interpolation: 0,interpolation_duration: 1}